9.999907e-01 -2.617115e-03 -3.436372e-03 -4.362198e-05 2.609796e-03 9.999943e-01 -2.132713e-03 -5.425536e-03 3.441935e-03 2.123725e-03 9.999918e-01 6.796743e-01
9.999686e-01 -1.375270e-03 -7.803209e-03 -3.398287e-03 1.343607e-03 9.999908e-01 -4.061412e-03 -2.482067e-03 7.808723e-03 4.050800e-03 9.999613e-01 1.375866e+00
9.999331e-01 -1.116097e-03 -1.150876e-02 -2.336437e-02 1.055504e-03 9.999856e-01 -5.269701e-03 -1.186350e-02 1.151447e-02 5.257201e-03 9.999199e-01 2.092185e+00
9.998636e-01 3.858403e-04 -1.651005e-02 -4.269161e-02 -4.840123e-04 9.999822e-01 -5.942612e-03 -1.856358e-02 1.650746e-02 5.949793e-03 9.998460e-01 2.823032e+00
9.997711e-01 -8.059486e-04 -2.137781e-02 -5.490150e-02 6.698694e-04 9.999795e-01 -6.371838e-03 -2.653694e-02 2.138250e-02 6.356059e-03 9.997512e-01 3.571206e+00
9.996686e-01 9.979394e-04 -2.572350e-02 -9.027527e-02 -1.197847e-03 9.999692e-01 -7.757177e-03 -3.343241e-02 2.571496e-02 7.785419e-03 9.996390e-01 4.339519e+00
9.995225e-01 3.631279e-03 -3.068594e-02 -1.238874e-01 -3.913794e-03 9.999505e-01 -9.151607e-03 -2.833575e-02 3.065119e-02 9.267335e-03 9.994872e-01 5.114826e+00
9.993839e-01 3.740627e-03 -3.489760e-02 -1.623854e-01 -4.014229e-03 9.999617e-01 -7.773375e-03 -2.965678e-02 3.486719e-02 7.908673e-03 9.993607e-01 5.899169e+00
9.991874e-01 2.869813e-03 -4.020362e-02 -1.805096e-01 -3.065806e-03 9.999837e-01 -4.814207e-03 -4.668996e-02 4.018915e-02 4.933551e-03 9.991799e-01 6.713428e+00
9.990237e-01 2.432292e-03 -4.411094e-02 -2.131561e-01 -2.539196e-03 9.999940e-01 -2.367671e-03 -5.333811e-02 4.410492e-02 2.477366e-03 9.990238e-01 7.535367e+00
9.988706e-01 3.959079e-03 -4.734750e-02 -2.498241e-01 -4.117445e-03 9.999862e-01 -3.247711e-03 -5.953359e-02 4.733399e-02 3.438994e-03 9.988732e-01 8.357053e+00
9.987373e-01 3.532469e-03 -5.011384e-02 -2.847889e-01 -3.755081e-03 9.999835e-01 -4.348668e-03 -5.487413e-02 5.009765e-02 4.531359e-03 9.987340e-01 9.187238e+00
9.986586e-01 6.439401e-04 -5.177467e-02 -3.364838e-01 -9.334508e-04 9.999841e-01 -5.567758e-03 -5.732941e-02 5.177026e-02 5.608618e-03 9.986433e-01 1.002176e+01
9.985336e-01 6.272060e-04 -5.413166e-02 -3.779577e-01 -8.938579e-04 9.999876e-01 -4.901917e-03 -6.807286e-02 5.412791e-02 4.943115e-03 9.985218e-01 1.086866e+01
9.984812e-01 -2.482275e-04 -5.509303e-02 -4.380530e-01 -7.286930e-05 9.999830e-01 -5.826179e-03 -7.631934e-02 5.509354e-02 5.821345e-03 9.984642e-01 1.172173e+01
9.984338e-01 1.852631e-03 -5.591571e-02 -5.411711e-01 -2.268487e-03 9.999702e-01 -7.374646e-03 -1.069767e-01 5.590038e-02 7.489940e-03 9.984083e-01 1.261442e+01
9.983372e-01 2.216325e-03 -5.760221e-02 -5.922806e-01 -2.789094e-03 9.999474e-01 -9.865026e-03 -1.212264e-01 5.757732e-02 1.000928e-02 9.982909e-01 1.347619e+01
9.982424e-01 6.608892e-03 -5.889344e-02 -6.673759e-01 -7.262660e-03 9.999143e-01 -1.089375e-02 -1.466167e-01 5.881640e-02 1.130233e-02 9.982048e-01 1.434592e+01
9.981752e-01 7.241289e-03 -5.994779e-02 -7.280194e-01 -7.903328e-03 9.999103e-01 -1.081385e-02 -1.557191e-01 5.986411e-02 1.126791e-02 9.981429e-01 1.523818e+01
9.981658e-01 6.770912e-03 -6.016024e-02 -8.135760e-01 -7.314512e-03 9.999343e-01 -8.820244e-03 -1.836860e-01 6.009657e-02 9.244108e-03 9.981498e-01 1.612951e+01
9.981048e-01 7.901421e-03 -6.102807e-02 -8.835563e-01 -8.369993e-03 9.999374e-01 -7.426147e-03 -2.003572e-01 6.096558e-02 7.922878e-03 9.981084e-01 1.702859e+01
9.980608e-01 7.650339e-03 -6.177485e-02 -9.483378e-01 -8.156204e-03 9.999352e-01 -7.940846e-03 -2.062585e-01 6.171010e-02 8.429295e-03 9.980585e-01 1.793856e+01
9.979889e-01 7.398149e-03 -6.295616e-02 -1.016879e+00 -8.005308e-03 9.999238e-01 -9.397380e-03 -2.118276e-01 6.288184e-02 9.882464e-03 9.979720e-01 1.883753e+01
9.979872e-01 5.747595e-03 -6.315426e-02 -1.099578e+00 -6.495596e-03 9.999111e-01 -1.164510e-02 -2.029694e-01 6.308171e-02 1.203189e-02 9.979358e-01 1.974533e+01
9.979657e-01 5.932174e-03 -6.347632e-02 -1.162594e+00 -6.559768e-03 9.999316e-01 -9.683227e-03 -2.282411e-01 6.341453e-02 1.007992e-02 9.979364e-01 2.066302e+01
9.979194e-01 7.469988e-03 -6.403965e-02 -1.209470e+00 -7.934163e-03 9.999440e-01 -6.996995e-03 -2.347916e-01 6.398380e-02 7.490538e-03 9.979228e-01 2.158485e+01
9.979250e-01 8.381892e-03 -6.383860e-02 -1.263920e+00 -8.622167e-03 9.999567e-01 -3.489225e-03 -2.474170e-01 6.380659e-02 4.032412e-03 9.979541e-01 2.252741e+01
9.980645e-01 7.573533e-03 -6.172431e-02 -1.343299e+00 -7.772293e-03 9.999654e-01 -2.980667e-03 -2.245372e-01 6.169960e-02 3.454638e-03 9.980888e-01 2.346863e+01
9.981472e-01 7.758339e-03 -6.034803e-02 -1.404357e+00 -7.894144e-03 9.999668e-01 -2.012281e-03 -2.422963e-01 6.033042e-02 2.484949e-03 9.981754e-01 2.441289e+01
9.981899e-01 8.426543e-03 -5.954677e-02 -1.459576e+00 -8.748855e-03 9.999484e-01 -5.154099e-03 -2.501995e-01 5.950027e-02 5.665736e-03 9.982122e-01 2.536031e+01
9.982120e-01 9.195603e-03 -5.906087e-02 -1.512485e+00 -9.810371e-03 9.999006e-01 -1.012755e-02 -2.601193e-01 5.896187e-02 1.068885e-02 9.982030e-01 2.631706e+01
9.982399e-01 8.489530e-03 -5.869517e-02 -1.558453e+00 -9.240573e-03 9.998787e-01 -1.253610e-02 -2.895460e-01 5.858162e-02 1.305641e-02 9.981972e-01 2.727251e+01
9.982768e-01 5.746578e-03 -5.839841e-02 -1.606097e+00 -6.417777e-03 9.999154e-01 -1.131239e-02 -3.150601e-01 5.832846e-02 1.166769e-02 9.982293e-01 2.824065e+01
9.982401e-01 3.836841e-03 -5.917682e-02 -1.648429e+00 -4.199458e-03 9.999732e-01 -6.004536e-03 -3.480618e-01 5.915220e-02 6.242480e-03 9.982295e-01 2.921896e+01
9.981645e-01 -4.399190e-04 -6.055893e-02 -1.694931e+00 2.311018e-04 9.999940e-01 -3.455125e-03 -3.542718e-01 6.056009e-02 3.434788e-03 9.981586e-01 3.019583e+01
9.980662e-01 -7.070060e-03 -6.175652e-02 -1.745417e+00 6.725584e-03 9.999607e-01 -5.784059e-03 -3.524453e-01 6.179498e-02 5.357525e-03 9.980745e-01 3.117544e+01
9.978890e-01 -8.529790e-03 -6.438034e-02 -1.777810e+00 7.894960e-03 9.999177e-01 -1.010858e-02 -3.645805e-01 6.446127e-02 9.578965e-03 9.978742e-01 3.215917e+01
9.977674e-01 -7.819088e-03 -6.632498e-02 -1.837263e+00 6.907632e-03 9.998787e-01 -1.396050e-02 -3.872964e-01 6.642609e-02 1.347118e-02 9.977004e-01 3.314723e+01
9.977294e-01 -6.192620e-03 -6.706423e-02 -1.938013e+00 5.227451e-03 9.998804e-01 -1.455765e-02 -4.125155e-01 6.714636e-02 1.417402e-02 9.976425e-01 3.411204e+01
9.976326e-01 -6.023627e-03 -6.850430e-02 -1.994573e+00 5.125152e-03 9.998986e-01 -1.328379e-02 -4.332676e-01 6.857737e-02 1.290125e-02 9.975624e-01 3.510535e+01
9.975592e-01 -2.298098e-03 -6.978802e-02 -2.071366e+00 1.519536e-03 9.999360e-01 -1.120713e-02 -4.476093e-01 6.980931e-02 1.107373e-02 9.974989e-01 3.610251e+01
9.974479e-01 -1.299609e-03 -7.138602e-02 -2.146539e+00 5.083864e-04 9.999383e-01 -1.110077e-02 -4.372482e-01 7.139604e-02 1.103615e-02 9.973870e-01 3.708213e+01
9.973453e-01 -3.589747e-04 -7.281690e-02 -2.215027e+00 -2.648324e-04 9.999634e-01 -8.556954e-03 -4.538621e-01 7.281730e-02 8.553522e-03 9.973086e-01 3.806963e+01
9.972969e-01 -1.117776e-03 -7.346848e-02 -2.277228e+00 6.924047e-04 9.999829e-01 -5.815063e-03 -4.716484e-01 7.347372e-02 5.748475e-03 9.972806e-01 3.905582e+01
9.972078e-01 4.059100e-03 -7.456600e-02 -2.352576e+00 -4.372415e-03 9.999823e-01 -4.039086e-03 -4.700183e-01 7.454828e-02 4.353842e-03 9.972079e-01 4.005979e+01
9.971561e-01 3.992281e-03 -7.525745e-02 -2.426677e+00 -4.354161e-03 9.999797e-01 -4.645092e-03 -4.856234e-01 7.523738e-02 4.959565e-03 9.971533e-01 4.105658e+01
9.971301e-01 4.290638e-03 -7.558521e-02 -2.499122e+00 -4.858504e-03 9.999613e-01 -7.330646e-03 -4.873007e-01 7.555083e-02 7.676839e-03 9.971124e-01 4.205706e+01
9.970319e-01 5.496898e-03 -7.679320e-02 -2.560446e+00 -6.122972e-03 9.999499e-01 -7.919667e-03 -5.341679e-01 7.674581e-02 8.366363e-03 9.970156e-01 4.305736e+01
9.969325e-01 1.508470e-02 -7.679895e-02 -2.683275e+00 -1.583639e-02 9.998324e-01 -9.188148e-03 -4.911418e-01 7.664748e-02 1.037618e-02 9.970043e-01 4.441318e+01
9.968452e-01 1.331840e-02 -7.824459e-02 -2.755450e+00 -1.401136e-02 9.998673e-01 -8.313980e-03 -5.101813e-01 7.812347e-02 9.384064e-03 9.968995e-01 4.541361e+01
9.967037e-01 1.369963e-02 -7.996244e-02 -2.825046e+00 -1.436683e-02 9.998666e-01 -7.774550e-03 -5.240626e-01 7.984527e-02 8.897730e-03 9.967676e-01 4.641288e+01
9.965366e-01 1.589957e-02 -8.162123e-02 -2.879490e+00 -1.691992e-02 9.997869e-01 -1.182458e-02 -5.366102e-01 8.141583e-02 1.316465e-02 9.965933e-01 4.739402e+01
9.963781e-01 1.682553e-02 -8.335190e-02 -2.944956e+00 -1.812934e-02 9.997245e-01 -1.491006e-02 -5.811131e-01 8.307806e-02 1.636717e-02 9.964086e-01 4.834741e+01
9.963271e-01 1.806939e-02 -8.370050e-02 -3.037963e+00 -1.947131e-02 9.996830e-01 -1.596323e-02 -6.086929e-01 8.338551e-02 1.753436e-02 9.963631e-01 4.930322e+01
9.963250e-01 1.658291e-02 -8.403265e-02 -3.119156e+00 -1.770594e-02 9.997634e-01 -1.263666e-02 -6.365486e-01 8.380321e-02 1.407810e-02 9.963829e-01 5.030270e+01
9.962458e-01 1.470437e-02 -8.531212e-02 -3.178035e+00 -1.563750e-02 9.998249e-01 -1.027992e-02 -6.559234e-01 8.514602e-02 1.157539e-02 9.963012e-01 5.128475e+01
9.962379e-01 1.302732e-02 -8.567531e-02 -3.259198e+00 -1.393739e-02 9.998525e-01 -1.003273e-02 -6.777762e-01 8.553198e-02 1.118908e-02 9.962726e-01 5.224466e+01
9.962871e-01 9.784247e-03 -8.553527e-02 -3.350019e+00 -1.083235e-02 9.998717e-01 -1.179794e-02 -6.963492e-01 8.540886e-02 1.268069e-02 9.962653e-01 5.319368e+01
9.962905e-01 7.202218e-03 -8.575182e-02 -3.440103e+00 -8.330594e-03 9.998833e-01 -1.280805e-02 -7.309243e-01 8.564956e-02 1.347491e-02 9.962342e-01 5.415661e+01
9.961725e-01 5.927197e-03 -8.720811e-02 -3.516414e+00 -6.999311e-03 9.999036e-01 -1.199310e-02 -7.521915e-01 8.712861e-02 1.255759e-02 9.961179e-01 5.510481e+01
9.960635e-01 2.521710e-03 -8.860643e-02 -3.592500e+00 -3.264271e-03 9.999608e-01 -8.236536e-03 -7.724855e-01 8.858218e-02 8.493348e-03 9.960327e-01 5.605853e+01
9.959087e-01 6.284139e-04 -9.036274e-02 -3.653959e+00 -1.025296e-03 9.999900e-01 -4.345750e-03 -7.774342e-01 9.035911e-02 4.420619e-03 9.958994e-01 5.701032e+01
9.958430e-01 1.749562e-03 -9.106950e-02 -3.743188e+00 -1.947743e-03 9.999959e-01 -2.087311e-03 -7.984458e-01 9.106547e-02 2.256014e-03 9.958424e-01 5.795290e+01
9.956944e-01 2.877829e-03 -9.265240e-02 -3.833544e+00 -3.388738e-03 9.999799e-01 -5.357402e-03 -8.283247e-01 9.263512e-02 5.648310e-03 9.956841e-01 5.888036e+01
9.955707e-01 5.019270e-03 -9.388130e-02 -3.927687e+00 -6.264724e-03 9.998962e-01 -1.297625e-02 -8.490992e-01 9.380642e-02 1.350691e-02 9.954988e-01 5.979309e+01
9.954436e-01 6.584961e-03 -9.512477e-02 -4.013997e+00 -8.327063e-03 9.998046e-01 -1.792852e-02 -8.650166e-01 9.498812e-02 1.863894e-02 9.953039e-01 6.070664e+01
9.952515e-01 1.102309e-02 -9.671047e-02 -4.103509e+00 -1.268945e-02 9.997811e-01 -1.663227e-02 -8.906112e-01 9.650597e-02 1.778049e-02 9.951736e-01 6.160916e+01
9.955410e-01 1.741827e-02 -9.270732e-02 -4.417938e+00 -1.856531e-02 9.997612e-01 -1.152459e-02 -1.045102e+00 9.248445e-02 1.319434e-02 9.956267e-01 6.260534e+01
9.953910e-01 1.956962e-02 -9.388174e-02 -4.508816e+00 -2.057911e-02 9.997402e-01 -9.796555e-03 -1.072511e+00 9.366564e-02 1.168341e-02 9.955352e-01 6.347624e+01
9.952603e-01 2.008821e-02 -9.514960e-02 -4.596907e+00 -2.114434e-02 9.997254e-01 -1.010440e-02 -1.091016e+00 9.492049e-02 1.206839e-02 9.954117e-01 6.431482e+01
9.950344e-01 2.166444e-02 -9.714510e-02 -4.671481e+00 -2.269620e-02 9.996970e-01 -9.528304e-03 -1.104663e+00 9.690924e-02 1.168581e-02 9.952246e-01 6.517250e+01
9.948402e-01 2.191153e-02 -9.905953e-02 -4.736404e+00 -2.289630e-02 9.996990e-01 -8.815184e-03 -1.126488e+00 9.883656e-02 1.103780e-02 9.950425e-01 6.599587e+01
9.947204e-01 2.159370e-02 -1.003243e-01 -4.837221e+00 -2.260427e-02 9.997045e-01 -8.947103e-03 -1.128683e+00 1.001014e-01 1.116762e-02 9.949146e-01 6.680492e+01
9.947253e-01 2.055426e-02 -1.004941e-01 -4.990603e+00 -2.151468e-02 9.997325e-01 -8.482432e-03 -1.129051e+00 1.002928e-01 1.059979e-02 9.949015e-01 6.766687e+01
9.943965e-01 2.255210e-02 -1.032812e-01 -5.023364e+00 -2.333383e-02 9.997075e-01 -6.366813e-03 -1.119034e+00 1.031074e-01 8.741082e-03 9.946318e-01 6.842571e+01
9.941820e-01 2.428952e-02 -1.049388e-01 -5.106177e+00 -2.464885e-02 9.996939e-01 -2.128518e-03 -1.140479e+00 1.048550e-01 4.702755e-03 9.944764e-01 6.921000e+01
9.938620e-01 2.767643e-02 -1.071087e-01 -5.182014e+00 -2.781461e-02 9.996131e-01 2.038477e-04 -1.168536e+00 1.070729e-01 2.776591e-03 9.942473e-01 6.998404e+01
9.936334e-01 3.060802e-02 -1.084247e-01 -5.280260e+00 -3.113511e-02 9.995102e-01 -3.171382e-03 -1.195849e+00 1.082745e-01 6.527005e-03 9.940996e-01 7.073783e+01
9.934904e-01 3.143658e-02 -1.094924e-01 -5.370514e+00 -3.269190e-02 9.994185e-01 -9.688260e-03 -1.232406e+00 1.091242e-01 1.320471e-02 9.939404e-01 7.145918e+01
9.933802e-01 3.097531e-02 -1.106180e-01 -5.468953e+00 -3.293887e-02 9.993298e-01 -1.596724e-02 -1.238570e+00 1.100493e-01 1.950518e-02 9.937347e-01 7.218497e+01
9.933275e-01 3.181620e-02 -1.108522e-01 -5.562188e+00 -3.396030e-02 9.992698e-01 -1.750740e-02 -1.242737e+00 1.102143e-01 2.115516e-02 9.936827e-01 7.288450e+01
9.928752e-01 3.408384e-02 -1.141806e-01 -5.588264e+00 -3.589640e-02 9.992595e-01 -1.385565e-02 -1.263243e+00 1.136238e-01 1.785560e-02 9.933634e-01 7.357607e+01
9.922996e-01 3.387479e-02 -1.191383e-01 -5.589277e+00 -3.554001e-02 9.992976e-01 -1.187988e-02 -1.287166e+00 1.186522e-01 1.602258e-02 9.928066e-01 7.425199e+01
9.922122e-01 3.089156e-02 -1.206679e-01 -5.655327e+00 -3.300336e-02 9.993344e-01 -1.554130e-02 -1.309930e+00 1.201075e-01 1.940271e-02 9.925713e-01 7.489217e+01
9.921739e-01 2.307558e-02 -1.227130e-01 -5.674597e+00 -2.583669e-02 9.994465e-01 -2.095686e-02 -1.348606e+00 1.221615e-01 2.396335e-02 9.922209e-01 7.551599e+01
9.922662e-01 1.968154e-02 -1.225579e-01 -5.726877e+00 -2.301643e-02 9.994007e-01 -2.585459e-02 -1.374739e+00 1.219756e-01 2.847548e-02 9.921245e-01 7.611732e+01
9.925815e-01 2.253915e-02 -1.194739e-01 -5.806621e+00 -2.579511e-02 9.993349e-01 -2.577625e-02 -1.395730e+00 1.188134e-01 2.866687e-02 9.925027e-01 7.670790e+01
9.929001e-01 2.741378e-02 -1.157491e-01 -5.880152e+00 -3.015456e-02 9.993032e-01 -2.199400e-02 -1.422650e+00 1.150655e-01 2.532820e-02 9.930350e-01 7.728461e+01
9.932559e-01 2.573439e-02 -1.130510e-01 -5.904996e+00 -2.806935e-02 9.994233e-01 -1.911081e-02 -1.444419e+00 1.124940e-01 2.215519e-02 9.934054e-01 7.785686e+01
9.938705e-01 2.054974e-02 -1.086240e-01 -5.942869e+00 -2.240447e-02 9.996228e-01 -1.588189e-02 -1.447669e+00 1.082566e-01 1.821820e-02 9.939560e-01 7.842470e+01
9.947526e-01 1.588817e-02 -1.010682e-01 -5.979507e+00 -1.726772e-02 9.997691e-01 -1.278947e-02 -1.470383e+00 1.008416e-01 1.446758e-02 9.947973e-01 7.896282e+01
9.956440e-01 1.984423e-02 -9.110062e-02 -6.013906e+00 -2.110298e-02 9.996944e-01 -1.287472e-02 -1.481620e+00 9.081729e-02 1.474113e-02 9.957585e-01 7.948860e+01
9.968289e-01 2.526535e-02 -7.545674e-02 -6.069316e+00 -2.633188e-02 9.995665e-01 -1.317293e-02 -1.489001e+00 7.509121e-02 1.511807e-02 9.970621e-01 7.998655e+01
9.978831e-01 3.059151e-02 -5.738921e-02 -6.102467e+00 -3.132546e-02 9.994380e-01 -1.193312e-02 -1.503994e+00 5.699190e-02 1.370561e-02 9.982806e-01 8.047678e+01
9.989692e-01 2.918682e-02 -3.476703e-02 -6.114924e+00 -2.958490e-02 9.995018e-01 -1.099089e-02 -1.519920e+00 3.442892e-02 1.200813e-02 9.993350e-01 8.095983e+01
9.996239e-01 2.613320e-02 -8.310232e-03 -6.103129e+00 -2.621589e-02 9.996063e-01 -1.000195e-02 -1.532361e+00 8.045577e-03 1.021605e-02 9.999154e-01 8.142484e+01
9.994381e-01 2.522897e-02 2.206549e-02 -6.087780e+00 -2.505528e-02 9.996531e-01 -8.113199e-03 -1.548321e+00 -2.226253e-02 7.555783e-03 9.997236e-01 8.188483e+01
9.981507e-01 2.539457e-02 5.522947e-02 -6.044602e+00 -2.502560e-02 9.996597e-01 -7.362119e-03 -1.545710e+00 -5.539764e-02 5.966354e-03 9.984465e-01 8.233933e+01
9.953110e-01 2.586687e-02 9.320336e-02 -5.984186e+00 -2.540824e-02 9.996585e-01 -6.104263e-03 -1.567569e+00 -9.332943e-02 3.707507e-03 9.956284e-01 8.279171e+01
9.905030e-01 2.622715e-02 1.349664e-01 -5.897403e+00 -2.566094e-02 9.996531e-01 -5.933418e-03 -1.575790e+00 -1.350752e-01 2.413705e-03 9.908324e-01 8.323006e+01
9.832627e-01 2.639485e-02 1.802715e-01 -5.784469e+00 -2.537411e-02 9.996463e-01 -7.966319e-03 -1.553374e+00 -1.804180e-01 3.258755e-03 9.835846e-01 8.366690e+01
9.728120e-01 2.816074e-02 2.298778e-01 -5.663395e+00 -2.675919e-02 9.995995e-01 -9.212717e-03 -1.580244e+00 -2.300452e-01 2.810896e-03 9.731759e-01 8.408076e+01
9.587009e-01 2.848257e-02 2.829866e-01 -5.509370e+00 -2.576822e-02 9.995793e-01 -1.331008e-02 -1.568756e+00 -2.832467e-01 5.468328e-03 9.590315e-01 8.446992e+01
9.372527e-01 2.876798e-02 3.474620e-01 -5.368705e+00 -2.191290e-02 9.994803e-01 -2.364318e-02 -1.464528e+00 -3.479616e-01 1.454574e-02 9.373959e-01 8.501531e+01
9.140429e-01 2.786413e-02 4.046592e-01 -5.155881e+00 -1.982945e-02 9.995145e-01 -2.403413e-02 -1.490845e+00 -4.051325e-01 1.394406e-02 9.141517e-01 8.538530e+01
8.831911e-01 2.697060e-02 4.682371e-01 -4.957773e+00 -1.634189e-02 9.995086e-01 -2.674784e-02 -1.483711e+00 -4.687285e-01 1.597157e-02 8.831979e-01 8.583141e+01
8.484906e-01 2.632791e-02 5.285552e-01 -4.715060e+00 -1.223421e-02 9.994707e-01 -3.014513e-02 -1.447411e+00 -5.290691e-01 1.911141e-02 8.483635e-01 8.620665e+01
8.112517e-01 2.691077e-02 5.840774e-01 -4.474591e+00 -1.085772e-02 9.994614e-01 -3.096838e-02 -1.454219e+00 -5.845962e-01 1.878141e-02 8.111070e-01 8.650317e+01
7.718080e-01 2.664999e-02 6.352970e-01 -4.202503e+00 -8.394869e-03 9.994613e-01 -3.172753e-02 -1.424353e+00 -6.358003e-01 1.915433e-02 7.716159e-01 8.676253e+01
7.239445e-01 2.959846e-02 6.892230e-01 -3.950718e+00 -1.308537e-02 9.994886e-01 -2.917814e-02 -1.480948e+00 -6.897341e-01 1.210462e-02 7.239616e-01 8.712432e+01
6.704839e-01 3.001419e-02 7.413167e-01 -3.670155e+00 -1.089995e-02 9.994720e-01 -3.060784e-02 -1.456454e+00 -7.418440e-01 1.244174e-02 6.704570e-01 8.752463e+01
6.229849e-01 2.732133e-02 7.817566e-01 -3.362862e+00 -8.632859e-03 9.995691e-01 -2.805402e-02 -1.486493e+00 -7.821862e-01 1.072844e-02 6.229524e-01 8.771997e+01
5.732152e-01 2.079134e-02 8.191410e-01 -3.038352e+00 -1.177265e-03 9.996979e-01 -2.455039e-02 -1.468253e+00 -8.194040e-01 1.310831e-02 5.730665e-01 8.794591e+01
5.250322e-01 2.485633e-02 8.507193e-01 -2.705085e+00 -9.747212e-04 9.995903e-01 -2.860448e-02 -1.463875e+00 -8.510818e-01 1.418906e-02 5.248413e-01 8.812223e+01
4.767521e-01 3.029992e-02 8.785154e-01 -2.363891e+00 -3.062156e-03 9.994569e-01 -3.280941e-02 -1.489089e+00 -8.790325e-01 1.295181e-02 4.765860e-01 8.828389e+01
4.299193e-01 3.224414e-02 9.022914e-01 -2.036030e+00 -3.737877e-03 9.994171e-01 -3.393400e-02 -1.530144e+00 -9.028596e-01 1.121623e-02 4.297892e-01 8.842322e+01
3.845540e-01 2.605953e-02 9.227346e-01 -1.676906e+00 5.527296e-04 9.995948e-01 -2.846054e-02 -1.531537e+00 -9.231023e-01 1.145464e-02 3.843838e-01 8.856801e+01
3.391581e-01 1.366312e-02 9.406302e-01 -1.247924e+00 2.054580e-02 9.995484e-01 -2.192702e-02 -1.318429e+00 -9.405050e-01 2.676272e-02 3.387242e-01 8.874916e+01
3.009946e-01 1.302761e-02 9.535368e-01 -7.800340e-01 5.077933e-02 9.982691e-01 -2.966783e-02 -9.096926e-01 -9.522729e-01 5.734982e-02 2.998121e-01 8.889194e+01
2.604412e-01 1.786513e-02 9.653244e-01 -3.955375e-01 5.923487e-02 9.976496e-01 -3.444473e-02 -8.556137e-01 -9.636709e-01 6.615169e-02 2.587708e-01 8.909532e+01
2.411952e-01 3.189917e-02 9.699522e-01 7.693530e-02 6.137288e-02 9.969577e-01 -4.804873e-02 -8.663667e-01 -9.685341e-01 7.111789e-02 2.385037e-01 8.900276e+01
2.129661e-01 3.802054e-02 9.763196e-01 5.538490e-01 6.383201e-02 9.965665e-01 -5.273278e-02 -8.869342e-01 -9.749723e-01 7.355073e-02 2.098080e-01 8.907582e+01
1.770299e-01 3.962302e-02 9.834076e-01 1.003767e+00 6.606482e-02 9.964573e-01 -5.204159e-02 -9.268263e-01 -9.819857e-01 7.418156e-02 1.737850e-01 8.926509e+01
1.529352e-01 3.427924e-02 9.876415e-01 1.420312e+00 6.996866e-02 9.965145e-01 -4.542178e-02 -9.519823e-01 -9.857562e-01 7.605055e-02 1.500037e-01 8.930064e+01
1.222543e-01 2.800049e-02 9.921038e-01 1.866337e+00 6.671096e-02 9.971095e-01 -3.636238e-02 -1.131223e+00 -9.902543e-01 7.062965e-02 1.200330e-01 8.945139e+01
1.028860e-01 2.902766e-02 9.942695e-01 2.335488e+00 7.437034e-02 9.965518e-01 -3.679006e-02 -1.119932e+00 -9.919090e-01 7.772934e-02 1.003724e-01 8.947753e+01
8.697581e-02 3.289059e-02 9.956673e-01 2.919002e+00 7.393847e-02 9.964851e-01 -3.937644e-02 -1.138685e+00 -9.934628e-01 7.704292e-02 8.423823e-02 8.951954e+01
7.137133e-02 3.599792e-02 9.968000e-01 3.459967e+00 6.906955e-02 9.967714e-01 -4.094230e-02 -1.180754e+00 -9.950555e-01 7.177064e-02 6.865453e-02 8.955636e+01
5.640413e-02 3.472164e-02 9.978041e-01 3.937205e+00 6.576655e-02 9.970953e-01 -3.841464e-02 -1.195463e+00 -9.962396e-01 6.778888e-02 5.395677e-02 8.957794e+01
4.226126e-02 3.302687e-02 9.985606e-01 4.482784e+00 6.384515e-02 9.973215e-01 -3.568795e-02 -1.216562e+00 -9.970646e-01 6.526147e-02 4.003946e-02 8.963294e+01
3.160201e-02 2.835502e-02 9.990982e-01 5.079534e+00 6.282859e-02 9.975643e-01 -3.029879e-02 -1.231989e+00 -9.975239e-01 6.372944e-02 2.974353e-02 8.964255e+01
2.219076e-02 2.686567e-02 9.993927e-01 5.553016e+00 6.325966e-02 9.975980e-01 -2.822206e-02 -1.269491e+00 -9.977504e-01 6.384751e-02 2.043794e-02 8.959875e+01
1.522753e-02 2.793668e-02 9.994937e-01 6.046249e+00 6.329065e-02 9.975781e-01 -2.884738e-02 -1.304609e+00 -9.978790e-01 6.369788e-02 1.342252e-02 8.953943e+01
9.665843e-03 2.648927e-02 9.996024e-01 6.661466e+00 6.372135e-02 9.976010e-01 -2.705240e-02 -1.325472e+00 -9.979209e-01 6.395750e-02 7.954723e-03 8.953751e+01
4.391334e-03 2.479905e-02 9.996828e-01 7.232928e+00 6.516380e-02 9.975605e-01 -2.503265e-02 -1.328485e+00 -9.978649e-01 6.525306e-02 2.764621e-03 8.952435e+01
8.966095e-04 4.086998e-03 9.999912e-01 7.846754e+00 7.315015e-02 9.973123e-01 -4.141637e-03 -9.403090e-01 -9.973205e-01 7.315323e-02 5.952352e-04 8.947841e+01
-4.406128e-03 3.847245e-03 9.999829e-01 8.579536e+00 7.335914e-02 9.972994e-01 -3.513686e-03 -9.715779e-01 -9.972959e-01 7.334240e-02 -4.676460e-03 8.952574e+01
-8.784206e-03 4.991869e-03 9.999490e-01 9.443216e+00 7.288360e-02 9.973310e-01 -4.338543e-03 -1.045892e+00 -9.973018e-01 7.284177e-02 -9.124586e-03 8.960111e+01
-1.182084e-02 4.531397e-03 9.999199e-01 1.008382e+01 7.256675e-02 9.973568e-01 -3.661914e-03 -1.047911e+00 -9.972935e-01 7.251765e-02 -1.211843e-02 8.959209e+01
-1.464669e-02 2.893797e-03 9.998885e-01 1.071355e+01 7.184196e-02 9.974143e-01 -1.834273e-03 -1.057008e+00 -9.973085e-01 7.180708e-02 -1.481671e-02 8.958951e+01
-1.538930e-02 -1.023409e-03 9.998811e-01 1.134348e+01 7.129776e-02 9.974528e-01 2.118277e-03 -1.071187e+00 -9.973364e-01 7.132188e-02 -1.527713e-02 8.955078e+01
-1.449266e-02 -4.986279e-03 9.998825e-01 1.201545e+01 7.094702e-02 9.974620e-01 6.002540e-03 -1.069720e+00 -9.973748e-01 7.102568e-02 -1.410211e-02 8.953307e+01
-1.183032e-02 -6.541928e-03 9.999086e-01 1.270806e+01 7.125929e-02 9.974306e-01 7.368813e-03 -1.059957e+00 -9.973877e-01 7.133995e-02 -1.133375e-02 8.951947e+01
-7.672708e-03 -9.247942e-03 9.999278e-01 1.344076e+01 7.172845e-02 9.973763e-01 9.774735e-03 -1.050094e+00 -9.973947e-01 7.179827e-02 -6.989237e-03 8.950538e+01
-3.722016e-03 -1.032123e-02 9.999398e-01 1.418090e+01 7.122045e-02 9.974047e-01 1.056017e-02 -1.046905e+00 -9.974537e-01 7.125547e-02 -2.977274e-03 8.951529e+01
1.877890e-04 -1.257632e-02 9.999209e-01 1.493545e+01 6.976240e-02 9.974849e-01 1.253258e-02 -1.037676e+00 -9.975636e-01 6.975453e-02 1.064671e-03 8.951691e+01
4.582219e-03 -1.282969e-02 9.999072e-01 1.569109e+01 6.878335e-02 9.975535e-01 1.248428e-02 -1.018984e+00 -9.976211e-01 6.871976e-02 5.453478e-03 8.951392e+01
9.081253e-03 -9.605361e-03 9.999126e-01 1.645522e+01 6.657622e-02 9.977409e-01 8.979851e-03 -1.020764e+00 -9.977400e-01 6.648886e-02 9.700227e-03 8.952025e+01
1.294947e-02 -9.247879e-03 9.998734e-01 1.725309e+01 6.619872e-02 9.977713e-01 8.371090e-03 -1.004912e+00 -9.977224e-01 6.608194e-02 1.353281e-02 8.954425e+01
1.730857e-02 -6.768677e-03 9.998273e-01 1.805063e+01 6.717798e-02 9.977253e-01 5.591491e-03 -1.003417e+00 -9.975909e-01 6.706960e-02 1.772391e-02 8.956259e+01
2.050253e-02 -4.318539e-03 9.997805e-01 1.887298e+01 7.055000e-02 9.975041e-01 2.861936e-03 -1.030120e+00 -9.972975e-01 7.047584e-02 2.075603e-02 8.959955e+01
2.289409e-02 1.408208e-03 9.997369e-01 1.967768e+01 7.563161e-02 9.971309e-01 -3.136510e-03 -1.028767e+00 -9.968730e-01 7.568352e-02 2.272190e-02 8.961801e+01
2.345172e-02 4.784272e-03 9.997135e-01 2.049225e+01 7.908765e-02 9.968456e-01 -6.625820e-03 -1.030684e+00 -9.965918e-01 7.922038e-02 2.299936e-02 8.963754e+01
2.379704e-02 7.094896e-03 9.996916e-01 2.131297e+01 7.905325e-02 9.968302e-01 -8.956402e-03 -1.033829e+00 -9.965863e-01 7.924201e-02 2.316074e-02 8.966852e+01
2.454726e-02 9.629204e-03 9.996523e-01 2.213994e+01 7.701366e-02 9.969638e-01 -1.149444e-02 -1.052006e+00 -9.967278e-01 7.726904e-02 2.373114e-02 8.968866e+01
2.436902e-02 8.457594e-03 9.996673e-01 2.296409e+01 7.582523e-02 9.970681e-01 -1.028401e-02 -1.073012e+00 -9.968233e-01 7.605061e-02 2.365628e-02 8.971091e+01
2.476977e-02 1.114329e-02 9.996311e-01 2.377984e+01 7.503188e-02 9.970967e-01 -1.297425e-02 -1.094531e+00 -9.968735e-01 7.532557e-02 2.386175e-02 8.974677e+01
2.503467e-02 1.231226e-02 9.996108e-01 2.460361e+01 7.542237e-02 9.970510e-01 -1.416964e-02 -1.115604e+00 -9.968374e-01 7.574774e-02 2.403222e-02 8.978075e+01
2.492821e-02 1.653406e-02 9.995525e-01 2.543534e+01 7.553457e-02 9.969739e-01 -1.837519e-02 -1.155435e+00 -9.968315e-01 7.595883e-02 2.360388e-02 8.982361e+01
3.202805e-02 2.031896e-02 9.992804e-01 2.626683e+01 8.320343e-02 9.962689e-01 -2.292449e-02 -9.010564e-01 -9.960178e-01 8.387778e-02 3.021794e-02 8.955546e+01
3.382841e-02 3.981956e-03 9.994197e-01 2.704705e+01 8.448924e-02 9.964010e-01 -6.829724e-03 -7.959919e-01 -9.958500e-01 8.467125e-02 3.337023e-02 8.951631e+01
3.016844e-02 7.137446e-03 9.995193e-01 2.785568e+01 8.285243e-02 9.965154e-01 -9.616726e-03 -8.136656e-01 -9.961051e-01 8.310273e-02 2.947196e-02 8.954866e+01
2.529868e-02 9.447775e-03 9.996353e-01 2.866499e+01 8.028650e-02 9.967060e-01 -1.145197e-02 -8.310544e-01 -9.964507e-01 8.054694e-02 2.445682e-02 8.958283e+01
2.579971e-02 1.118785e-02 9.996045e-01 2.949031e+01 7.713479e-02 9.969340e-01 -1.314880e-02 -8.724587e-01 -9.966868e-01 7.744352e-02 2.485764e-02 8.937776e+01
1.851538e-02 1.250081e-02 9.997504e-01 3.028603e+01 7.732728e-02 9.969089e-01 -1.389738e-02 -8.925222e-01 -9.968338e-01 7.756529e-02 1.749149e-02 8.939784e+01
9.461396e-03 1.244457e-02 9.998778e-01 3.115127e+01 7.834060e-02 9.968399e-01 -1.314807e-02 -9.188726e-01 -9.968818e-01 7.845543e-02 8.456582e-03 8.942181e+01
-5.444712e-04 1.315451e-02 9.999133e-01 3.193890e+01 7.889969e-02 9.967969e-01 -1.307054e-02 -9.372293e-01 -9.968824e-01 7.888574e-02 -1.580614e-03 8.942095e+01
-1.050796e-02 1.300405e-02 9.998602e-01 3.273525e+01 7.829077e-02 9.968566e-01 -1.214220e-02 -9.442808e-01 -9.968752e-01 7.815224e-02 -1.149302e-02 8.940311e+01
-2.049525e-02 1.461331e-02 9.996831e-01 3.351517e+01 7.727067e-02 9.969255e-01 -1.298881e-02 -9.646776e-01 -9.967995e-01 7.697998e-02 -2.156142e-02 8.937775e+01
-2.986126e-02 1.486348e-02 9.994435e-01 3.432962e+01 7.650216e-02 9.969905e-01 -1.254128e-02 -9.843742e-01 -9.966222e-01 7.608509e-02 -3.090849e-02 8.929862e+01
-4.018631e-02 1.529756e-02 9.990751e-01 3.510049e+01 7.719436e-02 9.969419e-01 -1.215987e-02 -9.873893e-01 -9.962058e-01 7.663431e-02 -4.124430e-02 8.925121e+01
-4.949775e-02 1.648418e-02 9.986382e-01 3.585873e+01 7.875760e-02 9.968148e-01 -1.255044e-02 -9.849046e-01 -9.956642e-01 7.802913e-02 -5.063835e-02 8.917919e+01
-5.957725e-02 1.864862e-02 9.980495e-01 3.663229e+01 8.234337e-02 9.965098e-01 -1.370447e-02 -9.586418e-01 -9.948217e-01 8.136628e-02 -6.090490e-02 8.912909e+01
-6.963809e-02 1.822726e-02 9.974058e-01 3.740669e+01 8.352397e-02 9.964289e-01 -1.237783e-02 -9.710877e-01 -9.940696e-01 8.244533e-02 -7.091182e-02 8.906603e+01
-7.957965e-02 1.818215e-02 9.966627e-01 3.812896e+01 8.379278e-02 9.964170e-01 -1.148714e-02 -9.983099e-01 -9.933005e-01 8.259900e-02 -8.081805e-02 8.901913e+01
-8.870203e-02 1.848527e-02 9.958867e-01 3.887519e+01 8.448928e-02 9.963640e-01 -1.096881e-02 -1.012311e+00 -9.924684e-01 8.316879e-02 -8.994132e-02 8.893638e+01
-9.832871e-02 1.842700e-02 9.949834e-01 3.960021e+01 8.425007e-02 9.963932e-01 -1.012714e-02 -1.038691e+00 -9.915813e-01 8.283163e-02 -9.952653e-02 8.886730e+01
-1.074421e-01 1.749498e-02 9.940574e-01 4.030800e+01 8.192649e-02 9.966005e-01 -8.684769e-03 -1.084418e+00 -9.908301e-01 8.050653e-02 -1.085101e-01 8.879822e+01
-1.151049e-01 1.664632e-02 9.932139e-01 4.102145e+01 8.138060e-02 9.966566e-01 -7.272718e-03 -1.085275e+00 -9.900142e-01 7.999122e-02 -1.160747e-01 8.872080e+01
-1.198969e-01 1.451657e-02 9.926802e-01 4.173820e+01 7.918542e-02 9.968473e-01 -5.013413e-03 -1.100865e+00 -9.896234e-01 7.800471e-02 -1.206684e-01 8.861665e+01
-1.234743e-01 1.192606e-02 9.922761e-01 4.245422e+01 7.658018e-02 9.970604e-01 -2.454281e-03 -1.123056e+00 -9.893885e-01 7.568564e-02 -1.240246e-01 8.851263e+01
-1.262641e-01 1.099001e-02 9.919358e-01 4.315197e+01 7.612168e-02 9.970976e-01 -1.357623e-03 -1.126591e+00 -9.890717e-01 7.533640e-02 -1.267342e-01 8.843239e+01
-1.286220e-01 1.165403e-02 9.916252e-01 4.386017e+01 7.501720e-02 9.971803e-01 -1.988969e-03 -1.157187e+00 -9.888523e-01 7.413312e-02 -1.291335e-01 8.836356e+01
-1.285322e-01 7.272149e-03 9.916787e-01 4.452274e+01 8.331180e-02 9.965174e-01 3.490472e-03 -9.635029e-01 -9.881997e-01 8.306717e-02 -1.286904e-01 8.826906e+01
-1.276172e-01 6.621181e-03 9.918014e-01 4.515418e+01 8.406582e-02 9.964515e-01 4.164705e-03 -9.769697e-01 -9.882544e-01 8.390809e-02 -1.277210e-01 8.818156e+01
-1.250359e-01 5.643452e-03 9.921362e-01 4.580181e+01 8.568001e-02 9.963095e-01 5.130804e-03 -9.892716e-01 -9.884457e-01 8.564777e-02 -1.250580e-01 8.811240e+01
-1.195379e-01 4.864577e-03 9.928177e-01 4.642909e+01 8.605770e-02 9.962751e-01 5.480058e-03 -1.000252e+00 -9.890929e-01 8.609468e-02 -1.195113e-01 8.803787e+01
-1.120523e-01 5.063418e-03 9.936894e-01 4.702781e+01 8.624717e-02 9.962629e-01 4.649041e-03 -1.024593e+00 -9.899524e-01 8.622383e-02 -1.120703e-01 8.798810e+01
-1.010620e-01 5.283099e-03 9.948661e-01 4.760918e+01 8.625288e-02 9.962672e-01 3.471330e-03 -1.041501e+00 -9.911342e-01 8.616089e-02 -1.011404e-01 8.794398e+01
-8.733211e-02 4.962457e-03 9.961669e-01 4.815625e+01 8.611145e-02 9.962822e-01 2.586201e-03 -1.063422e+00 -9.924505e-01 8.600723e-02 -8.743475e-02 8.790382e+01
-7.057564e-02 4.453188e-03 9.974965e-01 4.869286e+01 8.733742e-02 9.961773e-01 1.732066e-03 -1.080513e+00 -9.936756e-01 8.724101e-02 -7.069478e-02 8.788513e+01
-4.910515e-02 4.248319e-03 9.987846e-01 4.921527e+01 8.993559e-02 9.959476e-01 1.854236e-04 -1.096203e+00 -9.947363e-01 8.983539e-02 -4.928823e-02 8.787462e+01
-2.419712e-02 4.044125e-03 9.996990e-01 4.973159e+01 9.253185e-02 9.957081e-01 -1.788302e-03 -1.116579e+00 -9.954157e-01 9.246073e-02 -2.446748e-02 8.787677e+01
4.689411e-03 2.018751e-03 9.999870e-01 5.024422e+01 9.488622e-02 9.954851e-01 -2.454629e-03 -1.117143e+00 -9.954771e-01 9.489650e-02 4.476687e-03 8.789026e+01
3.907454e-02 4.018004e-04 9.992362e-01 5.076833e+01 9.337189e-02 9.956231e-01 -4.051600e-03 -1.138291e+00 -9.948642e-01 9.345889e-02 3.886600e-02 8.791456e+01
7.761153e-02 -3.268275e-03 9.969783e-01 5.128004e+01 9.082148e-02 9.958599e-01 -3.805549e-03 -1.147908e+00 -9.928383e-01 9.084240e-02 7.758704e-02 8.796727e+01
1.213054e-01 -5.668561e-03 9.925991e-01 5.179153e+01 8.693750e-02 9.962015e-01 -4.935481e-03 -1.157539e+00 -9.888007e-01 8.689278e-02 1.213374e-01 8.803210e+01
1.656334e-01 -7.304186e-03 9.861603e-01 5.230701e+01 8.302109e-02 9.965262e-01 -6.563083e-03 -1.159421e+00 -9.826867e-01 8.295918e-02 1.656644e-01 8.816941e+01
2.153315e-01 -8.274291e-03 9.765059e-01 5.280977e+01 8.558731e-02 9.962761e-01 -1.043124e-02 -1.079496e+00 -9.727832e-01 8.582269e-02 2.152378e-01 8.830744e+01
2.701127e-01 -1.006836e-02 9.627761e-01 5.331655e+01 8.229792e-02 9.965273e-01 -1.266786e-02 -1.102533e+00 -9.593051e-01 8.265621e-02 2.700032e-01 8.843804e+01
3.266314e-01 -1.502345e-02 9.450324e-01 5.381344e+01 8.229856e-02 9.965280e-01 -1.260274e-02 -1.117098e+00 -9.415619e-01 8.189126e-02 3.267337e-01 8.861861e+01
3.882136e-01 -2.448147e-02 9.212442e-01 5.428071e+01 9.691279e-02 9.951888e-01 -1.439268e-02 -9.756534e-01 -9.164596e-01 9.486778e-02 3.887184e-01 8.879207e+01
4.527936e-01 -3.400087e-02 8.909668e-01 5.475217e+01 9.963036e-02 9.949439e-01 -1.266380e-02 -1.028379e+00 -8.860315e-01 9.450144e-02 4.538917e-01 8.897245e+01
5.160812e-01 -4.426708e-02 8.553950e-01 5.524517e+01 1.069453e-01 9.941789e-01 -1.307357e-02 -1.019736e+00 -8.498370e-01 9.822751e-02 5.178112e-01 8.924788e+01
5.718611e-01 -4.923035e-02 8.188720e-01 5.560494e+01 1.092859e-01 9.938723e-01 -1.656871e-02 -1.035352e+00 -8.130384e-01 9.896614e-02 5.737370e-01 8.960224e+01
6.313508e-01 -5.371016e-02 7.736352e-01 5.598960e+01 1.112723e-01 9.935502e-01 -2.182953e-02 -1.013199e+00 -7.674729e-01 9.986622e-02 6.332552e-01 8.986392e+01
6.842288e-01 -6.289052e-02 7.265506e-01 5.634608e+01 1.154245e-01 9.930559e-01 -2.274170e-02 -1.001917e+00 -7.200751e-01 9.942230e-02 6.867365e-01 9.021806e+01
7.330867e-01 -7.242135e-02 6.762685e-01 5.668908e+01 1.161056e-01 9.930451e-01 -1.951565e-02 -1.031628e+00 -6.701517e-01 9.282524e-02 7.363967e-01 9.059079e+01
7.770311e-01 -7.801709e-02 6.246087e-01 5.697500e+01 1.133030e-01 9.934173e-01 -1.686880e-02 -1.038736e+00 -6.191810e-01 8.387760e-02 7.807557e-01 9.101025e+01
8.169679e-01 -8.566779e-02 5.702846e-01 5.723729e+01 1.104673e-01 9.938394e-01 -8.957272e-03 -1.078874e+00 -5.660039e-01 7.031559e-02 8.213983e-01 9.144190e+01
8.534646e-01 -9.077482e-02 5.131844e-01 5.750120e+01 1.072699e-01 9.942267e-01 -2.533852e-03 -1.114267e+00 -5.099916e-01 5.721180e-02 8.582747e-01 9.188218e+01
8.837701e-01 -9.631874e-02 4.579008e-01 5.769541e+01 1.109557e-01 9.938123e-01 -5.102726e-03 -1.007487e+00 -4.545759e-01 5.531632e-02 8.889887e-01 9.231376e+01
9.085851e-01 -9.558927e-02 4.066152e-01 5.785138e+01 1.054900e-01 9.944185e-01 -1.945205e-03 -1.034580e+00 -4.041597e-01 4.466124e-02 9.135975e-01 9.275038e+01
9.291173e-01 -9.400076e-02 3.576380e-01 5.803371e+01 1.003888e-01 9.949480e-01 7.070635e-04 -1.072790e+00 -3.558977e-01 3.524591e-02 9.338600e-01 9.319542e+01
9.464391e-01 -8.868089e-02 3.104654e-01 5.827075e+01 9.248242e-02 9.957112e-01 2.485233e-03 -1.116735e+00 -3.093542e-01 2.636047e-02 9.505814e-01 9.365181e+01
9.573606e-01 -8.640445e-02 2.756720e-01 5.835177e+01 9.037740e-02 9.959061e-01 -1.715944e-03 -1.102714e+00 -2.743951e-01 2.655729e-02 9.612502e-01 9.411853e+01
9.655776e-01 -8.510020e-02 2.458004e-01 5.841691e+01 8.901191e-02 9.960189e-01 -4.827081e-03 -1.087313e+00 -2.444110e-01 2.654008e-02 9.693085e-01 9.469003e+01
9.710684e-01 -9.173870e-02 2.204771e-01 5.857178e+01 9.477767e-02 9.954933e-01 -3.221891e-03 -1.105704e+00 -2.191879e-01 2.402499e-02 9.753868e-01 9.522176e+01
9.738137e-01 -9.498900e-02 2.065527e-01 5.864353e+01 9.769032e-02 9.952127e-01 -2.894716e-03 -1.110915e+00 -2.052889e-01 2.299711e-02 9.784312e-01 9.575014e+01
9.765227e-01 -9.042331e-02 1.955172e-01 5.869491e+01 9.314449e-02 9.956413e-01 -4.749120e-03 -1.118648e+00 -1.942356e-01 2.284897e-02 9.806888e-01 9.628230e+01
9.788744e-01 -8.511888e-02 1.859024e-01 5.878108e+01 8.739572e-02 9.961654e-01 -4.071747e-03 -1.153969e+00 -1.848429e-01 2.023280e-02 9.825598e-01 9.675060e+01
9.805803e-01 -7.720599e-02 1.802818e-01 5.884887e+01 7.986764e-02 9.967770e-01 -7.540862e-03 -1.154999e+00 -1.791186e-01 2.179310e-02 9.835861e-01 9.728060e+01
9.816080e-01 -7.288145e-02 1.764486e-01 5.894421e+01 7.632305e-02 9.970011e-01 -1.278800e-02 -1.153066e+00 -1.749874e-01 2.601990e-02 9.842268e-01 9.776490e+01
9.817375e-01 -7.209431e-02 1.760507e-01 5.903118e+01 7.609687e-02 9.969707e-01 -1.608196e-02 -1.158995e+00 -1.743579e-01 2.918517e-02 9.842497e-01 9.828403e+01
9.804216e-01 -7.463142e-02 1.822188e-01 5.908317e+01 7.958003e-02 9.966281e-01 -1.998814e-02 -1.165877e+00 -1.801126e-01 3.409778e-02 9.830548e-01 9.886768e+01
9.792720e-01 -7.903307e-02 1.864941e-01 5.919990e+01 8.574298e-02 9.959187e-01 -2.817886e-02 -1.146246e+00 -1.835059e-01 4.358532e-02 9.820519e-01 9.944749e+01
9.772441e-01 -7.871670e-02 1.969712e-01 5.923563e+01 8.646056e-02 9.957724e-01 -3.101551e-02 -1.197889e+00 -1.936971e-01 4.733996e-02 9.799186e-01 1.001016e+02
9.783584e-01 -5.321225e-02 1.999583e-01 5.939538e+01 6.135809e-02 9.975104e-01 -3.475939e-02 -1.304190e+00 -1.976109e-01 4.627620e-02 9.791877e-01 1.003899e+02
9.774390e-01 -4.936269e-02 2.053687e-01 5.950946e+01 5.693719e-02 9.978922e-01 -3.113421e-02 -1.330489e+00 -2.033990e-01 4.212491e-02 9.781893e-01 1.009893e+02
9.784215e-01 -5.252958e-02 1.998298e-01 5.985070e+01 5.881074e-02 9.979402e-01 -2.562335e-02 -1.356141e+00 -1.980723e-01 3.682258e-02 9.794955e-01 1.016618e+02
9.776273e-01 -5.609320e-02 2.027274e-01 5.999416e+01 6.150038e-02 9.978972e-01 -2.046692e-02 -1.358489e+00 -2.011531e-01 3.247684e-02 9.790213e-01 1.022831e+02
9.775455e-01 -5.770272e-02 2.026703e-01 6.021116e+01 6.183920e-02 9.979861e-01 -1.413189e-02 -1.394282e+00 -2.014467e-01 2.634754e-02 9.791450e-01 1.029614e+02
9.765254e-01 -6.211529e-02 2.062521e-01 6.034848e+01 6.616264e-02 9.977270e-01 -1.277753e-02 -1.405659e+00 -2.049896e-01 2.612376e-02 9.784155e-01 1.036439e+02
9.756703e-01 -6.208757e-02 2.102677e-01 6.008998e+01 6.682649e-02 9.976442e-01 -1.550081e-02 -1.421462e+00 -2.088100e-01 2.917514e-02 9.775209e-01 1.036984e+02
9.755672e-01 -6.438629e-02 2.100550e-01 6.023781e+01 7.058231e-02 9.972605e-01 -2.212695e-02 -1.436946e+00 -2.080548e-01 3.641249e-02 9.774392e-01 1.043765e+02
9.756991e-01 -6.409960e-02 2.095293e-01 6.036537e+01 7.169066e-02 9.970102e-01 -2.882919e-02 -1.452564e+00 -2.070549e-01 4.314991e-02 9.773773e-01 1.050282e+02
9.764988e-01 -6.182939e-02 2.064637e-01 6.050752e+01 6.990268e-02 9.970394e-01 -3.203250e-02 -1.516922e+00 -2.038719e-01 4.571207e-02 9.779298e-01 1.056097e+02
9.768298e-01 -6.387483e-02 2.042636e-01 6.064366e+01 7.092774e-02 9.971054e-01 -2.738812e-02 -1.552043e+00 -2.019229e-01 4.124149e-02 9.785327e-01 1.063391e+02
9.767551e-01 -6.718238e-02 2.035585e-01 6.076132e+01 7.258589e-02 9.971776e-01 -1.918794e-02 -1.587729e+00 -2.016949e-01 3.351739e-02 9.788747e-01 1.070795e+02
9.769176e-01 -6.923378e-02 2.020860e-01 6.081749e+01 7.335226e-02 9.972220e-01 -1.295320e-02 -1.647004e+00 -2.006278e-01 2.747768e-02 9.792821e-01 1.077807e+02
9.773311e-01 -6.709833e-02 2.008030e-01 6.090277e+01 7.126167e-02 9.973654e-01 -1.356899e-02 -1.711480e+00 -1.993635e-01 2.757095e-02 9.795377e-01 1.084950e+02
9.781172e-01 -6.327470e-02 1.981996e-01 6.105094e+01 6.838278e-02 9.974777e-01 -1.902767e-02 -1.734291e+00 -1.964958e-01 3.216474e-02 9.799770e-01 1.092103e+02
9.786849e-01 -6.358167e-02 1.952771e-01 6.117400e+01 6.965462e-02 9.972731e-01 -2.438402e-02 -1.752687e+00 -1.931942e-01 3.746622e-02 9.804449e-01 1.099610e+02
9.793247e-01 -6.546980e-02 1.914078e-01 6.132192e+01 7.197577e-02 9.970346e-01 -2.722976e-02 -1.769543e+00 -1.890574e-01 4.044350e-02 9.811328e-01 1.107244e+02
9.799032e-01 -6.771821e-02 1.876272e-01 6.146430e+01 7.368549e-02 9.969680e-01 -2.500575e-02 -1.805073e+00 -1.853650e-01 3.832862e-02 9.819220e-01 1.114945e+02
9.801166e-01 -7.323052e-02 1.844147e-01 6.158607e+01 7.857628e-02 9.966689e-01 -2.183848e-02 -1.858385e+00 -1.822011e-01 3.589488e-02 9.826059e-01 1.122447e+02
9.803807e-01 -7.427382e-02 1.825843e-01 6.172725e+01 7.910087e-02 9.966800e-01 -1.928825e-02 -1.882637e+00 -1.805455e-01 3.335241e-02 9.830010e-01 1.130445e+02
9.803151e-01 -7.743498e-02 1.816208e-01 6.186656e+01 8.178005e-02 9.965130e-01 -1.654685e-02 -1.909921e+00 -1.797062e-01 3.107409e-02 9.832294e-01 1.138581e+02
9.799922e-01 -8.244160e-02 1.811591e-01 6.202114e+01 8.652789e-02 9.961401e-01 -1.475653e-02 -1.925494e+00 -1.792433e-01 3.013660e-02 9.833431e-01 1.146670e+02
9.802191e-01 -8.132530e-02 1.804347e-01 6.216395e+01 8.522355e-02 9.962643e-01 -1.394552e-02 -1.941257e+00 -1.786265e-01 2.904696e-02 9.834881e-01 1.154780e+02
9.805968e-01 -7.583739e-02 1.807720e-01 6.230453e+01 8.012130e-02 9.966485e-01 -1.650405e-02 -1.970277e+00 -1.789146e-01 3.066752e-02 9.833865e-01 1.162872e+02
9.808837e-01 -7.040910e-02 1.814102e-01 6.244355e+01 7.541970e-02 9.969336e-01 -2.086298e-02 -1.991739e+00 -1.793850e-01 3.414606e-02 9.831862e-01 1.171139e+02
9.813173e-01 -6.141401e-02 1.823315e-01 6.257776e+01 6.687454e-02 9.974740e-01 -2.394682e-02 -2.019190e+00 -1.804002e-01 3.569276e-02 9.829455e-01 1.179459e+02
9.812426e-01 -5.476198e-02 1.848355e-01 6.272656e+01 6.025501e-02 9.978889e-01 -2.422916e-02 -2.051721e+00 -1.831185e-01 3.491195e-02 9.824708e-01 1.187699e+02
9.807348e-01 -5.254528e-02 1.881440e-01 6.282094e+01 5.768324e-02 9.980939e-01 -2.193448e-02 -2.102971e+00 -1.866328e-01 3.236466e-02 9.818965e-01 1.195515e+02
9.802411e-01 -5.208224e-02 1.908269e-01 6.297336e+01 5.740269e-02 9.980985e-01 -2.245631e-02 -2.140422e+00 -1.892945e-01 3.296658e-02 9.813668e-01 1.203838e+02
9.797944e-01 -5.590710e-02 1.920348e-01 6.319779e+01 6.160414e-02 9.978164e-01 -2.382056e-02 -2.208133e+00 -1.902837e-01 3.516938e-02 9.810990e-01 1.212810e+02
9.792235e-01 -6.280803e-02 1.928120e-01 6.338040e+01 6.807189e-02 9.974637e-01 -2.079157e-02 -2.238222e+00 -1.910171e-01 3.348468e-02 9.810154e-01 1.221372e+02
9.786722e-01 -7.051866e-02 1.929450e-01 6.355508e+01 7.596087e-02 9.968908e-01 -2.094580e-02 -2.265043e+00 -1.908681e-01 3.515535e-02 9.809860e-01 1.229549e+02
9.783246e-01 -7.112691e-02 1.944784e-01 6.373520e+01 7.661040e-02 9.968439e-01 -2.081165e-02 -2.295199e+00 -1.923844e-01 3.525962e-02 9.806860e-01 1.238852e+02
9.781208e-01 -6.788375e-02 1.966506e-01 6.388266e+01 7.293425e-02 9.971643e-01 -1.854688e-02 -2.321655e+00 -1.948340e-01 3.248366e-02 9.802982e-01 1.247376e+02
9.782196e-01 -6.486911e-02 1.971761e-01 6.406223e+01 6.883089e-02 9.975397e-01 -1.329882e-02 -2.351343e+00 -1.958283e-01 2.658097e-02 9.802779e-01 1.255934e+02
9.782822e-01 -6.071691e-02 1.981852e-01 6.419534e+01 6.392717e-02 9.979061e-01 -9.834442e-03 -2.378932e+00 -1.971731e-01 2.229028e-02 9.801153e-01 1.264049e+02
9.778143e-01 -6.320168e-02 1.997115e-01 6.435692e+01 6.766402e-02 9.975863e-01 -1.559107e-02 -2.405005e+00 -1.982441e-01 2.875846e-02 9.797307e-01 1.272181e+02
9.773946e-01 -6.972826e-02 1.995939e-01 6.454830e+01 7.668466e-02 9.966808e-01 -2.732722e-02 -2.467390e+00 -1.970259e-01 4.201527e-02 9.794976e-01 1.280203e+02
9.772103e-01 -7.167503e-02 1.998068e-01 6.470198e+01 8.038336e-02 9.961207e-01 -3.580693e-02 -2.481306e+00 -1.964652e-01 5.105204e-02 9.791808e-01 1.288225e+02
9.771701e-01 -7.350362e-02 1.993386e-01 6.478711e+01 8.030438e-02 9.964250e-01 -2.623774e-02 -2.511116e+00 -1.966974e-01 4.164650e-02 9.795793e-01 1.294540e+02
9.767749e-01 -7.655342e-02 2.001260e-01 6.487711e+01 7.947949e-02 9.968145e-01 -6.615882e-03 -2.502717e+00 -1.989821e-01 2.236814e-02 9.797478e-01 1.303639e+02
9.771606e-01 -7.740490e-02 1.979031e-01 6.504417e+01 7.703503e-02 9.969824e-01 9.579079e-03 -2.569672e+00 -1.980474e-01 5.885173e-03 9.801748e-01 1.311121e+02
9.775957e-01 -7.391472e-02 1.970871e-01 6.520796e+01 7.464645e-02 9.972031e-01 3.723970e-03 -2.591709e+00 -1.968111e-01 1.107131e-02 9.803789e-01 1.319324e+02
9.782864e-01 -6.904457e-02 1.954188e-01 6.536063e+01 7.305772e-02 9.972378e-01 -1.339440e-02 -2.597189e+00 -1.939542e-01 2.738042e-02 9.806284e-01 1.327440e+02
9.784673e-01 -7.057494e-02 1.939613e-01 6.553409e+01 7.598502e-02 9.968964e-01 -2.058630e-02 -2.615125e+00 -1.919065e-01 3.488118e-02 9.807932e-01 1.335666e+02
9.788403e-01 -7.552174e-02 1.901793e-01 6.574511e+01 8.061867e-02 9.965601e-01 -1.919685e-02 -2.678122e+00 -1.880753e-01 3.412265e-02 9.815617e-01 1.343636e+02
9.793787e-01 -7.593632e-02 1.872192e-01 6.590028e+01 8.067397e-02 9.965815e-01 -1.780606e-02 -2.706754e+00 -1.852271e-01 3.254260e-02 9.821568e-01 1.351782e+02
9.793509e-01 -7.848366e-02 1.863122e-01 6.594145e+01 8.398679e-02 9.962280e-01 -2.181775e-02 -2.654981e+00 -1.838971e-01 3.701500e-02 9.822483e-01 1.360010e+02
9.802175e-01 -7.862488e-02 1.816362e-01 6.608467e+01 8.429277e-02 9.961595e-01 -2.368658e-02 -2.689200e+00 -1.790763e-01 3.852862e-02 9.830805e-01 1.368626e+02
9.812457e-01 -7.421262e-02 1.779029e-01 6.622598e+01 7.973044e-02 9.965261e-01 -2.405995e-02 -2.739577e+00 -1.754993e-01 3.779299e-02 9.837539e-01 1.376404e+02
9.820172e-01 -6.845187e-02 1.759450e-01 6.634267e+01 7.397501e-02 9.969462e-01 -2.501856e-02 -2.784225e+00 -1.736951e-01 3.758419e-02 9.840820e-01 1.384429e+02
9.820156e-01 -7.218131e-02 1.744567e-01 6.641633e+01 7.700839e-02 9.968082e-01 -2.105122e-02 -2.897959e+00 -1.723804e-01 3.410726e-02 9.844398e-01 1.392201e+02
9.822061e-01 -7.273746e-02 1.731485e-01 6.654703e+01 7.676670e-02 9.969096e-01 -1.667962e-02 -2.912193e+00 -1.714002e-01 2.967486e-02 9.847545e-01 1.400278e+02
9.824001e-01 -7.483482e-02 1.711424e-01 6.668691e+01 7.861824e-02 9.967854e-01 -1.542753e-02 -2.963353e+00 -1.694377e-01 2.861092e-02 9.851255e-01 1.408035e+02
9.827031e-01 -7.687509e-02 1.684778e-01 6.682273e+01 8.098824e-02 9.965584e-01 -1.766923e-02 -2.998222e+00 -1.665397e-01 3.100833e-02 9.855471e-01 1.415948e+02
9.828451e-01 -8.310770e-02 1.646467e-01 6.693531e+01 8.763891e-02 9.959426e-01 -2.043753e-02 -3.030542e+00 -1.622801e-01 3.451639e-02 9.861408e-01 1.423833e+02
9.836435e-01 -8.743396e-02 1.574827e-01 6.706877e+01 9.190065e-02 9.955405e-01 -2.129393e-02 -3.051132e+00 -1.549185e-01 3.541839e-02 9.872921e-01 1.431567e+02
9.848361e-01 -8.885488e-02 1.490054e-01 6.722317e+01 9.249130e-02 9.955572e-01 -1.764137e-02 -3.042580e+00 -1.467759e-01 3.115556e-02 9.886790e-01 1.439492e+02
9.854617e-01 -9.036346e-02 1.438740e-01 6.731251e+01 9.267524e-02 9.956517e-01 -9.434383e-03 -3.063680e+00 -1.423959e-01 2.263078e-02 9.895510e-01 1.447661e+02
9.853432e-01 -9.334413e-02 1.427783e-01 6.741083e+01 9.378674e-02 9.955856e-01 3.641708e-03 -3.164956e+00 -1.424880e-01 9.802379e-03 9.897480e-01 1.456523e+02
9.868314e-01 -8.643744e-02 1.367199e-01 6.753925e+01 8.659088e-02 9.962322e-01 4.835946e-03 -3.172744e+00 -1.366228e-01 7.066433e-03 9.905979e-01 1.464339e+02
9.876735e-01 -8.441979e-02 1.318115e-01 6.764013e+01 8.515028e-02 9.963681e-01 9.491018e-05 -3.190994e+00 -1.313408e-01 1.113004e-02 9.912748e-01 1.472214e+02
9.884796e-01 -8.569866e-02 1.247552e-01 6.772956e+01 8.787263e-02 9.960592e-01 -1.201837e-02 -3.173639e+00 -1.232336e-01 2.284248e-02 9.921148e-01 1.480055e+02
9.892210e-01 -8.875477e-02 1.164661e-01 6.785263e+01 9.184028e-02 9.955440e-01 -2.138867e-02 -3.112972e+00 -1.140488e-01 3.185440e-02 9.929643e-01 1.487983e+02
9.898609e-01 -8.984532e-02 1.100143e-01 6.793325e+01 9.260746e-02 9.954968e-01 -2.024990e-02 -3.139927e+00 -1.076996e-01 3.023274e-02 9.937237e-01 1.496110e+02
9.913073e-01 -8.270924e-02 1.023182e-01 6.799352e+01 8.501810e-02 9.962094e-01 -1.840669e-02 -3.160378e+00 -1.004079e-01 2.694558e-02 9.945814e-01 1.504249e+02
9.924847e-01 -7.795037e-02 9.432869e-02 6.805986e+01 8.024551e-02 9.965585e-01 -2.078204e-02 -3.190959e+00 -9.238409e-02 2.819531e-02 9.953242e-01 1.512574e+02
9.935303e-01 -7.559470e-02 8.475205e-02 6.811580e+01 7.820231e-02 9.965477e-01 -2.787721e-02 -3.206404e+00 -8.235209e-02 3.432466e-02 9.960120e-01 1.520801e+02
9.940821e-01 -7.738820e-02 7.623547e-02 6.816936e+01 7.990937e-02 9.963326e-01 -3.059058e-02 -3.234932e+00 -7.358853e-02 3.650147e-02 9.966205e-01 1.529052e+02
9.945629e-01 -8.126512e-02 6.512047e-02 6.833476e+01 8.318683e-02 9.961583e-01 -2.735870e-02 -3.255062e+00 -6.264699e-02 3.262711e-02 9.975023e-01 1.536027e+02
9.953770e-01 -7.748675e-02 5.674926e-02 6.838819e+01 7.880223e-02 9.966623e-01 -2.131846e-02 -3.262139e+00 -5.490795e-02 2.569187e-02 9.981608e-01 1.544115e+02
9.960649e-01 -7.439914e-02 4.816138e-02 6.841625e+01 7.526544e-02 9.970282e-01 -1.642858e-02 -3.281100e+00 -4.679598e-02 1.998882e-02 9.987045e-01 1.552278e+02
9.962877e-01 -7.609048e-02 4.026185e-02 6.845264e+01 7.668709e-02 9.969640e-01 -1.348527e-02 -3.304016e+00 -3.911351e-02 1.652277e-02 9.990982e-01 1.560682e+02
9.962795e-01 -7.870019e-02 3.512003e-02 6.843167e+01 7.911228e-02 9.968104e-01 -1.050059e-02 -3.377017e+00 -3.418161e-02 1.323995e-02 9.993279e-01 1.568936e+02
9.963728e-01 -7.905477e-02 3.148933e-02 6.844791e+01 7.948710e-02 9.967547e-01 -1.272081e-02 -3.397779e+00 -3.038150e-02 1.517766e-02 9.994231e-01 1.577243e+02
9.968660e-01 -7.459388e-02 2.634074e-02 6.848449e+01 7.510357e-02 9.969962e-01 -1.892063e-02 -3.407127e+00 -2.485025e-02 2.083962e-02 9.994739e-01 1.585607e+02
9.974604e-01 -6.748205e-02 2.277866e-02 6.849279e+01 6.807627e-02 9.973306e-01 -2.640503e-02 -3.427622e+00 -2.093599e-02 2.788866e-02 9.993918e-01 1.594837e+02
9.974915e-01 -6.723282e-02 2.214797e-02 6.837858e+01 6.782135e-02 9.973324e-01 -2.698870e-02 -3.540159e+00 -2.027436e-02 2.842310e-02 9.993904e-01 1.601882e+02
9.976114e-01 -6.647326e-02 1.878249e-02 6.838365e+01 6.686660e-02 9.975377e-01 -2.115271e-02 -3.584462e+00 -1.733015e-02 2.235810e-02 9.995998e-01 1.611638e+02
9.978232e-01 -6.391416e-02 1.624042e-02 6.838018e+01 6.409281e-02 9.978863e-01 -1.072871e-02 -3.609087e+00 -1.552037e-02 1.174625e-02 9.998106e-01 1.619944e+02
9.980073e-01 -6.176494e-02 1.290159e-02 6.837643e+01 6.181379e-02 9.980818e-01 -3.422512e-03 -3.638026e+00 -1.266545e-02 4.213188e-03 9.999109e-01 1.628381e+02
9.978269e-01 -6.537307e-02 8.240359e-03 6.837782e+01 6.542607e-02 9.978373e-01 -6.334912e-03 -3.665061e+00 -7.808405e-03 6.860279e-03 9.999460e-01 1.636429e+02
9.966198e-01 -7.924548e-02 2.166023e-02 6.759110e+01 7.957423e-02 9.967196e-01 -1.476115e-02 -3.805933e+00 -2.041942e-02 1.643485e-02 9.996564e-01 1.643941e+02
9.966470e-01 -8.063955e-02 1.385896e-02 6.764663e+01 8.090520e-02 9.965248e-01 -1.981480e-02 -3.801603e+00 -1.221295e-02 2.086962e-02 9.997076e-01 1.651688e+02
9.969856e-01 -7.727031e-02 7.007867e-03 6.764106e+01 7.738880e-02 9.968275e-01 -1.860026e-02 -3.827812e+00 -5.548386e-03 1.908652e-02 9.998024e-01 1.659939e+02
9.968059e-01 -7.985350e-02 -1.151785e-03 6.764446e+01 7.983150e-02 9.967213e-01 -1.317683e-02 -3.846861e+00 2.200225e-03 1.304280e-02 9.999125e-01 1.668284e+02
9.963268e-01 -8.518488e-02 -8.738225e-03 6.763724e+01 8.509940e-02 9.963250e-01 -9.728210e-03 -3.868278e+00 9.534808e-03 8.948859e-03 9.999145e-01 1.676584e+02
9.954651e-01 -9.388873e-02 -1.530063e-02 6.765296e+01 9.380143e-02 9.955708e-01 -6.328381e-03 -3.874756e+00 1.582703e-02 4.864461e-03 9.998629e-01 1.685223e+02
9.950022e-01 -9.783723e-02 -1.996086e-02 6.759353e+01 9.773617e-02 9.951944e-01 -5.979359e-03 -3.917607e+00 2.044994e-02 3.998577e-03 9.997829e-01 1.693608e+02
9.944615e-01 -1.017704e-01 -2.625142e-02 6.757190e+01 1.014462e-01 9.947507e-01 -1.340291e-02 -3.938271e+00 2.747764e-02 1.066557e-02 9.995655e-01 1.701773e+02
9.932611e-01 -1.109895e-01 -3.337162e-02 6.754707e+01 1.102323e-01 9.936223e-01 -2.373927e-02 -3.963850e+00 3.579360e-02 1.990066e-02 9.991610e-01 1.710043e+02
9.935479e-01 -1.133888e-01 2.348559e-03 6.618215e+01 1.133446e-01 9.920155e-01 -5.530169e-02 -3.386521e+00 3.940784e-03 5.521107e-02 9.984669e-01 1.731178e+02
9.939139e-01 -1.101190e-01 -2.990785e-03 6.612374e+01 1.098558e-01 9.928226e-01 -4.727460e-02 -3.450815e+00 8.175150e-03 4.665833e-02 9.988775e-01 1.738942e+02
9.950068e-01 -9.937054e-02 -9.320927e-03 6.613014e+01 9.899320e-02 9.944830e-01 -3.469603e-02 -3.474833e+00 1.271727e-02 3.360008e-02 9.993544e-01 1.747546e+02
9.955004e-01 -9.348657e-02 -1.546687e-02 6.616071e+01 9.305232e-02 9.953018e-01 -2.674934e-02 -3.536077e+00 1.789491e-02 2.518975e-02 9.995225e-01 1.756592e+02
9.954179e-01 -9.377241e-02 -1.870585e-02 6.613187e+01 9.318400e-02 9.951915e-01 -3.017682e-02 -3.568757e+00 2.144566e-02 2.829546e-02 9.993695e-01 1.764920e+02
9.955682e-01 -9.164910e-02 -2.108289e-02 6.612120e+01 9.074357e-02 9.950501e-01 -4.050842e-02 -3.615595e+00 2.469109e-02 3.841575e-02 9.989567e-01 1.773089e+02
9.965862e-01 -8.010790e-02 -1.996468e-02 6.594820e+01 7.897639e-02 9.955106e-01 -5.216633e-02 -3.594088e+00 2.405398e-02 5.041151e-02 9.984388e-01 1.781493e+02
9.964466e-01 -8.129600e-02 -2.202423e-02 6.592327e+01 7.997130e-02 9.952500e-01 -5.551634e-02 -3.647875e+00 2.643287e-02 5.355776e-02 9.982148e-01 1.789854e+02
9.959758e-01 -8.617017e-02 -2.463380e-02 6.591417e+01 8.482393e-02 9.950755e-01 -5.128057e-02 -3.688046e+00 2.893135e-02 4.898467e-02 9.983804e-01 1.798650e+02
9.954256e-01 -9.002182e-02 -3.200042e-02 6.613025e+01 8.875252e-02 9.952863e-01 -3.909183e-02 -3.884814e+00 3.536869e-02 3.607289e-02 9.987231e-01 1.809329e+02
9.954704e-01 -8.952869e-02 -3.199038e-02 6.609373e+01 8.844164e-02 9.955036e-01 -3.391997e-02 -3.927753e+00 3.488335e-02 3.093704e-02 9.989124e-01 1.818044e+02
9.953843e-01 -8.974202e-02 -3.400639e-02 6.606562e+01 8.858795e-02 9.954862e-01 -3.404899e-02 -3.985903e+00 3.690852e-02 3.087928e-02 9.988414e-01 1.826605e+02
9.950377e-01 -9.281726e-02 -3.584457e-02 6.603267e+01 9.122335e-02 9.948666e-01 -4.380341e-02 -4.025105e+00 3.972628e-02 4.031619e-02 9.983969e-01 1.835323e+02
9.938730e-01 -1.037054e-01 -3.823168e-02 6.602896e+01 1.014932e-01 9.932665e-01 -5.586440e-02 -4.076548e+00 4.376769e-02 5.164186e-02 9.977061e-01 1.843913e+02
9.927078e-01 -1.137442e-01 -3.991784e-02 6.601162e+01 1.112400e-01 9.919701e-01 -6.017423e-02 -4.126399e+00 4.644178e-02 5.529497e-02 9.973894e-01 1.852484e+02
9.927908e-01 -1.128518e-01 -4.038472e-02 6.595371e+01 1.105287e-01 9.923076e-01 -5.575928e-02 -4.186003e+00 4.636660e-02 5.089363e-02 9.976272e-01 1.861041e+02
9.933437e-01 -1.077355e-01 -4.075933e-02 6.588764e+01 1.059480e-01 9.934093e-01 -4.373840e-02 -4.266925e+00 4.520287e-02 3.912890e-02 9.982112e-01 1.869703e+02
9.933207e-01 -1.073510e-01 -4.230554e-02 6.583866e+01 1.056901e-01 9.936056e-01 -3.971910e-02 -4.329203e+00 4.629890e-02 3.498253e-02 9.983149e-01 1.877890e+02
9.930930e-01 -1.089753e-01 -4.348237e-02 6.580661e+01 1.070690e-01 9.932775e-01 -4.399971e-02 -4.372685e+00 4.798494e-02 3.904019e-02 9.980848e-01 1.886306e+02
9.931333e-01 -1.083285e-01 -4.417209e-02 6.578842e+01 1.060789e-01 9.930774e-01 -5.044308e-02 -4.416478e+00 4.933073e-02 4.541098e-02 9.977496e-01 1.894860e+02
9.935560e-01 -1.038944e-01 -4.530450e-02 6.574112e+01 1.016473e-01 9.935947e-01 -4.937014e-02 -4.497617e+00 5.014360e-02 4.444692e-02 9.977525e-01 1.903031e+02
9.938485e-01 -1.016762e-01 -4.389812e-02 6.565746e+01 9.957946e-02 9.938918e-01 -4.757032e-02 -4.532726e+00 4.846675e-02 4.290634e-02 9.979028e-01 1.911331e+02
9.940200e-01 -9.922239e-02 -4.559693e-02 6.562228e+01 9.725082e-02 9.943045e-01 -4.359956e-02 -4.599675e+00 4.966328e-02 3.890450e-02 9.980080e-01 1.919593e+02
9.942312e-01 -9.623005e-02 -4.737104e-02 6.560230e+01 9.435767e-02 9.947225e-01 -4.029597e-02 -4.652480e+00 5.099872e-02 3.559369e-02 9.980642e-01 1.927958e+02
9.943688e-01 -9.382677e-02 -4.926622e-02 6.556581e+01 9.183380e-02 9.949187e-01 -4.127235e-02 -4.690977e+00 5.288833e-02 3.651563e-02 9.979326e-01 1.936217e+02
9.936379e-01 -9.696868e-02 -5.727809e-02 6.561784e+01 9.441786e-02 9.944840e-01 -4.568297e-02 -4.728175e+00 6.139196e-02 3.998426e-02 9.973125e-01 1.944229e+02
9.935822e-01 -9.612364e-02 -5.962150e-02 6.562038e+01 9.311592e-02 9.943312e-01 -5.133080e-02 -4.775694e+00 6.421762e-02 4.544966e-02 9.969004e-01 1.953114e+02
9.934474e-01 -9.570056e-02 -6.247930e-02 6.561372e+01 9.250184e-02 9.943417e-01 -5.223086e-02 -4.769769e+00 6.712429e-02 4.610917e-02 9.966786e-01 1.961504e+02
9.931772e-01 -9.745739e-02 -6.403918e-02 6.552429e+01 9.480713e-02 9.945577e-01 -4.320353e-02 -4.806664e+00 6.790116e-02 3.683740e-02 9.970118e-01 1.969130e+02
9.928839e-01 -1.002814e-01 -6.422711e-02 6.541295e+01 9.820877e-02 9.945620e-01 -3.466086e-02 -4.862313e+00 6.735368e-02 2.810654e-02 9.973332e-01 1.977713e+02
9.925640e-01 -1.031218e-01 -6.467235e-02 6.539941e+01 1.012597e-01 9.943629e-01 -3.144698e-02 -4.935223e+00 6.755065e-02 2.466443e-02 9.974109e-01 1.986444e+02
9.923089e-01 -1.052740e-01 -6.511902e-02 6.532744e+01 1.029438e-01 9.939546e-01 -3.816897e-02 -4.998195e+00 6.874355e-02 3.117181e-02 9.971473e-01 1.994259e+02
9.924582e-01 -1.051712e-01 -6.297452e-02 6.520175e+01 1.024346e-01 9.937114e-01 -4.522025e-02 -4.984903e+00 6.733437e-02 3.842844e-02 9.969901e-01 2.001175e+02
9.925107e-01 -1.048071e-01 -6.275320e-02 6.516996e+01 1.017096e-01 9.935224e-01 -5.067957e-02 -5.039388e+00 6.765829e-02 4.391741e-02 9.967415e-01 2.008165e+02
9.923047e-01 -1.068370e-01 -6.258830e-02 6.514194e+01 1.034969e-01 9.931419e-01 -5.438378e-02 -5.081439e+00 6.796926e-02 4.748758e-02 9.965566e-01 2.015455e+02
9.921490e-01 -1.098888e-01 -5.970565e-02 6.510500e+01 1.063957e-01 9.925813e-01 -5.884165e-02 -5.139460e+00 6.572875e-02 5.202726e-02 9.964803e-01 2.022148e+02
9.922186e-01 -1.115364e-01 -5.533514e-02 6.507278e+01 1.081958e-01 9.923119e-01 -6.008927e-02 -5.185658e+00 6.161186e-02 5.363466e-02 9.966581e-01 2.028950e+02
9.926632e-01 -1.103358e-01 -4.945392e-02 6.501074e+01 1.075691e-01 9.926473e-01 -5.549894e-02 -5.227111e+00 5.521383e-02 4.977204e-02 9.972333e-01 2.035724e+02
9.934015e-01 -1.060935e-01 -4.356086e-02 6.497428e+01 1.040874e-01 9.935040e-01 -4.599629e-02 -5.273922e+00 4.815779e-02 4.115865e-02 9.979914e-01 2.042484e+02
9.942873e-01 -9.970371e-02 -3.810522e-02 6.494436e+01 9.814175e-02 9.943326e-01 -4.087525e-02 -5.328990e+00 4.196468e-02 3.690203e-02 9.984374e-01 2.049116e+02
9.946291e-01 -9.986198e-02 -2.721357e-02 6.478991e+01 9.871186e-02 9.942810e-01 -4.075859e-02 -5.424941e+00 3.112817e-02 3.785337e-02 9.987984e-01 2.055259e+02
9.946043e-01 -1.016125e-01 -2.090833e-02 6.479482e+01 1.004856e-01 9.937166e-01 -4.929403e-02 -5.450827e+00 2.578584e-02 4.692707e-02 9.985654e-01 2.061700e+02
9.948175e-01 -1.008364e-01 -1.304364e-02 6.477396e+01 9.993625e-02 9.933444e-01 -5.726867e-02 -5.517121e+00 1.873160e-02 5.566835e-02 9.982736e-01 2.068081e+02
9.952079e-01 -9.764614e-02 -5.141766e-03 6.473848e+01 9.712874e-02 9.932628e-01 -6.320552e-02 -5.543093e+00 1.127890e-02 6.240322e-02 9.979873e-01 2.074538e+02
9.952057e-01 -9.778091e-02 2.113641e-03 6.474002e+01 9.772382e-02 9.932866e-01 -6.190145e-02 -5.584029e+00 3.953329e-03 6.181123e-02 9.980800e-01 2.080941e+02
9.947796e-01 -1.015965e-01 9.578284e-03 6.471324e+01 1.019798e-01 9.931421e-01 -5.717421e-02 -5.620305e+00 -3.703895e-03 5.785253e-02 9.983183e-01 2.087454e+02
9.939498e-01 -1.089397e-01 1.399984e-02 6.478021e+01 1.095257e-01 9.926291e-01 -5.188129e-02 -5.653626e+00 -8.244714e-03 5.310074e-02 9.985551e-01 2.093945e+02
9.933048e-01 -1.140871e-01 1.815599e-02 6.483731e+01 1.148763e-01 9.920746e-01 -5.090545e-02 -5.684285e+00 -1.220444e-02 5.265032e-02 9.985384e-01 2.100382e+02
9.933944e-01 -1.131469e-01 1.911219e-02 6.490352e+01 1.139665e-01 9.922597e-01 -4.931932e-02 -5.735853e+00 -1.338393e-02 5.117168e-02 9.986002e-01 2.106819e+02
9.937223e-01 -1.101622e-01 1.949877e-02 6.492083e+01 1.109864e-01 9.926624e-01 -4.799426e-02 -5.775092e+00 -1.406854e-02 4.985707e-02 9.986573e-01 2.113347e+02
9.937345e-01 -1.103512e-01 1.772974e-02 6.496401e+01 1.110599e-01 9.927575e-01 -4.580589e-02 -5.820312e+00 -1.254660e-02 4.748795e-02 9.987930e-01 2.119933e+02
9.936416e-01 -1.113673e-01 1.654461e-02 6.498077e+01 1.119780e-01 9.928115e-01 -4.226466e-02 -5.876985e+00 -1.171878e-02 4.384855e-02 9.989695e-01 2.126412e+02
9.938300e-01 -1.094638e-01 1.787586e-02 6.496136e+01 1.101346e-01 9.930175e-01 -4.226890e-02 -5.888688e+00 -1.312413e-02 4.397685e-02 9.989463e-01 2.132971e+02
9.946870e-01 -1.013434e-01 1.809109e-02 6.494584e+01 1.021082e-01 9.936110e-01 -4.807415e-02 -5.920844e+00 -1.310350e-02 4.966598e-02 9.986799e-01 2.139497e+02
9.951695e-01 -9.684668e-02 1.607383e-02 6.496237e+01 9.762080e-02 9.935508e-01 -5.768083e-02 -5.950615e+00 -1.038397e-02 5.897134e-02 9.982057e-01 2.146080e+02
9.950046e-01 -9.884401e-02 1.398829e-02 6.497222e+01 9.956152e-02 9.927981e-01 -6.662906e-02 -5.988771e+00 -7.301660e-03 6.768892e-02 9.976798e-01 2.152596e+02
9.943772e-01 -1.052528e-01 1.165278e-02 6.496851e+01 1.058166e-01 9.918551e-01 -7.089620e-02 -6.035122e+00 -4.095851e-03 7.173062e-02 9.974156e-01 2.158981e+02
9.946461e-01 -1.030228e-01 8.085625e-03 6.495570e+01 1.033311e-01 9.925192e-01 -6.502619e-02 -6.086229e+00 -1.325956e-03 6.551355e-02 9.978508e-01 2.165621e+02
9.953307e-01 -9.644749e-02 3.824972e-03 6.493696e+01 9.651431e-02 9.939154e-01 -5.307630e-02 -6.132707e+00 1.317377e-03 5.319764e-02 9.985831e-01 2.172507e+02
9.948330e-01 -1.015227e-01 -6.383120e-04 6.493976e+01 1.014166e-01 9.940448e-01 -3.987046e-02 -6.163756e+00 4.682266e-03 3.959971e-02 9.992047e-01 2.179425e+02
9.940748e-01 -1.085884e-01 -4.882653e-03 6.494664e+01 1.083901e-01 9.936364e-01 -3.063074e-02 -6.204513e+00 8.177726e-03 2.992002e-02 9.995188e-01 2.186232e+02
9.938413e-01 -1.105096e-01 -8.188643e-03 6.494937e+01 1.101835e-01 9.933604e-01 -3.308633e-02 -6.230198e+00 1.179063e-02 3.198031e-02 9.994190e-01 2.193019e+02
9.943097e-01 -1.060818e-01 -9.737997e-03 6.491710e+01 1.056292e-01 9.936426e-01 -3.894710e-02 -6.274073e+00 1.380767e-02 3.769687e-02 9.991938e-01 2.199761e+02
9.940727e-01 -1.078656e-01 -1.358582e-02 6.490152e+01 1.071007e-01 9.930833e-01 -4.811539e-02 -6.301717e+00 1.868185e-02 4.637515e-02 9.987494e-01 2.206614e+02
9.931547e-01 -1.157464e-01 -1.570029e-02 6.490469e+01 1.147630e-01 9.919577e-01 -5.337952e-02 -6.330374e+00 2.175251e-02 5.121231e-02 9.984509e-01 2.213518e+02
9.922247e-01 -1.234039e-01 -1.617256e-02 6.489481e+01 1.224759e-01 9.912400e-01 -4.942559e-02 -6.356289e+00 2.213020e-02 4.706054e-02 9.986469e-01 2.220568e+02
9.912975e-01 -1.304331e-01 -1.779204e-02 6.489484e+01 1.295097e-01 9.905217e-01 -4.575974e-02 -6.392157e+00 2.359198e-02 4.305727e-02 9.987940e-01 2.227637e+02
9.907050e-01 -1.346859e-01 -1.906253e-02 6.488696e+01 1.337720e-01 9.900765e-01 -4.305268e-02 -6.445855e+00 2.467195e-02 4.010247e-02 9.988909e-01 2.234740e+02
9.904057e-01 -1.367123e-01 -2.015821e-02 6.487583e+01 1.356815e-01 9.896928e-01 -4.581254e-02 -6.490959e+00 2.621357e-02 4.263790e-02 9.987466e-01 2.241583e+02
9.895590e-01 -1.424930e-01 -2.165011e-02 6.487940e+01 1.412457e-01 9.886564e-01 -5.106987e-02 -6.527694e+00 2.868162e-02 4.747866e-02 9.984604e-01 2.248656e+02
9.880969e-01 -1.522766e-01 -2.182555e-02 6.485069e+01 1.509171e-01 9.870551e-01 -5.427991e-02 -6.513785e+00 2.980859e-02 5.033996e-02 9.982872e-01 2.255800e+02
9.878790e-01 -1.536804e-01 -2.185208e-02 6.480982e+01 1.523890e-01 9.869571e-01 -5.189758e-02 -6.546892e+00 2.954271e-02 4.793851e-02 9.984133e-01 2.262702e+02
9.878156e-01 -1.542165e-01 -2.091950e-02 6.475205e+01 1.530485e-01 9.869972e-01 -4.911818e-02 -6.556612e+00 2.822232e-02 4.531800e-02 9.985739e-01 2.269459e+02
9.878079e-01 -1.541487e-01 -2.176458e-02 6.474457e+01 1.530386e-01 9.871589e-01 -4.578659e-02 -6.624419e+00 2.854304e-02 4.189753e-02 9.987141e-01 2.276224e+02
9.876593e-01 -1.550910e-01 -2.181366e-02 6.471135e+01 1.538642e-01 9.868402e-01 -4.972155e-02 -6.641159e+00 2.923797e-02 4.575161e-02 9.985249e-01 2.283189e+02
9.874356e-01 -1.566427e-01 -2.083241e-02 6.468780e+01 1.552090e-01 9.861572e-01 -5.834511e-02 -6.668794e+00 2.968337e-02 5.437866e-02 9.980791e-01 2.290209e+02
9.873168e-01 -1.572042e-01 -2.218813e-02 6.471675e+01 1.554322e-01 9.855954e-01 -6.665296e-02 -6.740234e+00 3.234664e-02 6.235884e-02 9.975295e-01 2.296509e+02
9.875573e-01 -1.558491e-01 -2.101577e-02 6.465692e+01 1.539878e-01 9.854552e-01 -7.187405e-02 -6.798291e+00 3.191160e-02 6.774357e-02 9.971923e-01 2.303030e+02
9.880660e-01 -1.525908e-01 -2.101524e-02 6.463524e+01 1.507596e-01 9.860069e-01 -7.114728e-02 -6.841600e+00 3.157759e-02 6.712996e-02 9.972444e-01 2.309735e+02
9.877788e-01 -1.544836e-01 -2.068437e-02 6.461491e+01 1.528716e-01 9.861288e-01 -6.465474e-02 -6.902562e+00 3.038555e-02 6.070253e-02 9.976933e-01 2.316317e+02
9.874123e-01 -1.567392e-01 -2.120544e-02 6.460323e+01 1.553301e-01 9.862257e-01 -5.684598e-02 -6.958859e+00 2.982335e-02 5.283658e-02 9.981577e-01 2.322804e+02
9.874878e-01 -1.562951e-01 -2.096858e-02 6.458284e+01 1.550452e-01 9.865461e-01 -5.184366e-02 -7.014988e+00 2.878938e-02 4.794391e-02 9.984351e-01 2.329206e+02
9.875346e-01 -1.557638e-01 -2.264960e-02 6.458495e+01 1.545268e-01 9.867841e-01 -4.877033e-02 -7.057392e+00 2.994692e-02 4.466242e-02 9.985532e-01 2.335490e+02
9.871749e-01 -1.576798e-01 -2.495432e-02 6.456759e+01 1.564161e-01 9.866021e-01 -4.637209e-02 -7.094826e+00 3.193193e-02 4.187411e-02 9.986125e-01 2.341408e+02
9.859335e-01 -1.644562e-01 -2.982221e-02 6.455853e+01 1.629561e-01 9.855027e-01 -4.721965e-02 -7.128710e+00 3.715544e-02 4.169572e-02 9.984393e-01 2.347193e+02
9.849269e-01 -1.687909e-01 -3.779729e-02 6.454294e+01 1.668613e-01 9.847398e-01 -4.944468e-02 -7.165793e+00 4.556631e-02 4.239249e-02 9.980614e-01 2.352806e+02
9.839431e-01 -1.717354e-01 -4.861013e-02 6.451334e+01 1.691255e-01 9.841401e-01 -5.352453e-02 -7.202356e+00 5.703123e-02 4.444388e-02 9.973827e-01 2.358260e+02
9.829934e-01 -1.727315e-01 -6.235175e-02 6.445771e+01 1.692601e-01 9.839068e-01 -5.725725e-02 -7.240241e+00 7.123844e-02 4.572983e-02 9.964105e-01 2.363501e+02
9.813149e-01 -1.743655e-01 -8.134892e-02 6.441481e+01 1.698682e-01 9.836798e-01 -5.931996e-02 -7.278058e+00 9.036465e-02 4.439296e-02 9.949188e-01 2.368441e+02
9.785092e-01 -1.786619e-01 -1.029544e-01 6.434763e+01 1.734309e-01 9.831502e-01 -5.776998e-02 -7.337139e+00 1.115410e-01 3.867297e-02 9.930071e-01 2.373603e+02
9.752899e-01 -1.792205e-01 -1.291881e-01 6.427944e+01 1.733674e-01 9.833032e-01 -5.530390e-02 -7.357072e+00 1.369427e-01 3.154033e-02 9.900767e-01 2.378775e+02
9.711463e-01 -1.796656e-01 -1.568286e-01 6.418628e+01 1.735410e-01 9.834516e-01 -5.202334e-02 -7.402015e+00 1.635802e-01 2.330607e-02 9.862547e-01 2.383479e+02
9.649467e-01 -1.824543e-01 -1.886487e-01 6.406890e+01 1.757049e-01 9.830660e-01 -5.204802e-02 -7.439263e+00 1.949505e-01 1.707706e-02 9.806644e-01 2.388220e+02
9.572038e-01 -1.814221e-01 -2.254925e-01 6.394972e+01 1.734672e-01 9.833152e-01 -5.477634e-02 -7.456552e+00 2.316678e-01 1.331658e-02 9.727038e-01 2.392772e+02
9.478344e-01 -1.761669e-01 -2.656598e-01 6.379161e+01 1.671670e-01 9.843196e-01 -5.630480e-02 -7.505466e+00 2.714132e-01 8.958081e-03 9.624212e-01 2.397229e+02
9.350838e-01 -1.723225e-01 -3.097149e-01 6.363456e+01 1.625232e-01 9.850350e-01 -5.737819e-02 -7.539662e+00 3.149676e-01 3.317545e-03 9.490966e-01 2.401551e+02
9.196925e-01 -1.673413e-01 -3.551938e-01 6.343752e+01 1.565228e-01 9.858984e-01 -5.920362e-02 -7.522335e+00 3.600922e-01 -1.146783e-03 9.329160e-01 2.405701e+02
9.017848e-01 -1.558155e-01 -4.031199e-01 6.323882e+01 1.463125e-01 9.877371e-01 -5.448099e-02 -7.579845e+00 4.066655e-01 -9.851342e-03 9.135240e-01 2.409567e+02
8.808447e-01 -1.402048e-01 -4.521674e-01 6.300470e+01 1.326183e-01 9.899741e-01 -4.861691e-02 -7.618458e+00 4.544503e-01 -1.714171e-02 8.906071e-01 2.413302e+02
8.556926e-01 -1.263521e-01 -5.018220e-01 6.273336e+01 1.212756e-01 9.916914e-01 -4.289892e-02 -7.633002e+00 5.030729e-01 -2.415049e-02 8.639065e-01 2.417082e+02
8.256659e-01 -1.159520e-01 -5.521150e-01 6.244569e+01 1.132556e-01 9.927950e-01 -3.913194e-02 -7.627354e+00 5.526744e-01 -3.022019e-02 8.328492e-01 2.420748e+02
7.901174e-01 -1.070230e-01 -6.035400e-01 6.211301e+01 1.083531e-01 9.935196e-01 -3.432713e-02 -7.642072e+00 6.033026e-01 -3.827298e-02 7.965935e-01 2.424907e+02
7.525853e-01 -9.999903e-02 -6.508576e-01 6.181161e+01 1.089545e-01 9.936884e-01 -2.668836e-02 -7.659151e+00 6.494184e-01 -5.082860e-02 7.587306e-01 2.428316e+02
7.140695e-01 -9.083853e-02 -6.941564e-01 6.149035e+01 1.117338e-01 9.936236e-01 -1.508830e-02 -7.668683e+00 6.911008e-01 -6.678661e-02 7.196660e-01 2.431258e+02
6.748446e-01 -7.802951e-02 -7.338230e-01 6.117095e+01 1.129278e-01 9.936016e-01 -1.800922e-03 -7.701502e+00 7.292682e-01 -8.165365e-02 6.793383e-01 2.433745e+02
6.334136e-01 -6.628065e-02 -7.709696e-01 6.091334e+01 1.141613e-01 9.934268e-01 8.387285e-03 -7.736588e+00 7.653460e-01 -9.332751e-02 6.368167e-01 2.435823e+02
5.901168e-01 -5.842273e-02 -8.052012e-01 6.047334e+01 1.141731e-01 9.933932e-01 1.159802e-02 -7.744489e+00 7.992037e-01 -9.877652e-02 5.928883e-01 2.438331e+02
5.435524e-01 -4.917926e-02 -8.379333e-01 6.010648e+01 1.137189e-01 9.933926e-01 1.546408e-02 -7.764017e+00 8.316362e-01 -1.036944e-01 5.455536e-01 2.440426e+02
4.971414e-01 -4.258883e-02 -8.666237e-01 5.966756e+01 1.111677e-01 9.936894e-01 1.493845e-02 -7.770491e+00 8.605185e-01 -1.037671e-01 4.987387e-01 2.442119e+02
4.451720e-01 -4.175052e-02 -8.944712e-01 5.926645e+01 1.099169e-01 9.939060e-01 8.313084e-03 -7.774214e+00 8.886733e-01 -1.020182e-01 4.470482e-01 2.443878e+02
3.916547e-01 -4.133998e-02 -9.191831e-01 5.883869e+01 1.070424e-01 9.942541e-01 8.934334e-04 -7.785659e+00 9.138646e-01 -9.874151e-02 3.938294e-01 2.445428e+02
3.379687e-01 -3.806599e-02 -9.403872e-01 5.843675e+01 1.034409e-01 9.946308e-01 -3.085771e-03 -7.793907e+00 9.354556e-01 -9.623160e-02 3.400917e-01 2.446584e+02
2.864249e-01 -3.178008e-02 -9.575755e-01 5.792978e+01 9.924782e-02 9.950571e-01 -3.337544e-03 -7.782130e+00 9.529484e-01 -9.408132e-02 2.881633e-01 2.447661e+02
2.379024e-01 -2.331801e-02 -9.710091e-01 5.741193e+01 9.725829e-02 9.952592e-01 -7.155892e-05 -7.775702e+00 9.664074e-01 -9.442166e-02 2.390424e-01 2.448496e+02
1.910284e-01 -1.891224e-02 -9.814023e-01 5.695523e+01 9.788365e-02 9.951979e-01 -1.251927e-04 -7.778717e+00 9.766918e-01 -9.603932e-02 1.919622e-01 2.449173e+02
1.474595e-01 -1.522040e-02 -9.889510e-01 5.650536e+01 9.655916e-02 9.953268e-01 -9.208875e-04 -7.773320e+00 9.843435e-01 -9.535648e-02 1.482400e-01 2.449647e+02
1.089001e-01 -1.184288e-02 -9.939822e-01 5.603601e+01 9.551196e-02 9.954273e-01 -1.395869e-03 -7.785460e+00 9.894535e-01 -9.478518e-02 1.095333e-01 2.449405e+02
7.373209e-02 -8.767245e-03 -9.972395e-01 5.553531e+01 9.518191e-02 9.954584e-01 -1.714199e-03 -7.813445e+00 9.927255e-01 -9.479277e-02 7.423172e-02 2.449552e+02
4.496923e-02 -3.979707e-03 -9.989804e-01 5.502770e+01 9.239071e-02 9.957228e-01 1.922500e-04 -7.823415e+00 9.947069e-01 -9.230516e-02 4.514457e-02 2.449467e+02
2.056451e-02 3.521849e-04 -9.997885e-01 5.450938e+01 9.058856e-02 9.958859e-01 2.214114e-03 -7.842029e+00 9.956761e-01 -9.061493e-02 2.044801e-02 2.449222e+02
-1.076944e-03 4.824012e-03 -9.999878e-01 5.398167e+01 8.880506e-02 9.960379e-01 4.709318e-03 -7.840349e+00 9.960484e-01 -8.879891e-02 -1.501074e-03 2.448855e+02
-1.680542e-02 1.071567e-02 -9.998014e-01 5.343139e+01 8.816678e-02 9.960633e-01 9.193635e-03 -7.882046e+00 9.959640e-01 -8.799477e-02 -1.768403e-02 2.447981e+02
-2.968128e-02 1.602890e-02 -9.994309e-01 5.287091e+01 8.784008e-02 9.960449e-01 1.336590e-02 -7.902966e+00 9.956923e-01 -8.739337e-02 -3.097187e-02 2.447296e+02
-3.989348e-02 1.859407e-02 -9.990309e-01 5.232080e+01 8.626238e-02 9.961581e-01 1.509596e-02 -7.905281e+00 9.954734e-01 -8.557655e-02 -4.134418e-02 2.446971e+02
-4.638199e-02 1.898890e-02 -9.987433e-01 5.174541e+01 8.439405e-02 9.963192e-01 1.502352e-02 -7.897622e+00 9.953524e-01 -8.359117e-02 -4.781382e-02 2.446612e+02
-4.940177e-02 1.922703e-02 -9.985939e-01 5.114836e+01 8.343857e-02 9.963992e-01 1.505696e-02 -7.884259e+00 9.952876e-01 -8.257741e-02 -5.082816e-02 2.446097e+02
-5.126267e-02 1.877447e-02 -9.985087e-01 5.053563e+01 8.348574e-02 9.964042e-01 1.444880e-02 -7.873939e+00 9.951896e-01 -8.262056e-02 -5.264574e-02 2.445712e+02
-5.222420e-02 1.873462e-02 -9.984596e-01 4.989558e+01 8.374419e-02 9.963845e-01 1.431546e-02 -7.866083e+00 9.951179e-01 -8.286758e-02 -5.360429e-02 2.445225e+02
-5.386416e-02 1.865710e-02 -9.983740e-01 4.925838e+01 8.388708e-02 9.963756e-01 1.409389e-02 -7.851223e+00 9.950184e-01 -8.299152e-02 -5.523402e-02 2.445225e+02
-5.333494e-02 1.783744e-02 -9.984174e-01 4.860504e+01 8.390433e-02 9.963848e-01 1.331900e-02 -7.841536e+00 9.950454e-01 -8.306117e-02 -5.463876e-02 2.444914e+02
-5.279780e-02 1.620220e-02 -9.984738e-01 4.790220e+01 8.145019e-02 9.966068e-01 1.186494e-02 -7.832436e+00 9.952780e-01 -8.069943e-02 -5.393832e-02 2.444468e+02
-5.198053e-02 1.390099e-02 -9.985513e-01 4.718429e+01 7.838907e-02 9.968747e-01 9.797030e-03 -7.821131e+00 9.955668e-01 -7.776626e-02 -5.290776e-02 2.444015e+02
-5.144056e-02 1.307648e-02 -9.985904e-01 4.643657e+01 7.654776e-02 9.970243e-01 9.112753e-03 -7.802058e+00 9.957381e-01 -7.597110e-02 -5.228847e-02 2.443781e+02
-5.079506e-02 1.346761e-02 -9.986183e-01 4.567462e+01 7.601448e-02 9.970607e-01 9.580097e-03 -7.803010e+00 9.958121e-01 -7.542283e-02 -5.166949e-02 2.443464e+02
-5.015518e-02 1.343672e-02 -9.986510e-01 4.487767e+01 7.520131e-02 9.971218e-01 9.639316e-03 -7.788287e+00 9.959062e-01 -7.461640e-02 -5.102128e-02 2.443103e+02
-4.870303e-02 1.141727e-02 -9.987480e-01 4.405886e+01 7.676708e-02 9.970197e-01 7.654041e-03 -7.801036e+00 9.958588e-01 -7.629819e-02 -4.943435e-02 2.442621e+02
-4.692445e-02 7.988142e-03 -9.988665e-01 4.323639e+01 7.650943e-02 9.970592e-01 4.379451e-03 -7.794526e+00 9.959641e-01 -7.621720e-02 -4.739763e-02 2.442038e+02
-4.491970e-02 4.959136e-03 -9.989783e-01 4.240152e+01 7.597157e-02 9.971088e-01 1.533744e-03 -7.795676e+00 9.960977e-01 -7.582505e-02 -4.516659e-02 2.441592e+02
-4.390542e-02 3.755036e-03 -9.990286e-01 4.155565e+01 7.577496e-02 9.971249e-01 4.177132e-04 -7.790857e+00 9.961579e-01 -7.568302e-02 -4.406373e-02 2.441264e+02
-4.291478e-02 3.187554e-03 -9.990737e-01 4.069809e+01 7.717618e-02 9.970175e-01 -1.340753e-04 -7.777064e+00 9.960934e-01 -7.711044e-02 -4.303278e-02 2.440874e+02
-4.201322e-02 1.249242e-03 -9.991163e-01 3.982213e+01 8.171226e-02 9.966536e-01 -2.189869e-03 -7.786460e+00 9.957701e-01 -8.173205e-02 -4.197470e-02 2.440436e+02
-4.085087e-02 -1.098243e-03 -9.991647e-01 3.894343e+01 9.079082e-02 9.958584e-01 -4.806594e-03 -7.901342e+00 9.950318e-01 -9.091133e-02 -4.058197e-02 2.439950e+02
-4.070217e-02 -1.825551e-03 -9.991697e-01 3.807067e+01 9.139295e-02 9.957995e-01 -5.542376e-03 -7.914864e+00 9.949827e-01 -9.154265e-02 -4.036436e-02 2.439581e+02
-4.164695e-02 -1.557918e-03 -9.991312e-01 3.718160e+01 8.880531e-02 9.960351e-01 -5.254776e-03 -7.943291e+00 9.951779e-01 -8.894700e-02 -4.134348e-02 2.439199e+02
-4.192216e-02 -3.354420e-03 -9.991152e-01 3.630945e+01 8.555307e-02 9.963095e-01 -6.934745e-03 -7.990666e+00 9.954513e-01 -8.576810e-02 -4.148046e-02 2.438475e+02
-4.398033e-02 -5.884347e-03 -9.990151e-01 3.542249e+01 8.479801e-02 9.963519e-01 -9.601783e-03 -8.015545e+00 9.954271e-01 -8.513678e-02 -4.332091e-02 2.438021e+02
-4.715322e-02 -7.844786e-03 -9.988569e-01 3.452335e+01 8.948604e-02 9.959152e-01 -1.204607e-02 -8.029704e+00 9.948713e-01 -8.995175e-02 -4.625861e-02 2.437704e+02
-5.067644e-02 -9.109475e-03 -9.986736e-01 3.363237e+01 9.510335e-02 9.953703e-01 -1.390524e-02 -8.049791e+00 9.941767e-01 -9.568187e-02 -4.957548e-02 2.437247e+02
-5.451327e-02 -1.206497e-02 -9.984402e-01 3.274164e+01 9.908608e-02 9.949262e-01 -1.743246e-02 -8.083311e+00 9.935845e-01 -9.988182e-02 -5.304121e-02 2.436827e+02
-5.748957e-02 -1.401453e-02 -9.982477e-01 3.186311e+01 9.839478e-02 9.949537e-01 -1.963488e-02 -8.109789e+00 9.934855e-01 -9.935116e-02 -5.582050e-02 2.436291e+02
-6.061281e-02 -1.414120e-02 -9.980612e-01 3.097692e+01 9.602478e-02 9.951794e-01 -1.993201e-02 -8.135055e+00 9.935317e-01 -9.704674e-02 -5.896271e-02 2.435796e+02
-6.333266e-02 -1.165327e-02 -9.979244e-01 3.010332e+01 9.282300e-02 9.955285e-01 -1.751625e-02 -8.156672e+00 9.936664e-01 -9.373969e-02 -6.196778e-02 2.435238e+02
-6.437539e-02 -9.469200e-03 -9.978808e-01 2.923916e+01 9.019698e-02 9.958069e-01 -1.526832e-02 -8.168996e+00 9.938412e-01 -9.098874e-02 -6.325137e-02 2.434432e+02
-6.591030e-02 -8.501784e-03 -9.977893e-01 2.843988e+01 8.991695e-02 9.958448e-01 -1.442480e-02 -8.204463e+00 9.937660e-01 -9.066892e-02 -6.487197e-02 2.434100e+02
-6.841680e-02 -3.044296e-03 -9.976522e-01 2.755395e+01 8.933459e-02 9.959595e-01 -9.165501e-03 -8.241750e+00 9.936491e-01 -8.975192e-02 -6.786840e-02 2.433860e+02
-6.038725e-02 -5.798441e-04 -9.981749e-01 2.669384e+01 8.569768e-02 9.963045e-01 -5.763267e-03 -8.264289e+00 9.944895e-01 -8.588930e-02 -6.011440e-02 2.430436e+02
-5.499115e-02 3.504168e-02 -9.978718e-01 2.563222e+01 8.628907e-02 9.958119e-01 3.021408e-02 -8.593879e+00 9.947513e-01 -8.444391e-02 -5.778456e-02 2.429375e+02
-5.011308e-02 3.538134e-02 -9.981166e-01 2.476856e+01 8.040661e-02 9.962713e-01 3.127890e-02 -8.443637e+00 9.955016e-01 -7.868770e-02 -5.277112e-02 2.427444e+02
-4.506546e-02 3.599888e-02 -9.983352e-01 2.395115e+01 8.445928e-02 9.959098e-01 3.209888e-02 -8.541081e+00 9.954073e-01 -8.287212e-02 -4.792158e-02 2.426207e+02
-3.813256e-02 3.350337e-02 -9.987109e-01 2.309014e+01 8.207414e-02 9.961660e-01 3.028426e-02 -8.492698e+00 9.958965e-01 -8.081352e-02 -4.073612e-02 2.424193e+02
-3.573153e-02 3.143114e-02 -9.988670e-01 2.223944e+01 8.038560e-02 9.963570e-01 2.847659e-02 -8.411844e+00 9.961232e-01 -7.927702e-02 -3.812797e-02 2.423563e+02
-3.467504e-02 2.907064e-02 -9.989757e-01 2.139252e+01 8.078098e-02 9.963877e-01 2.619137e-02 -8.386569e+00 9.961285e-01 -7.979005e-02 -3.689813e-02 2.423409e+02
-3.192380e-02 2.376935e-02 -9.992076e-01 2.057655e+01 8.417923e-02 9.962291e-01 2.100905e-02 -8.423742e+00 9.959391e-01 -8.344184e-02 -3.380430e-02 2.422835e+02
-3.389348e-02 1.873734e-02 -9.992498e-01 1.973702e+01 8.408083e-02 9.963332e-01 1.583071e-02 -8.415171e+00 9.958823e-01 -8.348119e-02 -3.534465e-02 2.423386e+02
-3.229303e-02 1.875067e-02 -9.993025e-01 1.891464e+01 8.246183e-02 9.964653e-01 1.603263e-02 -8.411003e+00 9.960709e-01 -8.188657e-02 -3.372509e-02 2.423121e+02
-3.099085e-02 1.732823e-02 -9.993695e-01 1.801887e+01 8.207893e-02 9.965169e-01 1.473347e-02 -8.419352e+00 9.961439e-01 -8.157057e-02 -3.230519e-02 2.422936e+02
-3.075052e-02 1.380467e-02 -9.994318e-01 1.720067e+01 8.219815e-02 9.965527e-01 1.123583e-02 -8.412558e+00 9.961415e-01 -8.180593e-02 -3.177923e-02 2.422764e+02
-3.081415e-02 1.143998e-02 -9.994597e-01 1.637831e+01 8.591849e-02 9.962637e-01 8.754464e-03 -8.416959e+00 9.958255e-01 -8.560230e-02 -3.168192e-02 2.422490e+02
-2.949359e-02 1.826514e-02 -9.993981e-01 1.546755e+01 9.022065e-02 9.958006e-01 1.553686e-02 -8.455952e+00 9.954850e-01 -8.970811e-02 -3.101763e-02 2.421459e+02
-3.150202e-02 2.076377e-02 -9.992880e-01 1.464869e+01 9.262455e-02 9.955426e-01 1.776600e-02 -8.456567e+00 9.952027e-01 -9.199894e-02 -3.328484e-02 2.421293e+02
-3.375688e-02 2.239658e-02 -9.991791e-01 1.383310e+01 9.189861e-02 9.955830e-01 1.921121e-02 -8.473087e+00 9.951960e-01 -9.117466e-02 -3.566599e-02 2.420987e+02
-3.628271e-02 2.334083e-02 -9.990690e-01 1.300776e+01 8.889315e-02 9.958396e-01 2.003710e-02 -8.478154e+00 9.953801e-01 -8.808338e-02 -3.820660e-02 2.420517e+02
-3.946365e-02 2.505085e-02 -9.989069e-01 1.205813e+01 8.586757e-02 9.960727e-01 2.158742e-02 -8.511158e+00 9.955247e-01 -8.492179e-02 -4.145972e-02 2.419722e+02
-4.295377e-02 2.684617e-02 -9.987163e-01 1.121943e+01 8.437873e-02 9.961648e-01 2.314854e-02 -8.525635e+00 9.955075e-01 -8.327610e-02 -4.505428e-02 2.418736e+02
-4.775416e-02 2.943793e-02 -9.984252e-01 1.044748e+01 8.369938e-02 9.961681e-01 2.536808e-02 -8.522870e+00 9.953461e-01 -8.235614e-02 -5.003511e-02 2.418384e+02
-5.171902e-02 3.169747e-02 -9.981585e-01 9.631894e+00 8.434315e-02 9.960638e-01 2.726076e-02 -8.516799e+00 9.950937e-01 -8.277793e-02 -5.418891e-02 2.417630e+02
-5.670800e-02 3.424152e-02 -9.978034e-01 8.854661e+00 8.612417e-02 9.958541e-01 2.927995e-02 -8.503165e+00 9.946692e-01 -8.427459e-02 -5.942192e-02 2.417233e+02
-6.089987e-02 3.727066e-02 -9.974478e-01 8.157695e+00 8.903964e-02 9.955215e-01 3.176231e-02 -8.483508e+00 9.941645e-01 -8.687808e-02 -6.394570e-02 2.416822e+02
-6.392904e-02 4.255592e-02 -9.970467e-01 7.366895e+00 9.077164e-02 9.951969e-01 3.665683e-02 -8.489661e+00 9.938177e-01 -8.816012e-02 -6.748485e-02 2.415927e+02
-6.752572e-02 4.599285e-02 -9.966569e-01 6.767763e+00 9.065835e-02 9.950873e-01 3.977811e-02 -8.439045e+00 9.935901e-01 -8.766923e-02 -7.136362e-02 2.416111e+02
-6.885099e-02 5.064363e-02 -9.963407e-01 6.007562e+00 8.921112e-02 9.950221e-01 4.441178e-02 -8.412560e+00 9.936302e-01 -8.582687e-02 -7.302623e-02 2.415409e+02
-6.931133e-02 5.818074e-02 -9.958971e-01 5.261350e+00 8.983468e-02 9.946059e-01 5.185310e-02 -8.429694e+00 9.935420e-01 -8.587208e-02 -7.416410e-02 2.414834e+02
