9.999900e-01 -2.582499e-03 -3.653872e-03 -5.852386e-04 2.573827e-03 9.999939e-01 -2.376095e-03 -4.891246e-04 3.659986e-03 2.366667e-03 9.999905e-01 6.980723e-01
9.999661e-01 -1.561953e-03 -8.080014e-03 -8.460230e-03 1.529929e-03 9.999910e-01 -3.968048e-03 -9.091778e-03 8.086139e-03 3.955552e-03 9.999595e-01 1.410958e+00
9.999305e-01 -1.009513e-03 -1.174623e-02 -2.950245e-02 9.449393e-04 9.999844e-01 -5.501621e-03 -1.598060e-02 1.175160e-02 5.490140e-03 9.999159e-01 2.134639e+00
9.998610e-01 9.333681e-04 -1.664584e-02 -5.162789e-02 -1.034893e-03 9.999809e-01 -6.091561e-03 -2.431694e-02 1.663983e-02 6.107941e-03 9.998429e-01 2.875440e+00
9.997734e-01 1.652322e-04 -2.128818e-02 -7.168610e-02 -2.997369e-04 9.999800e-01 -6.315249e-03 -3.601027e-02 2.128671e-02 6.320199e-03 9.997534e-01 3.628031e+00
9.996707e-01 2.349166e-03 -2.555279e-02 -1.132221e-01 -2.546385e-03 9.999672e-01 -7.688305e-03 -4.272708e-02 2.553389e-02 7.750841e-03 9.996439e-01 4.393943e+00
9.995252e-01 5.219134e-03 -3.036544e-02 -1.564732e-01 -5.476980e-03 9.999496e-01 -8.414456e-03 -4.994972e-02 3.031999e-02 8.576772e-03 9.995034e-01 5.177780e+00
9.993750e-01 5.827392e-03 -3.486531e-02 -1.916591e-01 -6.072758e-03 9.999575e-01 -6.935776e-03 -5.903101e-02 3.482341e-02 7.143170e-03 9.993680e-01 5.986188e+00
9.992120e-01 5.366903e-03 -3.932755e-02 -2.288412e-01 -5.557018e-03 9.999734e-01 -4.726436e-03 -6.608476e-02 3.930114e-02 4.941255e-03 9.992152e-01 6.807570e+00
9.990668e-01 4.585147e-03 -4.294686e-02 -2.672490e-01 -4.687779e-03 9.999864e-01 -2.289334e-03 -7.497674e-02 4.293578e-02 2.488523e-03 9.990747e-01 7.626147e+00
9.989478e-01 6.237521e-03 -4.543503e-02 -3.132503e-01 -6.363807e-03 9.999763e-01 -2.635372e-03 -9.015927e-02 4.541751e-02 2.921739e-03 9.989638e-01 8.447826e+00
9.988214e-01 5.929375e-03 -4.817214e-02 -3.492250e-01 -6.052370e-03 9.999788e-01 -2.407770e-03 -1.107768e-01 4.815684e-02 2.696488e-03 9.988361e-01 9.282597e+00
9.987444e-01 3.353281e-03 -4.998424e-02 -3.944247e-01 -3.509678e-03 9.999892e-01 -3.041497e-03 -1.219288e-01 4.997350e-02 3.213107e-03 9.987454e-01 1.012494e+01
9.986283e-01 3.305743e-03 -5.225568e-02 -4.416696e-01 -3.416890e-03 9.999921e-01 -2.037791e-03 -1.352085e-01 5.224853e-02 2.213547e-03 9.986317e-01 1.097474e+01
9.985750e-01 2.479175e-03 -5.330898e-02 -5.040271e-01 -2.604976e-03 9.999940e-01 -2.290501e-03 -1.533900e-01 5.330298e-02 2.426106e-03 9.985754e-01 1.183307e+01
9.984638e-01 4.706214e-03 -5.520721e-02 -5.668890e-01 -4.942435e-03 9.999792e-01 -4.143062e-03 -1.761591e-01 5.518657e-02 4.409555e-03 9.984663e-01 1.272676e+01
9.983721e-01 4.836388e-03 -5.683154e-02 -6.203216e-01 -5.241283e-03 9.999619e-01 -6.977580e-03 -1.847882e-01 5.679563e-02 7.264091e-03 9.983594e-01 1.360088e+01
9.982637e-01 9.160788e-03 -5.818649e-02 -7.152835e-01 -9.669134e-03 9.999175e-01 -8.460959e-03 -2.031078e-01 5.810418e-02 9.008881e-03 9.982699e-01 1.451720e+01
9.981951e-01 1.031137e-02 -5.916221e-02 -7.904659e-01 -1.082241e-02 9.999068e-01 -8.323936e-03 -2.166553e-01 5.907086e-02 8.949190e-03 9.982137e-01 1.542806e+01
9.981163e-01 9.141287e-03 -6.066607e-02 -8.531203e-01 -9.592983e-03 9.999284e-01 -7.158530e-03 -2.240349e-01 6.059628e-02 7.727014e-03 9.981324e-01 1.633478e+01
9.980247e-01 9.751670e-03 -6.206195e-02 -9.150012e-01 -1.012385e-02 9.999326e-01 -5.685233e-03 -2.425954e-01 6.200232e-02 6.302309e-03 9.980561e-01 1.724273e+01
9.979472e-01 9.515269e-03 -6.333145e-02 -9.663660e-01 -9.905474e-03 9.999338e-01 -5.850181e-03 -2.527908e-01 6.327160e-02 6.465500e-03 9.979754e-01 1.815739e+01
9.978299e-01 9.682616e-03 -6.512885e-02 -1.029464e+00 -1.011931e-02 9.999285e-01 -6.378487e-03 -2.765645e-01 6.506243e-02 7.023704e-03 9.978565e-01 1.906936e+01
9.977465e-01 8.209531e-03 -6.659285e-02 -1.075508e+00 -8.744319e-03 9.999318e-01 -7.743205e-03 -2.824882e-01 6.652474e-02 8.308065e-03 9.977502e-01 1.999315e+01
9.977094e-01 7.688802e-03 -6.720706e-02 -1.138705e+00 -8.108628e-03 9.999493e-01 -5.976204e-03 -3.004243e-01 6.715770e-02 6.507472e-03 9.977212e-01 2.093167e+01
9.976958e-01 9.256220e-03 -6.721153e-02 -1.203628e+00 -9.416433e-03 9.999535e-01 -2.067297e-03 -3.243901e-01 6.718927e-02 2.695426e-03 9.977366e-01 2.187258e+01
9.977001e-01 1.013578e-02 -6.702135e-02 -1.260289e+00 -1.003825e-02 9.999480e-01 1.791767e-03 -3.422526e-01 6.703603e-02 -1.114869e-03 9.977499e-01 2.283063e+01
9.978081e-01 8.958583e-03 -6.556483e-02 -1.325963e+00 -8.688366e-03 9.999526e-01 4.405346e-03 -3.494541e-01 6.560118e-02 -3.826039e-03 9.978386e-01 2.377181e+01
9.979152e-01 9.104039e-03 -6.389395e-02 -1.393462e+00 -8.765418e-03 9.999460e-01 5.578060e-03 -3.658842e-01 6.394128e-02 -5.006373e-03 9.979411e-01 2.471444e+01
9.980027e-01 9.346413e-03 -6.247645e-02 -1.462642e+00 -9.192908e-03 9.999540e-01 2.744003e-03 -3.705296e-01 6.249922e-02 -2.164182e-03 9.980427e-01 2.567211e+01
9.980352e-01 1.037993e-02 -6.178915e-02 -1.524457e+00 -1.051030e-02 9.999432e-01 -1.785289e-03 -3.819524e-01 6.176711e-02 2.431204e-03 9.980876e-01 2.663079e+01
9.981337e-01 9.583050e-03 -6.030958e-02 -1.588691e+00 -9.872734e-03 9.999411e-01 -4.507129e-03 -3.977201e-01 6.026284e-02 5.094138e-03 9.981695e-01 2.759483e+01
9.981928e-01 7.165103e-03 -5.966351e-02 -1.648119e+00 -7.392609e-03 9.999662e-01 -3.593303e-03 -4.118412e-01 5.963575e-02 4.027878e-03 9.982121e-01 2.856850e+01
9.981941e-01 4.797230e-03 -5.987891e-02 -1.718252e+00 -4.719013e-03 9.999878e-01 1.447604e-03 -4.325411e-01 5.988512e-02 -1.162420e-03 9.982046e-01 2.957314e+01
9.981587e-01 8.715133e-05 -6.065646e-02 -1.789193e+00 2.155527e-04 9.999876e-01 4.983905e-03 -4.546279e-01 6.065614e-02 -4.987803e-03 9.981463e-01 3.059258e+01
9.980308e-01 -8.089694e-03 -6.220206e-02 -1.829670e+00 8.367120e-03 9.999562e-01 4.200900e-03 -4.692794e-01 6.216535e-02 -4.713079e-03 9.980547e-01 3.158314e+01
9.979014e-01 -9.603353e-03 -6.403555e-02 -1.879492e+00 9.639773e-03 9.999535e-01 2.598007e-04 -4.828112e-01 6.403008e-02 -8.765436e-04 9.979476e-01 3.257469e+01
9.978054e-01 -9.102251e-03 -6.558558e-02 -1.952903e+00 8.901845e-03 9.999548e-01 -3.347231e-03 -4.973622e-01 6.561308e-02 2.756052e-03 9.978413e-01 3.356528e+01
9.976661e-01 -7.409437e-03 -6.787774e-02 -2.025862e+00 7.145857e-03 9.999660e-01 -4.125140e-03 -5.072750e-01 6.790599e-02 3.630468e-03 9.976851e-01 3.456371e+01
9.975898e-01 -7.754076e-03 -6.895309e-02 -2.097000e+00 7.556513e-03 9.999666e-01 -3.125554e-03 -5.101940e-01 6.897502e-02 2.596976e-03 9.976150e-01 3.556184e+01
9.975357e-01 -3.834184e-03 -7.005547e-02 -2.179154e+00 3.826968e-03 9.999926e-01 -2.372254e-04 -5.265139e-01 7.005587e-02 -3.145930e-05 9.975431e-01 3.656684e+01
9.974617e-01 -3.849519e-03 -7.110125e-02 -2.264207e+00 3.927175e-03 9.999918e-01 9.524269e-04 -5.377787e-01 7.109700e-02 -1.229236e-03 9.974686e-01 3.755687e+01
9.973746e-01 -2.911680e-03 -7.235625e-02 -2.335055e+00 3.216199e-03 9.999865e-01 4.092466e-03 -5.569940e-01 7.234335e-02 -4.314434e-03 9.973705e-01 3.854627e+01
9.973946e-01 -3.019470e-03 -7.207611e-02 -2.413229e+00 3.525551e-03 9.999700e-01 6.895286e-03 -5.637510e-01 7.205313e-02 -7.131429e-03 9.973753e-01 3.955006e+01
9.973473e-01 1.998189e-03 -7.276250e-02 -2.496360e+00 -1.323571e-03 9.999557e-01 9.318539e-03 -5.652538e-01 7.277790e-02 -9.197513e-03 9.973058e-01 4.054879e+01
9.973026e-01 2.093461e-03 -7.336969e-02 -2.571311e+00 -1.445716e-03 9.999595e-01 8.880503e-03 -5.737777e-01 7.338531e-02 -8.750477e-03 9.972653e-01 4.156320e+01
9.973079e-01 2.448650e-03 -7.328662e-02 -2.647656e+00 -1.934156e-03 9.999730e-01 7.090448e-03 -5.757836e-01 7.330201e-02 -6.929612e-03 9.972857e-01 4.256909e+01
9.973014e-01 4.718276e-03 -7.326367e-02 -2.731110e+00 -4.346392e-03 9.999769e-01 5.234576e-03 -5.862155e-01 7.328668e-02 -4.902018e-03 9.972989e-01 4.357177e+01
9.972353e-01 3.587387e-03 -7.422234e-02 -2.810741e+00 -3.230966e-03 9.999827e-01 4.921581e-03 -5.885253e-01 7.423871e-02 -4.668164e-03 9.972296e-01 4.458619e+01
9.971223e-01 1.883922e-03 -7.578635e-02 -2.878654e+00 -1.431132e-03 9.999808e-01 6.028432e-03 -6.034621e-01 7.579625e-02 -5.902624e-03 9.971059e-01 4.558991e+01
9.970734e-01 2.427909e-03 -7.641112e-02 -2.967166e+00 -1.893725e-03 9.999733e-01 7.062601e-03 -6.177853e-01 7.642622e-02 -6.897230e-03 9.970514e-01 4.658668e+01
9.970346e-01 5.767996e-03 -7.673806e-02 -3.053931e+00 -5.484702e-03 9.999773e-01 3.901938e-03 -6.358912e-01 7.675883e-02 -3.469481e-03 9.970437e-01 4.757282e+01
9.969390e-01 6.255962e-03 -7.793245e-02 -3.132103e+00 -6.318562e-03 9.999799e-01 -5.567000e-04 -6.370631e-01 7.792740e-02 1.047417e-03 9.969585e-01 4.855378e+01
9.968601e-01 7.541208e-03 -7.882367e-02 -3.214504e+00 -7.700417e-03 9.999689e-01 -1.716041e-03 -6.544037e-01 7.880827e-02 2.317628e-03 9.968871e-01 4.953525e+01
9.968533e-01 6.359318e-03 -7.901293e-02 -3.298089e+00 -6.238593e-03 9.999790e-01 1.774672e-03 -6.745805e-01 7.902255e-02 -1.276158e-03 9.968720e-01 5.052639e+01
9.968178e-01 4.716235e-03 -7.957461e-02 -3.366730e+00 -4.367628e-03 9.999801e-01 4.554364e-03 -6.921868e-01 7.959451e-02 -4.192319e-03 9.968185e-01 5.150344e+01
9.967667e-01 3.009268e-03 -8.029352e-02 -3.437154e+00 -2.629846e-03 9.999849e-01 4.830774e-03 -7.028904e-01 8.030685e-02 -4.603995e-03 9.967596e-01 5.248900e+01
9.967429e-01 3.133135e-04 -8.064366e-02 -3.520094e+00 -5.105094e-05 9.999947e-01 3.254157e-03 -7.109455e-01 8.064426e-02 -3.239441e-03 9.967377e-01 5.345884e+01
9.966885e-01 -2.593286e-03 -8.127353e-02 -3.603573e+00 2.731907e-03 9.999950e-01 1.594459e-03 -7.230783e-01 8.126899e-02 -1.811210e-03 9.966906e-01 5.442655e+01
9.965852e-01 -4.196909e-03 -8.246447e-02 -3.685181e+00 4.440781e-03 9.999863e-01 2.774102e-03 -7.384918e-01 8.245169e-02 -3.130835e-03 9.965901e-01 5.537483e+01
9.964534e-01 -7.511555e-03 -8.381024e-02 -3.756254e+00 8.068162e-03 9.999476e-01 6.304556e-03 -7.442405e-01 8.375849e-02 -6.958391e-03 9.964618e-01 5.632335e+01
9.963631e-01 -9.219945e-03 -8.470830e-02 -3.833026e+00 1.023692e-02 9.998806e-01 1.157910e-02 -7.617380e-01 8.459142e-02 -1.240414e-02 9.963385e-01 5.727707e+01
9.963217e-01 -8.268687e-03 -8.529149e-02 -3.922347e+00 9.504821e-03 9.998555e-01 1.409716e-02 -7.676629e-01 8.516260e-02 -1.485598e-02 9.962563e-01 5.823813e+01
9.962002e-01 -6.747137e-03 -8.683147e-02 -4.004276e+00 7.654844e-03 9.999194e-01 1.012494e-02 -7.702319e-01 8.675616e-02 -1.075114e-02 9.961716e-01 5.917630e+01
9.961014e-01 -3.974147e-03 -8.812567e-02 -4.094901e+00 4.211169e-03 9.999880e-01 2.503842e-03 -7.774563e-01 8.811466e-02 -2.865193e-03 9.961062e-01 6.010218e+01
9.960484e-01 -2.134232e-03 -8.878620e-02 -4.191241e+00 1.929628e-03 9.999953e-01 -2.390230e-03 -7.775793e-01 8.879088e-02 2.209461e-03 9.960478e-01 6.102287e+01
9.959435e-01 3.101286e-03 -8.992774e-02 -4.289861e+00 -3.236344e-03 9.999938e-01 -1.356083e-03 -7.896313e-01 8.992298e-02 1.641620e-03 9.959474e-01 6.194097e+01
9.958376e-01 5.479080e-03 -9.098063e-02 -4.382519e+00 -5.414294e-03 9.999849e-01 9.588828e-04 -8.035227e-01 9.098451e-02 -4.622956e-04 9.958522e-01 6.285488e+01
9.956978e-01 7.207637e-03 -9.237915e-02 -4.475158e+00 -6.993429e-03 9.999721e-01 2.642294e-03 -8.170078e-01 9.239561e-02 -1.984880e-03 9.957204e-01 6.377742e+01
9.955902e-01 8.006388e-03 -9.346673e-02 -4.572656e+00 -7.806355e-03 9.999664e-01 2.505585e-03 -8.300725e-01 9.348365e-02 -1.764902e-03 9.956193e-01 6.467003e+01
9.954474e-01 9.371775e-03 -9.485039e-02 -4.670298e+00 -9.087916e-03 9.999528e-01 3.424236e-03 -8.420656e-01 9.487801e-02 -2.546655e-03 9.954856e-01 6.555402e+01
9.953172e-01 9.539475e-03 -9.619072e-02 -4.762935e+00 -9.205231e-03 9.999500e-01 3.917968e-03 -8.522890e-01 9.622329e-02 -3.014163e-03 9.953552e-01 6.641232e+01
9.951446e-01 9.354559e-03 -9.797865e-02 -4.839646e+00 -8.950800e-03 9.999495e-01 4.559643e-03 -8.717704e-01 9.801636e-02 -3.660516e-03 9.951781e-01 6.722539e+01
9.950098e-01 9.348225e-03 -9.933831e-02 -4.921393e+00 -8.808881e-03 9.999440e-01 5.866596e-03 -8.869667e-01 9.938759e-02 -4.962261e-03 9.950364e-01 6.803269e+01
9.948738e-01 1.150589e-02 -1.004673e-01 -5.021792e+00 -1.067794e-02 9.999045e-01 8.774822e-03 -8.920170e-01 1.005586e-01 -7.657058e-03 9.949017e-01 6.883505e+01
9.947047e-01 1.262750e-02 -1.019954e-01 -5.107539e+00 -1.135615e-02 9.998505e-01 1.303577e-02 -9.011185e-01 1.021448e-01 -1.180846e-02 9.946995e-01 6.964667e+01
9.944596e-01 1.588039e-02 -1.039127e-01 -5.190273e+00 -1.435293e-02 9.997779e-01 1.543074e-02 -9.211772e-01 1.041347e-01 -1.385379e-02 9.944667e-01 7.043590e+01
9.942886e-01 1.938645e-02 -1.049489e-01 -5.291714e+00 -1.824836e-02 9.997639e-01 1.179371e-02 -9.343268e-01 1.051528e-01 -9.811204e-03 9.944077e-01 7.119658e+01
9.940778e-01 2.059138e-02 -1.067023e-01 -5.362326e+00 -2.020497e-02 9.997848e-01 4.701243e-03 -9.494166e-01 1.067762e-01 -2.517484e-03 9.942799e-01 7.193370e+01
9.939265e-01 2.022856e-02 -1.081706e-01 -5.446264e+00 -2.044596e-02 9.997906e-01 -9.009705e-04 -9.627471e-01 1.081297e-01 3.107150e-03 9.941319e-01 7.264959e+01
9.937930e-01 2.124429e-02 -1.091975e-01 -5.518543e+00 -2.155360e-02 9.997663e-01 -1.652867e-03 -9.815379e-01 1.091369e-01 3.996208e-03 9.940187e-01 7.334697e+01
9.936152e-01 2.385906e-02 -1.102703e-01 -5.596469e+00 -2.383387e-02 9.997147e-01 1.546694e-03 -9.819589e-01 1.102757e-01 1.091349e-03 9.939004e-01 7.402420e+01
9.935080e-01 2.394383e-02 -1.112139e-01 -5.690800e+00 -2.363735e-02 9.997123e-01 4.073574e-03 -1.003514e+00 1.112795e-01 -1.418325e-03 9.937881e-01 7.469135e+01
9.934259e-01 2.121985e-02 -1.124932e-01 -5.759466e+00 -2.125422e-02 9.997737e-01 8.938230e-04 -1.024134e+00 1.124867e-01 1.503009e-03 9.936521e-01 7.533791e+01
9.935003e-01 1.342717e-02 -1.130348e-01 -5.808602e+00 -1.409130e-02 9.998878e-01 -5.078538e-03 -1.040220e+00 1.129539e-01 6.638337e-03 9.935780e-01 7.596004e+01
9.936619e-01 9.926618e-03 -1.119708e-01 -5.875850e+00 -1.109977e-02 9.998898e-01 -9.858761e-03 -1.056183e+00 1.118606e-01 1.103913e-02 9.936626e-01 7.656595e+01
9.939399e-01 1.215742e-02 -1.092505e-01 -5.937464e+00 -1.329484e-02 9.998647e-01 -9.688700e-03 -1.071333e+00 1.091180e-01 1.108245e-02 9.939670e-01 7.715939e+01
9.943025e-01 1.698954e-02 -1.052330e-01 -6.006493e+00 -1.771899e-02 9.998250e-01 -6.000686e-03 -1.086337e+00 1.051127e-01 7.831120e-03 9.944295e-01 7.773970e+01
9.947870e-01 1.489442e-02 -1.008812e-01 -6.059767e+00 -1.528208e-02 9.998785e-01 -3.070964e-03 -1.099813e+00 1.008233e-01 4.596630e-03 9.948937e-01 7.830405e+01
9.954213e-01 1.070491e-02 -9.498317e-02 -6.111157e+00 -1.073918e-02 9.999423e-01 1.503899e-04 -1.101815e+00 9.497930e-02 8.703397e-04 9.954789e-01 7.885399e+01
9.961977e-01 5.812452e-03 -8.692702e-02 -6.147705e+00 -5.552956e-03 9.999794e-01 3.226731e-03 -1.118486e+00 8.694398e-02 -2.731761e-03 9.962095e-01 7.939172e+01
9.970708e-01 9.232808e-03 -7.592505e-02 -6.193775e+00 -8.976069e-03 9.999528e-01 3.722044e-03 -1.133916e+00 7.595583e-02 -3.029633e-03 9.971066e-01 7.991217e+01
9.980189e-01 1.427540e-02 -6.127309e-02 -6.216209e+00 -1.408089e-02 9.998944e-01 3.605107e-03 -1.141017e+00 6.131808e-02 -2.735186e-03 9.981145e-01 8.042633e+01
9.988830e-01 1.913791e-02 -4.320344e-02 -6.235535e+00 -1.894934e-02 9.998091e-01 4.769863e-03 -1.151307e+00 4.328647e-02 -3.945858e-03 9.990549e-01 8.093609e+01
9.996230e-01 1.729395e-02 -2.132405e-02 -6.229199e+00 -1.717473e-02 9.998359e-01 5.761215e-03 -1.161109e+00 2.142018e-02 -5.392809e-03 9.997560e-01 8.142891e+01
9.999023e-01 1.322955e-02 4.503234e-03 -6.199490e+00 -1.326071e-02 9.998878e-01 6.961504e-03 -1.171660e+00 -4.410631e-03 -7.020540e-03 9.999656e-01 8.190812e+01
9.993498e-01 1.202209e-02 3.399300e-02 -6.158861e+00 -1.232509e-02 9.998860e-01 8.718306e-03 -1.175818e+00 -3.388431e-02 -9.131604e-03 9.993840e-01 8.237265e+01
9.976885e-01 1.148080e-02 6.697703e-02 -6.098846e+00 -1.220731e-02 9.998709e-01 1.044794e-02 -1.183317e+00 -6.684844e-02 -1.124140e-02 9.976998e-01 8.284048e+01
9.944846e-01 1.122698e-02 1.042804e-01 -6.020673e+00 -1.244087e-02 9.998621e-01 1.099743e-02 -1.182985e+00 -1.041426e-01 -1.223411e-02 9.944871e-01 8.329235e+01
9.891885e-01 1.091404e-02 1.462426e-01 -5.929419e+00 -1.270375e-02 9.998553e-01 1.130958e-02 -1.186638e+00 -1.460980e-01 -1.304514e-02 9.891841e-01 8.373661e+01
9.815381e-01 9.982045e-03 1.910059e-01 -5.803395e+00 -1.245901e-02 9.998531e-01 1.177145e-02 -1.191839e+00 -1.908604e-01 -1.393387e-02 9.815183e-01 8.416910e+01
9.706150e-01 1.094236e-02 2.403889e-01 -5.671467e+00 -1.384857e-02 9.998500e-01 1.040363e-02 -1.207191e+00 -2.402390e-01 -1.342697e-02 9.706209e-01 8.459026e+01
9.557127e-01 1.049793e-02 2.941139e-01 -5.520977e+00 -1.341480e-02 9.998788e-01 7.901829e-03 -1.208648e+00 -2.939953e-01 -1.149736e-02 9.557377e-01 8.499099e+01
9.364337e-01 1.035366e-02 3.506917e-01 -5.343805e+00 -1.326619e-02 9.998946e-01 5.903586e-03 -1.206881e+00 -3.505936e-01 -1.018066e-02 9.364724e-01 8.538071e+01
9.127847e-01 1.014737e-02 4.083150e-01 -5.119651e+00 -1.239779e-02 9.999190e-01 2.865353e-03 -1.189436e+00 -4.082529e-01 -7.677654e-03 9.128366e-01 8.577744e+01
8.840219e-01 9.569694e-03 4.673475e-01 -4.905405e+00 -1.168887e-02 9.999303e-01 1.635167e-03 -1.187287e+00 -4.672993e-01 -6.908289e-03 8.840722e-01 8.612742e+01
8.503277e-01 6.142441e-03 5.262177e-01 -4.674466e+00 -8.221566e-03 9.999649e-01 1.613022e-03 -1.190922e+00 -5.261893e-01 -5.697931e-03 8.503484e-01 8.646435e+01
8.103067e-01 5.031106e-03 5.859845e-01 -4.381741e+00 -3.575560e-03 9.999870e-01 -3.641292e-03 -1.120022e+00 -5.859952e-01 8.553407e-04 8.103141e-01 8.690163e+01
7.645388e-01 3.369428e-03 6.445689e-01 -4.083732e+00 1.743833e-03 9.999719e-01 -7.295669e-03 -1.039837e+00 -6.445753e-01 6.701843e-03 7.645114e-01 8.735818e+01
7.166362e-01 5.150729e-03 6.974281e-01 -3.782408e+00 7.911570e-04 9.999661e-01 -8.198015e-03 -1.022526e+00 -6.974467e-01 6.426770e-03 7.166078e-01 8.773921e+01
6.672890e-01 4.052608e-03 7.447878e-01 -3.460293e+00 3.629380e-03 9.999556e-01 -8.692775e-03 -9.929309e-01 -7.447900e-01 8.503712e-03 6.672447e-01 8.805598e+01
6.188765e-01 1.816119e-03 7.854862e-01 -3.075398e+00 6.067477e-03 9.999564e-01 -7.092498e-03 -1.013197e+00 -7.854648e-01 9.155300e-03 6.188386e-01 8.830465e+01
5.702263e-01 -2.684138e-03 8.214833e-01 -2.669091e+00 9.738258e-03 9.999465e-01 -3.492483e-03 -1.032652e+00 -8.214299e-01 9.991322e-03 5.702219e-01 8.853323e+01
5.220984e-01 9.547564e-05 8.528852e-01 -2.244338e+00 9.080712e-03 9.999427e-01 -5.670746e-03 -1.056215e+00 -8.528369e-01 1.070549e-02 5.220676e-01 8.874248e+01
4.728093e-01 4.642185e-03 8.811525e-01 -1.839396e+00 7.981239e-03 9.999225e-01 -9.550479e-03 -1.071345e+00 -8.811286e-01 1.154824e-02 4.727356e-01 8.894234e+01
4.252722e-01 7.915629e-03 9.050309e-01 -1.419558e+00 7.801944e-03 9.998925e-01 -1.241143e-02 -1.100795e+00 -9.050319e-01 1.233924e-02 4.251647e-01 8.912336e+01
3.820892e-01 2.086427e-03 9.241231e-01 -1.036088e+00 1.049582e-02 9.999232e-01 -6.597179e-03 -1.115821e+00 -9.240658e-01 1.222014e-02 3.820379e-01 8.923802e+01
3.414714e-01 -1.166579e-02 9.398198e-01 -6.381483e-01 1.348562e-02 9.998809e-01 7.511491e-03 -1.121166e+00 -9.397954e-01 1.010909e-02 3.415880e-01 8.932853e+01
3.061658e-01 -1.527144e-02 9.518557e-01 -2.371052e-01 1.272878e-02 9.998476e-01 1.194719e-02 -1.120059e+00 -9.518931e-01 8.458141e-03 3.063135e-01 8.940232e+01
2.731890e-01 -1.091248e-02 9.618985e-01 2.106940e-01 1.442538e-02 9.998697e-01 7.246300e-03 -1.135270e+00 -9.618522e-01 1.189614e-02 2.733108e-01 8.947337e+01
2.433236e-01 6.770477e-04 9.699449e-01 6.680741e-01 1.660120e-02 9.998504e-01 -4.862555e-03 -1.141492e+00 -9.698031e-01 1.728542e-02 2.432760e-01 8.955040e+01
2.147304e-01 7.257434e-03 9.766464e-01 1.160452e+00 1.792062e-02 9.997748e-01 -1.136942e-02 -1.170423e+00 -9.765089e-01 1.994347e-02 2.145519e-01 8.964076e+01
1.893564e-01 8.356522e-03 9.818729e-01 1.668070e+00 1.903833e-02 9.997446e-01 -1.218021e-02 -1.193691e+00 -9.817238e-01 2.099962e-02 1.891489e-01 8.967245e+01
1.661563e-01 2.903888e-03 9.860952e-01 2.200157e+00 2.262965e-02 9.997211e-01 -6.757093e-03 -1.206750e+00 -9.858397e-01 2.343772e-02 1.660443e-01 8.968268e+01
1.459447e-01 -3.566899e-03 9.892863e-01 2.741875e+00 3.152913e-02 9.995023e-01 -1.047610e-03 -1.197435e+00 -9.887902e-01 3.134423e-02 1.459845e-01 8.971656e+01
1.266095e-01 -3.720745e-03 9.919457e-01 3.377738e+00 3.957140e-02 9.992159e-01 -1.302781e-03 -1.170408e+00 -9.911630e-01 3.941763e-02 1.266575e-01 8.977902e+01
1.087978e-01 -5.543628e-04 9.940637e-01 4.078651e+00 4.058152e-02 9.991687e-01 -3.884338e-03 -1.146688e+00 -9.932352e-01 4.076323e-02 1.087299e-01 8.985613e+01
9.277084e-02 2.524559e-03 9.956843e-01 4.666143e+00 3.640078e-02 9.993197e-01 -5.925345e-03 -1.140286e+00 -9.950219e-01 3.679338e-02 9.261583e-02 8.992378e+01
7.756918e-02 1.375838e-03 9.969860e-01 5.290554e+00 3.384455e-02 9.994191e-01 -4.012426e-03 -1.131735e+00 -9.964123e-01 3.405378e-02 7.747755e-02 8.999518e+01
6.408350e-02 -2.472654e-04 9.979445e-01 5.920598e+00 3.228515e-02 9.994770e-01 -1.825562e-03 -1.131888e+00 -9.974222e-01 3.233578e-02 6.405797e-02 9.003808e+01
5.212177e-02 -3.169529e-03 9.986357e-01 6.530177e+00 3.232879e-02 9.994762e-01 1.484861e-03 -1.122826e+00 -9.981173e-01 3.220730e-02 5.219693e-02 9.010117e+01
4.125670e-02 -5.079774e-03 9.991357e-01 7.113298e+00 3.344413e-02 9.994337e-01 3.700301e-03 -1.124313e+00 -9.985887e-01 3.326256e-02 4.140323e-02 9.015588e+01
3.335635e-02 -7.717574e-03 9.994137e-01 7.762768e+00 3.462827e-02 9.993787e-01 6.561554e-03 -1.114043e+00 -9.988434e-01 3.438910e-02 3.360287e-02 9.019124e+01
2.672317e-02 -8.525691e-03 9.996065e-01 8.481867e+00 3.559861e-02 9.993375e-01 7.571714e-03 -1.109361e+00 -9.990088e-01 3.538226e-02 2.700897e-02 9.025211e+01
1.916188e-02 -8.609580e-03 9.997793e-01 9.282206e+00 3.785864e-02 9.992520e-01 7.879437e-03 -1.088227e+00 -9.990994e-01 3.769930e-02 1.947350e-02 9.038063e+01
1.146482e-02 -7.641006e-03 9.999051e-01 1.002661e+01 3.857439e-02 9.992298e-01 7.193555e-03 -1.076447e+00 -9.991900e-01 3.848826e-02 1.175073e-02 9.048009e+01
6.493799e-03 -8.579510e-03 9.999421e-01 1.071745e+01 3.910659e-02 9.992004e-01 8.319181e-03 -1.074536e+00 -9.992139e-01 3.905030e-02 6.824122e-03 9.051318e+01
3.427856e-03 -1.088265e-02 9.999349e-01 1.140102e+01 3.919387e-02 9.991739e-01 1.074001e-02 -1.064265e+00 -9.992257e-01 3.915451e-02 3.851558e-03 9.051931e+01
3.671796e-04 -1.066553e-02 9.999431e-01 1.207740e+01 3.878690e-02 9.991908e-01 1.064327e-02 -1.064041e+00 -9.992474e-01 3.878079e-02 7.805655e-04 9.051793e+01
-2.056522e-03 -1.216985e-02 9.999238e-01 1.275459e+01 3.813037e-02 9.991978e-01 1.223943e-02 -1.071448e+00 -9.992707e-01 3.815264e-02 -1.590831e-03 9.051494e+01
-3.093945e-03 -1.653924e-02 9.998584e-01 1.343193e+01 3.784752e-02 9.991449e-01 1.664455e-02 -1.069455e+00 -9.992787e-01 3.789366e-02 -2.465330e-03 9.051138e+01
-2.673464e-03 -1.936693e-02 9.998089e-01 1.411942e+01 3.768575e-02 9.991003e-01 1.945397e-02 -1.063029e+00 -9.992861e-01 3.773055e-02 -1.941201e-03 9.052265e+01
-3.601400e-04 -2.072067e-02 9.997852e-01 1.481744e+01 3.790767e-02 9.990664e-01 2.071943e-02 -1.052045e+00 -9.992812e-01 3.790699e-02 4.256685e-04 9.052924e+01
3.283768e-03 -2.384517e-02 9.997103e-01 1.554138e+01 3.817266e-02 9.989900e-01 2.370260e-02 -1.037689e+00 -9.992658e-01 3.808377e-02 4.190685e-03 9.054064e+01
7.575313e-03 -2.460270e-02 9.996686e-01 1.628792e+01 3.773296e-02 9.989924e-01 2.430012e-02 -1.024539e+00 -9.992591e-01 3.753638e-02 8.496012e-03 9.055134e+01
1.174322e-02 -2.614334e-02 9.995892e-01 1.704388e+01 3.639900e-02 9.990068e-01 2.570049e-02 -1.002018e+00 -9.992683e-01 3.608224e-02 1.268315e-02 9.055872e+01
1.587167e-02 -2.579933e-02 9.995411e-01 1.779304e+01 3.477796e-02 9.990764e-01 2.523510e-02 -9.889584e-01 -9.992690e-01 3.436148e-02 1.675426e-02 9.056835e+01
2.048374e-02 -2.301375e-02 9.995253e-01 1.857485e+01 3.223218e-02 9.992306e-01 2.234642e-02 -9.771350e-01 -9.992705e-01 3.175914e-02 2.120976e-02 9.058573e+01
2.498799e-02 -2.214694e-02 9.994424e-01 1.937407e+01 3.095324e-02 9.992924e-01 2.136972e-02 -9.674719e-01 -9.992084e-01 3.040200e-02 2.565583e-02 9.060105e+01
2.932353e-02 -1.938577e-02 9.993820e-01 2.017429e+01 3.173824e-02 9.993259e-01 1.845343e-02 -9.596013e-01 -9.990660e-01 3.117751e-02 2.991903e-02 9.062871e+01
3.245633e-02 -1.755917e-02 9.993189e-01 2.097532e+01 3.603039e-02 9.992163e-01 1.638715e-02 -9.476004e-01 -9.988235e-01 3.547398e-02 3.306355e-02 9.066422e+01
3.435649e-02 -1.204530e-02 9.993371e-01 2.177559e+01 4.071395e-02 9.991142e-01 1.064290e-02 -9.454246e-01 -9.985800e-01 4.032130e-02 3.481647e-02 9.069679e+01
3.445089e-02 -8.855649e-03 9.993672e-01 2.260128e+01 4.366771e-02 9.990191e-01 7.347221e-03 -9.445460e-01 -9.984519e-01 4.338695e-02 3.480380e-02 9.073510e+01
3.452934e-02 -6.463981e-03 9.993828e-01 2.342146e+01 4.277640e-02 9.990722e-01 4.984020e-03 -9.487597e-01 -9.984878e-01 4.257790e-02 3.477381e-02 9.077990e+01
3.450411e-02 -3.685467e-03 9.993978e-01 2.426148e+01 4.071508e-02 9.991682e-01 2.278936e-03 -9.602015e-01 -9.985749e-01 4.061193e-02 3.462547e-02 9.082974e+01
3.409321e-02 -4.507622e-03 9.994085e-01 2.510511e+01 3.959388e-02 9.992109e-01 3.156049e-03 -9.705070e-01 -9.986341e-01 3.946286e-02 3.424478e-02 9.087455e+01
3.477900e-02 -2.608559e-03 9.993916e-01 2.595945e+01 3.878500e-02 9.992468e-01 1.258456e-03 -9.818953e-01 -9.986422e-01 3.871763e-02 3.485397e-02 9.091869e+01
3.479989e-02 -1.733137e-03 9.993928e-01 2.678173e+01 3.901626e-02 9.992385e-01 3.742823e-04 -9.900426e-01 -9.986324e-01 3.897955e-02 3.484101e-02 9.096456e+01
3.531021e-02 1.389617e-03 9.993754e-01 2.761634e+01 3.914974e-02 9.992295e-01 -2.772664e-03 -1.007153e+00 -9.986093e-01 3.922320e-02 3.522860e-02 9.100073e+01
3.351198e-02 4.595046e-03 9.994278e-01 2.850548e+01 4.056919e-02 9.991590e-01 -5.954143e-03 -1.020649e+00 -9.986146e-01 4.074551e-02 3.329738e-02 9.107595e+01
-3.685210e-03 5.750082e-03 9.999767e-01 2.956984e+01 3.148248e-02 9.994884e-01 -5.631253e-03 -1.204099e+00 -9.994975e-01 3.146099e-02 -3.864351e-03 9.178504e+01
-8.488884e-03 8.175624e-03 9.999305e-01 3.046223e+01 3.000379e-02 9.995184e-01 -7.917538e-03 -1.232967e+00 -9.995137e-01 2.993450e-02 -8.730095e-03 9.182819e+01
-1.386456e-02 1.082340e-02 9.998453e-01 3.132313e+01 2.724510e-02 9.995742e-01 -1.044267e-02 -1.263166e+00 -9.995326e-01 2.709610e-02 -1.415354e-02 9.184442e+01
-1.988417e-02 1.308817e-02 9.997166e-01 3.215135e+01 2.509378e-02 9.996058e-01 -1.258761e-02 -1.287083e+00 -9.994873e-01 2.483637e-02 -2.020477e-02 9.183072e+01
-2.695706e-02 1.423419e-02 9.995352e-01 3.298255e+01 2.538513e-02 9.995859e-01 -1.355028e-02 -1.312363e+00 -9.993142e-01 2.500806e-02 -2.730724e-02 9.179999e+01
-3.567387e-02 1.504131e-02 9.992503e-01 3.382352e+01 2.601855e-02 9.995618e-01 -1.411712e-02 -1.344131e+00 -9.990247e-01 2.549544e-02 -3.604959e-02 9.176700e+01
-4.577041e-02 1.475223e-02 9.988431e-01 3.463676e+01 2.659912e-02 9.995544e-01 -1.354388e-02 -1.363356e+00 -9.985978e-01 2.594843e-02 -4.614241e-02 9.173703e+01
-5.570293e-02 1.479978e-02 9.983377e-01 3.545841e+01 2.583833e-02 9.995766e-01 -1.337648e-02 -1.375624e+00 -9.981130e-01 2.505027e-02 -5.606175e-02 9.168156e+01
-6.566520e-02 1.640664e-02 9.977068e-01 3.626727e+01 2.516230e-02 9.995741e-01 -1.478126e-02 -1.394239e+00 -9.975244e-01 2.413398e-02 -6.605007e-02 9.161025e+01
-7.656282e-02 1.601591e-02 9.969361e-01 3.705483e+01 2.440079e-02 9.996016e-01 -1.418480e-02 -1.416160e+00 -9.967661e-01 2.324000e-02 -7.692312e-02 9.154053e+01
-8.790481e-02 1.670477e-02 9.959888e-01 3.783290e+01 2.472571e-02 9.995879e-01 -1.458287e-02 -1.444072e+00 -9.958220e-01 2.334463e-02 -8.828163e-02 9.148138e+01
-9.854060e-02 1.712356e-02 9.949857e-01 3.860171e+01 2.542015e-02 9.995690e-01 -1.468490e-02 -1.461079e+00 -9.948083e-01 2.384563e-02 -9.893341e-02 9.139552e+01
-1.075740e-01 1.774070e-02 9.940388e-01 3.942615e+01 2.693352e-02 9.995258e-01 -1.492390e-02 -1.482879e+00 -9.938322e-01 2.516754e-02 -1.080008e-01 9.127070e+01
-1.175776e-01 1.706509e-02 9.929171e-01 4.020055e+01 2.796762e-02 9.995126e-01 -1.386662e-02 -1.509296e+00 -9.926698e-01 2.613912e-02 -1.179976e-01 9.117156e+01
-1.269772e-01 1.671499e-02 9.917648e-01 4.096480e+01 2.861060e-02 9.995037e-01 -1.318236e-02 -1.534898e+00 -9.914929e-01 2.670112e-02 -1.273924e-01 9.106983e+01
-1.361652e-01 1.682420e-02 9.905433e-01 4.172366e+01 2.916436e-02 9.994905e-01 -1.296708e-02 -1.557204e+00 -9.902568e-01 2.712290e-02 -1.365865e-01 9.095177e+01
-1.450626e-01 1.675711e-02 9.892806e-01 4.245175e+01 2.995981e-02 9.994725e-01 -1.253661e-02 -1.566008e+00 -9.889688e-01 2.782007e-02 -1.454881e-01 9.083603e+01
-1.528515e-01 1.636073e-02 9.881137e-01 4.318290e+01 2.999636e-02 9.994791e-01 -1.190877e-02 -1.574145e+00 -9.877938e-01 2.781954e-02 -1.532626e-01 9.070111e+01
-1.597301e-01 1.463609e-02 9.870522e-01 4.390495e+01 2.840110e-02 9.995443e-01 -1.022531e-02 -1.592860e+00 -9.867521e-01 2.640008e-02 -1.600730e-01 9.057068e+01
-1.649957e-01 1.208643e-02 9.862202e-01 4.462277e+01 2.606015e-02 9.996292e-01 -7.890872e-03 -1.610686e+00 -9.859499e-01 2.439908e-02 -1.652495e-01 9.045232e+01
-1.687563e-01 9.473332e-03 9.856123e-01 4.532427e+01 2.328220e-02 9.997131e-01 -5.622493e-03 -1.640381e+00 -9.853828e-01 2.199839e-02 -1.689284e-01 9.032592e+01
-1.716426e-01 7.927019e-03 9.851274e-01 4.603466e+01 2.151153e-02 9.997594e-01 -4.296719e-03 -1.665804e+00 -9.849244e-01 2.045410e-02 -1.717718e-01 9.021597e+01
-1.736102e-01 7.698475e-03 9.847844e-01 4.671928e+01 2.037769e-02 9.997834e-01 -4.223294e-03 -1.688124e+00 -9.846036e-01 1.933442e-02 -1.737294e-01 9.010549e+01
-1.738476e-01 6.742844e-03 9.847495e-01 4.740716e+01 1.985220e-02 9.997973e-01 -3.341174e-03 -1.715881e+00 -9.845724e-01 1.896859e-02 -1.739463e-01 8.997874e+01
-1.730094e-01 6.379867e-03 9.848995e-01 4.804801e+01 2.053674e-02 9.997850e-01 -2.868766e-03 -1.737264e+00 -9.847060e-01 1.973030e-02 -1.731033e-01 8.986939e+01
-1.701461e-01 5.281979e-03 9.854047e-01 4.870548e+01 2.152500e-02 9.997670e-01 -1.642324e-03 -1.760807e+00 -9.851837e-01 2.093141e-02 -1.702201e-01 8.976935e+01
-1.651108e-01 5.578386e-03 9.862593e-01 4.934024e+01 2.160255e-02 9.997646e-01 -2.038267e-03 -1.787874e+00 -9.860384e-01 2.096917e-02 -1.651924e-01 8.967848e+01
-1.571850e-01 6.103277e-03 9.875503e-01 4.994096e+01 2.195044e-02 9.997555e-01 -2.684931e-03 -1.811369e+00 -9.873252e-01 2.125513e-02 -1.572806e-01 8.959590e+01
-1.463238e-01 6.780930e-03 9.892135e-01 5.053888e+01 2.214132e-02 9.997484e-01 -3.578018e-03 -1.829639e+00 -9.889889e-01 2.137894e-02 -1.464371e-01 8.953281e+01
-1.323406e-01 7.240522e-03 9.911779e-01 5.112185e+01 2.262201e-02 9.997349e-01 -4.282574e-03 -1.848788e+00 -9.909461e-01 2.185568e-02 -1.324693e-01 8.946866e+01
-1.152979e-01 7.900616e-03 9.932995e-01 5.166349e+01 2.409625e-02 9.996964e-01 -5.154507e-03 -1.865830e+00 -9.930387e-01 2.334049e-02 -1.154533e-01 8.942329e+01
-9.430785e-02 8.371586e-03 9.955079e-01 5.220487e+01 2.669147e-02 9.996264e-01 -5.877646e-03 -1.884123e+00 -9.951852e-01 2.601726e-02 -9.449607e-02 8.939816e+01
-6.910974e-02 8.955046e-03 9.975689e-01 5.273191e+01 2.987525e-02 9.995298e-01 -6.902947e-03 -1.896787e+00 -9.971616e-01 2.932556e-02 -6.934478e-02 8.937635e+01
-4.077530e-02 9.030830e-03 9.991275e-01 5.326480e+01 3.165542e-02 9.994689e-01 -7.742029e-03 -1.908863e+00 -9.986668e-01 3.131212e-02 -4.103951e-02 8.937908e+01
-7.050418e-03 9.345840e-03 9.999315e-01 5.378617e+01 3.084839e-02 9.994824e-01 -9.124134e-03 -1.922979e+00 -9.994992e-01 3.078195e-02 -7.335073e-03 8.938956e+01
3.166411e-02 7.603854e-03 9.994696e-01 5.429959e+01 2.873073e-02 9.995509e-01 -8.514688e-03 -1.927335e+00 -9.990855e-01 2.898510e-02 3.143143e-02 8.941773e+01
7.428560e-02 7.479096e-03 9.972090e-01 5.482017e+01 2.467089e-02 9.996520e-01 -9.335240e-03 -1.939047e+00 -9.969318e-01 2.529550e-02 7.407524e-02 8.947595e+01
1.201981e-01 7.901813e-03 9.927185e-01 5.534346e+01 2.039688e-02 9.997376e-01 -1.042733e-02 -1.946116e+00 -9.925404e-01 2.150170e-02 1.200053e-01 8.956241e+01
1.696089e-01 1.065837e-02 9.854538e-01 5.585547e+01 1.565672e-02 9.997862e-01 -1.350810e-02 -1.964924e+00 -9.853871e-01 1.772007e-02 1.694058e-01 8.967614e+01
2.230142e-01 1.266186e-02 9.747330e-01 5.635070e+01 1.230060e-02 9.997995e-01 -1.580180e-02 -1.989661e+00 -9.747376e-01 1.551383e-02 2.228137e-01 8.980711e+01
2.804501e-01 1.155909e-02 9.597990e-01 5.685536e+01 1.242642e-02 9.998000e-01 -1.567179e-02 -2.005458e+00 -9.597882e-01 1.632202e-02 2.802504e-01 8.996806e+01
3.415731e-01 6.040742e-03 9.398358e-01 5.732915e+01 1.482429e-02 9.998203e-01 -1.181402e-02 -2.027596e+00 -9.397383e-01 1.796775e-02 3.414222e-01 9.013883e+01
4.101729e-01 1.124376e-03 9.120071e-01 5.783641e+01 1.667750e-02 9.998228e-01 -8.733303e-03 -2.090417e+00 -9.118553e-01 1.879216e-02 4.100814e-01 9.027029e+01
4.807628e-01 -3.561823e-03 8.768435e-01 5.838970e+01 2.146435e-02 9.997399e-01 -7.707605e-03 -2.115359e+00 -8.765879e-01 2.252640e-02 4.807142e-01 9.043853e+01
5.497761e-01 -6.166286e-03 8.352893e-01 5.903651e+01 1.903666e-02 9.998055e-01 -5.148894e-03 -2.212840e+00 -8.350951e-01 1.873186e-02 5.497865e-01 9.073996e+01
6.074532e-01 -4.643386e-03 7.943419e-01 5.944271e+01 2.126346e-02 9.997196e-01 -1.041677e-02 -2.187220e+00 -7.940708e-01 2.321816e-02 6.073816e-01 9.109291e+01
6.627959e-01 -9.440852e-03 7.487406e-01 5.987000e+01 2.356438e-02 9.996882e-01 -8.254478e-03 -2.219195e+00 -7.484293e-01 2.311464e-02 6.628117e-01 9.149469e+01
7.133399e-01 -1.432169e-02 7.006719e-01 6.023117e+01 2.538933e-02 9.996630e-01 -5.415325e-03 -2.221427e+00 -7.003582e-01 2.165256e-02 7.134631e-01 9.190352e+01
7.598879e-01 -1.499172e-02 6.498813e-01 6.053433e+01 2.227287e-02 9.997475e-01 -2.980467e-03 -2.212554e+00 -6.496725e-01 1.673954e-02 7.600299e-01 9.230105e+01
8.023738e-01 -1.664690e-02 5.965896e-01 6.081467e+01 1.884858e-02 9.998191e-01 2.548283e-03 -2.217990e+00 -5.965241e-01 9.200193e-03 8.025424e-01 9.273461e+01
8.400386e-01 -1.735373e-02 5.422490e-01 6.107885e+01 1.561131e-02 9.998476e-01 7.813732e-03 -2.234285e+00 -5.423020e-01 1.901378e-03 8.401815e-01 9.320303e+01
8.722931e-01 -1.895756e-02 4.886158e-01 6.132429e+01 1.269468e-02 9.997894e-01 1.612737e-02 -2.269506e+00 -4.888186e-01 -7.864971e-03 8.723500e-01 9.368363e+01
8.984140e-01 -1.477616e-02 4.389008e-01 6.148860e+01 7.023663e-03 9.997894e-01 1.928202e-02 -2.287602e+00 -4.390933e-01 -1.424055e-02 8.983286e-01 9.416144e+01
9.193200e-01 -1.133043e-02 3.933477e-01 6.164137e+01 3.415129e-03 9.997775e-01 2.081698e-02 -2.292980e+00 -3.934961e-01 -1.779413e-02 9.191541e-01 9.462358e+01
9.355073e-01 -4.266567e-03 3.532817e-01 6.178882e+01 -3.055118e-03 9.997920e-01 2.016455e-02 -2.289432e+00 -3.532942e-01 -1.994340e-02 9.352996e-01 9.513120e+01
9.480866e-01 -9.469084e-06 3.180121e-01 6.191160e+01 -5.715695e-03 9.998380e-01 1.706992e-02 -2.290401e+00 -3.179608e-01 -1.800143e-02 9.479330e-01 9.560925e+01
9.577753e-01 4.990368e-03 2.874745e-01 6.201350e+01 -9.839597e-03 9.998326e-01 1.542603e-02 -2.306910e+00 -2.873494e-01 -1.760330e-02 9.576641e-01 9.623423e+01
9.641621e-01 3.073602e-06 2.653139e-01 6.213999e+01 -4.608109e-03 9.998493e-01 1.673449e-02 -2.317146e+00 -2.652738e-01 -1.735735e-02 9.640169e-01 9.677625e+01
9.681246e-01 -1.660013e-03 2.504634e-01 6.224838e+01 -2.818577e-03 9.998425e-01 1.752146e-02 -2.317443e+00 -2.504530e-01 -1.766891e-02 9.679675e-01 9.733961e+01
9.711949e-01 1.776639e-03 2.382800e-01 6.236040e+01 -5.751444e-03 9.998557e-01 1.598704e-02 -2.309969e+00 -2.382172e-01 -1.689698e-02 9.710649e-01 9.792044e+01
9.734300e-01 7.735145e-03 2.288540e-01 6.246227e+01 -1.155316e-02 9.998155e-01 1.534809e-02 -2.314021e+00 -2.286931e-01 -1.758428e-02 9.733398e-01 9.843563e+01
9.741762e-01 1.890896e-02 2.249958e-01 6.253827e+01 -2.168158e-02 9.997163e-01 9.858306e-03 -2.291643e+00 -2.247455e-01 -1.448199e-02 9.743099e-01 9.915714e+01
9.745760e-01 2.379436e-02 2.227901e-01 6.264873e+01 -2.551262e-02 9.996628e-01 4.837088e-03 -2.291194e+00 -2.225999e-01 -1.039807e-02 9.748544e-01 9.978816e+01
9.744766e-01 2.469092e-02 2.231271e-01 6.277819e+01 -2.574270e-02 9.996670e-01 1.805951e-03 -2.287891e+00 -2.230082e-01 -7.503751e-03 9.747877e-01 1.004225e+02
9.736506e-01 2.327383e-02 2.268544e-01 6.292362e+01 -2.353054e-02 9.997219e-01 -1.572944e-03 -2.288429e+00 -2.268279e-01 -3.806510e-03 9.739274e-01 1.010872e+02
9.728606e-01 2.055400e-02 2.304774e-01 6.307874e+01 -1.940738e-02 9.997854e-01 -7.241116e-03 -2.295582e+00 -2.305768e-01 2.571633e-03 9.730507e-01 1.016517e+02
9.712422e-01 2.082773e-02 2.371807e-01 6.323115e+01 -1.847801e-02 9.997557e-01 -1.212585e-02 -2.292937e+00 -2.373753e-01 7.394508e-03 9.713899e-01 1.023525e+02
9.698402e-01 3.127012e-02 2.417274e-01 6.335016e+01 -2.851955e-02 9.994826e-01 -1.487019e-02 -2.303293e+00 -2.420673e-01 7.527756e-03 9.702303e-01 1.028834e+02
9.682814e-01 3.533151e-02 2.473516e-01 6.351770e+01 -3.348178e-02 9.993711e-01 -1.168175e-02 -2.316095e+00 -2.476088e-01 3.029448e-03 9.688554e-01 1.035198e+02
9.680602e-01 3.375069e-02 2.484359e-01 6.377101e+01 -3.310240e-02 9.994289e-01 -6.787646e-03 -2.337500e+00 -2.485231e-01 -1.652974e-03 9.686246e-01 1.042644e+02
9.674326e-01 2.923676e-02 2.514346e-01 6.403680e+01 -3.006395e-02 9.995478e-01 -5.515904e-04 -2.356818e+00 -2.513370e-01 -7.025492e-03 9.678741e-01 1.049919e+02
9.666357e-01 2.799176e-02 2.546212e-01 6.426549e+01 -3.021396e-02 9.995318e-01 4.819866e-03 -2.376470e+00 -2.543671e-01 -1.235217e-02 9.670289e-01 1.057220e+02
9.663447e-01 2.371726e-02 2.561549e-01 6.454781e+01 -2.595960e-02 9.996485e-01 5.375661e-03 -2.375751e+00 -2.559374e-01 -1.184442e-02 9.666208e-01 1.065261e+02
9.664995e-01 1.893352e-02 2.559692e-01 6.482235e+01 -2.067208e-02 9.997779e-01 4.102976e-03 -2.386571e+00 -2.558347e-01 -9.256939e-03 9.666762e-01 1.073856e+02
9.667622e-01 1.681334e-02 2.551237e-01 6.511678e+01 -1.655699e-02 9.998580e-01 -3.152488e-03 -2.368402e+00 -2.551405e-01 -1.176375e-03 9.669033e-01 1.083169e+02
9.668243e-01 1.705335e-02 2.548723e-01 6.530033e+01 -1.507962e-02 9.998393e-01 -9.696112e-03 -2.376633e+00 -2.549966e-01 5.531062e-03 9.669261e-01 1.090801e+02
9.673926e-01 1.898034e-02 2.525693e-01 6.547207e+01 -1.604462e-02 9.997777e-01 -1.367811e-02 -2.389258e+00 -2.527728e-01 9.179718e-03 9.674821e-01 1.097763e+02
9.680829e-01 1.748926e-02 2.500193e-01 6.565195e+01 -1.561563e-02 9.998332e-01 -9.475752e-03 -2.396982e+00 -2.501433e-01 5.269106e-03 9.681945e-01 1.104837e+02
9.684561e-01 1.475285e-02 2.487471e-01 6.582776e+01 -1.491032e-02 9.998881e-01 -1.251137e-03 -2.413915e+00 -2.487377e-01 -2.497226e-03 9.685677e-01 1.112108e+02
9.689354e-01 1.660166e-02 2.467563e-01 6.599979e+01 -1.799462e-02 9.998323e-01 3.391006e-03 -2.420593e+00 -2.466586e-01 -7.725951e-03 9.690716e-01 1.119643e+02
9.693217e-01 1.902941e-02 2.450577e-01 6.616711e+01 -2.019572e-02 9.997935e-01 2.247114e-03 -2.439499e+00 -2.449643e-01 -7.127293e-03 9.695059e-01 1.127303e+02
9.697212e-01 2.306425e-02 2.431229e-01 6.635454e+01 -2.286139e-02 9.997320e-01 -3.656128e-03 -2.439794e+00 -2.431421e-01 -2.012703e-03 9.699886e-01 1.135572e+02
9.705514e-01 2.207796e-02 2.398804e-01 6.651524e+01 -2.069264e-02 9.997515e-01 -8.292473e-03 -2.469421e+00 -2.400039e-01 3.084512e-03 9.707670e-01 1.143338e+02
9.714219e-01 2.039811e-02 2.364814e-01 6.668883e+01 -1.837381e-02 9.997733e-01 -1.076092e-02 -2.484816e+00 -2.366473e-01 6.108330e-03 9.715764e-01 1.150953e+02
9.723072e-01 1.818512e-02 2.329980e-01 6.686235e+01 -1.654628e-02 9.998227e-01 -8.986458e-03 -2.498237e+00 -2.331201e-01 4.882346e-03 9.724357e-01 1.158739e+02
9.731405e-01 1.406340e-02 2.297822e-01 6.703728e+01 -1.301964e-02 9.998969e-01 -6.057926e-03 -2.524494e+00 -2.298437e-01 2.903531e-03 9.732232e-01 1.166623e+02
9.735360e-01 1.306316e-02 2.281602e-01 6.721316e+01 -1.265253e-02 9.999146e-01 -3.262408e-03 -2.537074e+00 -2.281833e-01 2.892668e-04 9.736181e-01 1.174735e+02
9.738271e-01 1.050169e-02 2.270473e-01 6.739891e+01 -1.069607e-02 9.999427e-01 -3.742136e-04 -2.551337e+00 -2.270382e-01 -2.064094e-03 9.738837e-01 1.182919e+02
9.739906e-01 5.560315e-03 2.265201e-01 6.759195e+01 -6.134859e-03 9.999795e-01 1.832482e-03 -2.556748e+00 -2.265053e-01 -3.174489e-03 9.740048e-01 1.191005e+02
9.741462e-01 6.312827e-03 2.258304e-01 6.777116e+01 -7.216886e-03 9.999689e-01 3.177923e-03 -2.563620e+00 -2.258033e-01 -4.725554e-03 9.741614e-01 1.199030e+02
9.739830e-01 1.147045e-02 2.263308e-01 6.795060e+01 -1.179943e-02 9.999304e-01 1.007428e-04 -2.572806e+00 -2.263139e-01 -2.768697e-03 9.740505e-01 1.207228e+02
9.737590e-01 1.634622e-02 2.269941e-01 6.812611e+01 -1.575081e-02 9.998661e-01 -4.434216e-03 -2.575305e+00 -2.270361e-01 7.425171e-04 9.738860e-01 1.215359e+02
9.733485e-01 2.533665e-02 2.279271e-01 6.830140e+01 -2.422609e-02 9.996771e-01 -7.669267e-03 -2.590813e+00 -2.280478e-01 1.943086e-03 9.736480e-01 1.223618e+02
9.725242e-01 3.184161e-02 2.306140e-01 6.848532e+01 -3.067316e-02 9.994920e-01 -8.651023e-03 -2.597527e+00 -2.307723e-01 1.339670e-03 9.730069e-01 1.231816e+02
9.717483e-01 3.502482e-02 2.334063e-01 6.867984e+01 -3.424600e-02 9.993861e-01 -7.389805e-03 -2.615750e+00 -2.335218e-01 -8.122008e-04 9.723512e-01 1.240306e+02
9.711415e-01 3.496345e-02 2.359275e-01 6.887108e+01 -3.408594e-02 9.993885e-01 -7.798126e-03 -2.644583e+00 -2.360559e-01 -4.687268e-04 9.717394e-01 1.248615e+02
9.707600e-01 3.268329e-02 2.378168e-01 6.908565e+01 -3.132905e-02 9.994642e-01 -9.472799e-03 -2.671246e+00 -2.379990e-01 1.745240e-03 9.712638e-01 1.257061e+02
9.706777e-01 2.613211e-02 2.389600e-01 6.929259e+01 -2.533058e-02 9.996585e-01 -6.425154e-03 -2.689603e+00 -2.390463e-01 1.837569e-04 9.710082e-01 1.265352e+02
9.707699e-01 1.899167e-02 2.392596e-01 6.951037e+01 -1.806133e-02 9.998184e-01 -6.080519e-03 -2.712050e+00 -2.393316e-01 1.581438e-03 9.709366e-01 1.273661e+02
9.705457e-01 1.774605e-02 2.402628e-01 6.973264e+01 -1.688261e-02 9.998415e-01 -5.651690e-03 -2.731321e+00 -2.403250e-01 1.428960e-03 9.706914e-01 1.282224e+02
9.700745e-01 2.135819e-02 2.418662e-01 6.994892e+01 -2.114594e-02 9.997704e-01 -3.473607e-03 -2.752546e+00 -2.418848e-01 -1.744831e-03 9.703034e-01 1.290780e+02
9.697192e-01 2.490174e-02 2.429498e-01 7.015001e+01 -2.596401e-02 9.996622e-01 1.170903e-03 -2.759905e+00 -2.428385e-01 -7.443397e-03 9.700382e-01 1.299164e+02
9.695000e-01 2.874313e-02 2.434001e-01 7.036206e+01 -3.071782e-02 9.995188e-01 4.320560e-03 -2.771107e+00 -2.431588e-01 -1.166550e-02 9.699163e-01 1.307549e+02
9.692048e-01 2.601025e-02 2.448787e-01 7.055936e+01 -2.648724e-02 9.996482e-01 -1.345749e-03 -2.784022e+00 -2.448275e-01 -5.181854e-03 9.695528e-01 1.315915e+02
9.693955e-01 1.838363e-02 2.448151e-01 7.077537e+01 -1.563700e-02 9.997911e-01 -1.315831e-02 -2.802630e+00 -2.450059e-01 8.927433e-03 9.694805e-01 1.324139e+02
9.695335e-01 1.402262e-02 2.445571e-01 7.099433e+01 -9.131377e-03 9.997352e-01 -2.112281e-02 -2.815593e+00 -2.447885e-01 1.824613e-02 9.694048e-01 1.332561e+02
9.698908e-01 1.300218e-02 2.431929e-01 7.122241e+01 -1.039535e-02 9.998740e-01 -1.199948e-02 -2.839366e+00 -2.433182e-01 9.110114e-03 9.699037e-01 1.340879e+02
9.702936e-01 1.123439e-02 2.416694e-01 7.144334e+01 -1.369327e-02 9.998701e-01 8.497398e-03 -2.850279e+00 -2.415425e-01 -1.155422e-02 9.703214e-01 1.349572e+02
9.706846e-01 1.059483e-02 2.401232e-01 7.165732e+01 -1.673571e-02 9.995826e-01 2.354911e-02 -2.868326e+00 -2.397735e-01 -2.687739e-02 9.704567e-01 1.357985e+02
9.708060e-01 1.405451e-02 2.394538e-01 7.185221e+01 -1.873242e-02 9.996754e-01 1.727098e-02 -2.874743e+00 -2.391333e-01 -2.125232e-02 9.707541e-01 1.366203e+02
9.711545e-01 1.828207e-02 2.377492e-01 7.206462e+01 -1.886841e-02 9.998220e-01 1.906436e-04 -2.876513e+00 -2.377034e-01 -4.671093e-03 9.713266e-01 1.374834e+02
9.714426e-01 1.677444e-02 2.366810e-01 7.226739e+01 -1.549196e-02 9.998535e-01 -7.277449e-03 -2.874685e+00 -2.367684e-01 3.402972e-03 9.715602e-01 1.383093e+02
9.720341e-01 1.208130e-02 2.345288e-01 7.248163e+01 -1.077238e-02 9.999184e-01 -6.861401e-03 -2.897393e+00 -2.345926e-01 4.143083e-03 9.720850e-01 1.391610e+02
9.726738e-01 1.216120e-02 2.318571e-01 7.267479e+01 -1.114947e-02 9.999217e-01 -5.673537e-03 -2.910337e+00 -2.319079e-01 2.933419e-03 9.727333e-01 1.399954e+02
9.736393e-01 1.118998e-02 2.278184e-01 7.286860e+01 -9.883805e-03 9.999275e-01 -6.873486e-03 -2.926770e+00 -2.278788e-01 4.440584e-03 9.736794e-01 1.408152e+02
9.748258e-01 1.211103e-02 2.226388e-01 7.306291e+01 -1.042166e-02 9.999073e-01 -8.761321e-03 -2.946257e+00 -2.227242e-01 6.220497e-03 9.748616e-01 1.416406e+02
9.754600e-01 1.763273e-02 2.194696e-01 7.326009e+01 -1.582343e-02 9.998248e-01 -9.999208e-03 -2.970865e+00 -2.196075e-01 6.281066e-03 9.755681e-01 1.424922e+02
9.758386e-01 2.335589e-02 2.172406e-01 7.342599e+01 -2.137680e-02 9.997059e-01 -1.145601e-02 -2.988647e+00 -2.174443e-01 6.535308e-03 9.760509e-01 1.432997e+02
9.764815e-01 2.394918e-02 2.142668e-01 7.367813e+01 -2.234956e-02 9.997013e-01 -9.885305e-03 -3.025098e+00 -2.144396e-01 4.864049e-03 9.767251e-01 1.442254e+02
9.769443e-01 2.354121e-02 2.121924e-01 7.391587e+01 -2.290578e-02 9.997228e-01 -5.452670e-03 -3.045065e+00 -2.122619e-01 4.665243e-04 9.772127e-01 1.451386e+02
9.772339e-01 2.197680e-02 2.110233e-01 7.407357e+01 -2.136425e-02 9.997583e-01 -5.182436e-03 -3.065509e+00 -2.110862e-01 5.560975e-04 9.774673e-01 1.459476e+02
9.778652e-01 1.865884e-02 2.084023e-01 7.423812e+01 -1.749372e-02 9.998193e-01 -7.432595e-03 -3.089261e+00 -2.085033e-01 3.622345e-03 9.780149e-01 1.467585e+02
9.789128e-01 1.242985e-02 2.039001e-01 7.438986e+01 -1.068720e-02 9.998964e-01 -9.645522e-03 -3.120759e+00 -2.039989e-01 7.263003e-03 9.789442e-01 1.475466e+02
9.803189e-01 8.173155e-03 1.972514e-01 7.455350e+01 -6.463640e-03 9.999358e-01 -9.308942e-03 -3.156404e+00 -1.973148e-01 7.850770e-03 9.803087e-01 1.483269e+02
9.816478e-01 6.877079e-03 1.905790e-01 7.470944e+01 -6.309200e-03 9.999737e-01 -3.586366e-03 -3.181840e+00 -1.905986e-01 2.318148e-03 9.816653e-01 1.491320e+02
9.828311e-01 5.473145e-03 1.844266e-01 7.485192e+01 -6.502445e-03 9.999665e-01 4.976743e-03 -3.200195e+00 -1.843931e-01 -6.090521e-03 9.828337e-01 1.499408e+02
9.835552e-01 3.644180e-03 1.805708e-01 7.499937e+01 -6.444007e-03 9.998679e-01 1.492123e-02 -3.217608e+00 -1.804926e-01 -1.583945e-02 9.834488e-01 1.507550e+02
9.841556e-01 1.107275e-02 1.769609e-01 7.511737e+01 -1.413596e-02 9.997711e-01 1.605869e-02 -3.220850e+00 -1.767426e-01 -1.830576e-02 9.840869e-01 1.515536e+02
9.849663e-01 1.333925e-02 1.722307e-01 7.524529e+01 -1.547468e-02 9.998191e-01 1.106196e-02 -3.225071e+00 -1.720520e-01 -1.356087e-02 9.849945e-01 1.523358e+02
9.861262e-01 1.203445e-02 1.655606e-01 7.536392e+01 -1.232642e-02 9.999238e-01 7.361579e-04 -3.226241e+00 -1.655392e-01 -2.766715e-03 9.861993e-01 1.531228e+02
9.872606e-01 7.650130e-03 1.589274e-01 7.549859e+01 -7.146425e-03 9.999675e-01 -3.740681e-03 -3.235165e+00 -1.589508e-01 2.557265e-03 9.872832e-01 1.539195e+02
9.883666e-01 6.530533e-03 1.519498e-01 7.563686e+01 -6.208317e-03 9.999774e-01 -2.594882e-03 -3.249961e+00 -1.519633e-01 1.621343e-03 9.883848e-01 1.547520e+02
9.894423e-01 1.392429e-02 1.442570e-01 7.574316e+01 -1.398680e-02 9.999020e-01 -5.808512e-04 -3.262415e+00 -1.442510e-01 -1.442975e-03 9.895401e-01 1.555843e+02
9.905343e-01 1.854697e-02 1.360064e-01 7.585072e+01 -1.831918e-02 9.998279e-01 -2.926296e-03 -3.277488e+00 -1.360373e-01 4.070705e-04 9.907036e-01 1.564225e+02
9.918754e-01 1.953997e-02 1.257033e-01 7.596537e+01 -1.855614e-02 9.997874e-01 -8.992885e-03 -3.297664e+00 -1.258523e-01 6.587254e-03 9.920271e-01 1.572673e+02
9.929284e-01 1.754887e-02 1.174109e-01 7.605886e+01 -1.633364e-02 9.998027e-01 -1.130452e-02 -3.313053e+00 -1.175861e-01 9.306832e-03 9.930191e-01 1.581187e+02
9.938843e-01 1.735145e-02 1.090545e-01 7.614728e+01 -1.647784e-02 9.998246e-01 -8.906878e-03 -3.329234e+00 -1.091899e-01 7.055423e-03 9.939959e-01 1.590453e+02
9.947052e-01 1.888819e-02 1.010186e-01 7.622802e+01 -1.874703e-02 9.998215e-01 -2.346678e-03 -3.338342e+00 -1.010449e-01 4.404551e-04 9.948818e-01 1.600216e+02
9.954733e-01 2.216514e-02 9.242072e-02 7.630559e+01 -2.246440e-02 9.997452e-01 2.198819e-03 -3.338773e+00 -9.234844e-02 -4.265042e-03 9.957176e-01 1.609616e+02
9.961626e-01 2.141755e-02 8.486100e-02 7.638625e+01 -2.193643e-02 9.997459e-01 5.186734e-03 -3.345624e+00 -8.472835e-02 -7.028378e-03 9.963793e-01 1.618774e+02
9.966045e-01 2.320399e-02 7.900037e-02 7.643945e+01 -2.382010e-02 9.996927e-01 6.865230e-03 -3.343495e+00 -7.881679e-02 -8.723716e-03 9.968509e-01 1.627525e+02
9.969985e-01 2.142920e-02 7.439620e-02 7.650895e+01 -2.189071e-02 9.997458e-01 5.393527e-03 -3.366462e+00 -7.426172e-02 -7.005924e-03 9.972142e-01 1.636287e+02
9.972128e-01 2.606038e-02 6.991067e-02 7.656112e+01 -2.607873e-02 9.996597e-01 -6.503143e-04 -3.380724e+00 -6.990382e-02 -1.174680e-03 9.975530e-01 1.644765e+02
9.972337e-01 3.276856e-02 6.671688e-02 7.659130e+01 -3.233063e-02 9.994481e-01 -7.633472e-03 -3.405008e+00 -6.693020e-02 5.455357e-03 9.977427e-01 1.653365e+02
9.973560e-01 3.466948e-02 6.386750e-02 7.664011e+01 -3.410690e-02 9.993694e-01 -9.878325e-03 -3.427430e+00 -6.416970e-02 7.673884e-03 9.979095e-01 1.662063e+02
9.975105e-01 3.656713e-02 6.029666e-02 7.668946e+01 -3.637155e-02 9.993289e-01 -4.338375e-03 -3.439086e+00 -6.041484e-02 2.134491e-03 9.981711e-01 1.670869e+02
9.975276e-01 3.987391e-02 5.786844e-02 7.673054e+01 -4.029106e-02 9.991696e-01 6.059405e-03 -3.454309e+00 -5.757878e-02 -8.376005e-03 9.983058e-01 1.679525e+02
9.977017e-01 4.093825e-02 5.399379e-02 7.679455e+01 -4.167067e-02 9.990531e-01 1.250911e-02 -3.453320e+00 -5.343056e-02 -1.473032e-02 9.984629e-01 1.688780e+02
9.980698e-01 3.774479e-02 4.931519e-02 7.682698e+01 -3.823185e-02 9.992286e-01 8.970419e-03 -3.451799e+00 -4.893856e-02 -1.083852e-02 9.987430e-01 1.697049e+02
9.986777e-01 2.601461e-02 4.434129e-02 7.686395e+01 -2.601436e-02 9.996614e-01 -5.827992e-04 -3.464867e+00 -4.434144e-02 -5.714818e-04 9.990163e-01 1.705133e+02
9.990310e-01 2.340287e-02 3.727367e-02 7.689434e+01 -2.322401e-02 9.997166e-01 -5.224275e-03 -3.473401e+00 -3.738537e-02 4.353569e-03 9.992914e-01 1.713279e+02
9.991769e-01 2.689791e-02 3.036556e-02 7.690624e+01 -2.677402e-02 9.996315e-01 -4.479296e-03 -3.478617e+00 -3.047485e-02 3.662601e-03 9.995288e-01 1.721601e+02
9.994291e-01 2.501496e-02 2.271158e-02 7.691497e+01 -2.506029e-02 9.996845e-01 1.713211e-03 -3.496399e+00 -2.266156e-02 -2.281392e-03 9.997406e-01 1.729932e+02
9.996821e-01 2.011662e-02 1.520187e-02 7.692933e+01 -2.019235e-02 9.997844e-01 4.844701e-03 -3.499323e+00 -1.510113e-02 -5.150122e-03 9.998727e-01 1.738246e+02
9.998955e-01 1.109254e-02 9.271881e-03 7.694569e+01 -1.117152e-02 9.999014e-01 8.510489e-03 -3.495655e+00 -9.176563e-03 -8.613180e-03 9.999208e-01 1.746752e+02
9.999744e-01 6.589685e-03 2.775462e-03 7.697133e+01 -6.612339e-03 9.999442e-01 8.233555e-03 -3.507239e+00 -2.721050e-03 -8.251697e-03 9.999623e-01 1.755736e+02
9.999887e-01 3.312194e-03 -3.412081e-03 7.696875e+01 -3.307997e-03 9.999938e-01 1.234950e-03 -3.520092e+00 3.416150e-03 -1.223649e-03 9.999934e-01 1.764309e+02
9.999216e-01 -6.339113e-03 -1.080086e-02 7.696854e+01 6.237344e-03 9.999361e-01 -9.430106e-03 -3.524217e+00 1.085995e-02 9.361998e-03 9.998972e-01 1.772761e+02
9.997394e-01 -1.556011e-02 -1.670529e-02 7.695818e+01 1.532776e-02 9.997852e-01 -1.394781e-02 -3.532181e+00 1.691873e-02 1.368812e-02 9.997632e-01 1.781533e+02
9.996449e-01 -1.290295e-02 -2.331284e-02 7.693684e+01 1.275582e-02 9.998978e-01 -6.449186e-03 -3.554386e+00 2.339367e-02 6.149521e-03 9.997074e-01 1.790684e+02
9.995966e-01 -2.351541e-03 -2.830509e-02 7.689414e+01 2.553341e-03 9.999716e-01 7.095418e-03 -3.566623e+00 2.828760e-02 -7.164828e-03 9.995741e-01 1.799529e+02
9.994541e-01 2.887904e-03 -3.291212e-02 7.685210e+01 -2.405306e-03 9.998892e-01 1.469339e-02 -3.575338e+00 3.295090e-02 -1.460620e-02 9.993502e-01 1.808276e+02
9.993106e-01 1.777657e-03 -3.708310e-02 7.682598e+01 -1.355365e-03 9.999340e-01 1.140975e-02 -3.585037e+00 3.710094e-02 -1.135162e-02 9.992470e-01 1.817298e+02
9.992579e-01 3.849633e-03 -3.832456e-02 7.677010e+01 -3.849499e-03 9.999926e-01 7.728816e-05 -3.583918e+00 3.832457e-02 7.029956e-05 9.992653e-01 1.826186e+02
9.990564e-01 1.443750e-02 -4.096075e-02 7.671251e+01 -1.481594e-02 9.998502e-01 -8.950424e-03 -3.594573e+00 4.082539e-02 9.548850e-03 9.991207e-01 1.834851e+02
9.989873e-01 1.260887e-02 -4.318956e-02 7.666844e+01 -1.319317e-02 9.998249e-01 -1.327034e-02 -3.595658e+00 4.301468e-02 1.382671e-02 9.989788e-01 1.843388e+02
9.989294e-01 7.383375e-03 -4.566799e-02 7.663521e+01 -7.776869e-03 9.999341e-01 -8.444749e-03 -3.618183e+00 4.560263e-02 8.790861e-03 9.989210e-01 1.852222e+02
9.989381e-01 6.956769e-03 -4.554420e-02 7.658480e+01 -6.950640e-03 9.999758e-01 2.929205e-04 -3.631601e+00 4.554513e-02 2.395187e-05 9.989623e-01 1.861243e+02
9.989385e-01 8.767490e-03 -4.522177e-02 7.653477e+01 -8.515726e-03 9.999472e-01 5.756978e-03 -3.639280e+00 4.526985e-02 -5.365770e-03 9.989604e-01 1.870136e+02
9.988713e-01 8.718167e-03 -4.669080e-02 7.648920e+01 -8.501542e-03 9.999522e-01 4.836130e-03 -3.649495e+00 4.673073e-02 -4.433728e-03 9.988977e-01 1.878951e+02
9.987983e-01 5.442332e-03 -4.870666e-02 7.644627e+01 -5.675876e-03 9.999730e-01 -4.657873e-03 -3.662812e+00 4.867999e-02 4.928729e-03 9.988023e-01 1.887645e+02
9.987255e-01 -4.521994e-03 -5.026862e-02 7.640547e+01 3.690430e-03 9.998550e-01 -1.662294e-02 -3.683275e+00 5.033650e-02 1.641624e-02 9.985974e-01 1.896293e+02
9.985384e-01 -1.498161e-02 -5.192853e-02 7.637062e+01 1.387753e-02 9.996713e-01 -2.155723e-02 -3.700021e+00 5.223443e-02 2.080508e-02 9.984181e-01 1.904932e+02
9.985073e-01 -1.272009e-02 -5.311644e-02 7.632005e+01 1.182700e-02 9.997839e-01 -1.709435e-02 -3.717584e+00 5.332241e-02 1.644063e-02 9.984420e-01 1.913641e+02
9.984868e-01 -7.578059e-03 -5.446805e-02 7.627323e+01 7.265753e-03 9.999560e-01 -5.929498e-03 -3.749521e+00 5.451059e-02 5.524773e-03 9.984979e-01 1.922672e+02
9.984014e-01 -6.456679e-03 -5.615149e-02 7.622575e+01 6.363841e-03 9.999781e-01 -1.832011e-03 -3.785079e+00 5.616209e-02 1.471743e-03 9.984206e-01 1.931599e+02
9.983236e-01 -5.840699e-03 -5.758317e-02 7.621495e+01 5.492515e-03 9.999657e-01 -6.203045e-03 -3.799545e+00 5.761742e-02 5.876370e-03 9.983214e-01 1.941026e+02
9.982778e-01 -6.612570e-03 -5.828906e-02 7.619128e+01 5.917012e-03 9.999093e-01 -1.209743e-02 -3.835646e+00 5.836377e-02 1.173170e-02 9.982264e-01 1.950121e+02
9.982223e-01 -4.771677e-05 -5.960085e-02 7.616045e+01 -6.837181e-04 9.999247e-01 -1.225177e-02 -3.864448e+00 5.959695e-02 1.227074e-02 9.981471e-01 1.959415e+02
9.981352e-01 1.422357e-03 -6.102466e-02 7.613800e+01 -1.998361e-03 9.999540e-01 -9.378880e-03 -3.898177e+00 6.100851e-02 9.483340e-03 9.980922e-01 1.968606e+02
9.980202e-01 2.937751e-03 -6.282494e-02 7.609533e+01 -3.312793e-03 9.999773e-01 -5.866316e-03 -3.940001e+00 6.280628e-02 6.062828e-03 9.980073e-01 1.977177e+02
9.979739e-01 4.457109e-03 -6.346872e-02 7.604435e+01 -4.649375e-03 9.999850e-01 -2.881938e-03 -3.973428e+00 6.345492e-02 3.171189e-03 9.979797e-01 1.985793e+02
9.978982e-01 5.973521e-03 -6.452562e-02 7.599130e+01 -6.184154e-03 9.999762e-01 -3.065099e-03 -4.002514e+00 6.450578e-02 3.457693e-03 9.979113e-01 1.994324e+02
9.978421e-01 2.500247e-03 -6.561151e-02 7.594374e+01 -2.959726e-03 9.999718e-01 -6.906753e-03 -4.030591e+00 6.559239e-02 7.086041e-03 9.978213e-01 2.002806e+02
9.977278e-01 5.434595e-03 -6.715486e-02 7.588677e+01 -6.270914e-03 9.999053e-01 -1.224907e-02 -4.047179e+00 6.708193e-02 1.264236e-02 9.976674e-01 2.012135e+02
9.976591e-01 6.178152e-03 -6.810399e-02 7.579177e+01 -7.064108e-03 9.998934e-01 -1.277572e-02 -4.063433e+00 6.801780e-02 1.322691e-02 9.975964e-01 2.022415e+02
9.975842e-01 4.501599e-03 -6.932209e-02 7.566975e+01 -4.792464e-03 9.999804e-01 -4.030106e-03 -4.066382e+00 6.930259e-02 4.352593e-03 9.975862e-01 2.032431e+02
9.977075e-01 7.421881e-04 -6.766943e-02 7.546242e+01 -4.736004e-04 9.999919e-01 3.985071e-03 -4.069094e+00 6.767184e-02 -3.943887e-03 9.976998e-01 2.042577e+02
9.976151e-01 -6.355066e-03 -6.872898e-02 7.542000e+01 6.718439e-03 9.999646e-01 5.057179e-03 -4.089254e+00 6.869441e-02 -5.506870e-03 9.976225e-01 2.050591e+02
9.975623e-01 -8.632419e-03 -6.924593e-02 7.534961e+01 8.503171e-03 9.999615e-01 -2.161061e-03 -4.101658e+00 6.926192e-02 1.566983e-03 9.975973e-01 2.058741e+02
9.976212e-01 -7.693051e-03 -6.850441e-02 7.528341e+01 7.181802e-03 9.999445e-01 -7.706166e-03 -4.099018e+00 6.855989e-02 7.195849e-03 9.976211e-01 2.066475e+02
9.976947e-01 -7.300052e-03 -6.746806e-02 7.521837e+01 6.441292e-03 9.998956e-01 -1.293718e-02 -4.138628e+00 6.755546e-02 1.247278e-02 9.976376e-01 2.073860e+02
9.976917e-01 -1.009949e-02 -6.715092e-02 7.518090e+01 9.026746e-03 9.998271e-01 -1.625937e-02 -4.169583e+00 6.730352e-02 1.561569e-02 9.976103e-01 2.081114e+02
9.978161e-01 -1.371933e-02 -6.461319e-02 7.514836e+01 1.239699e-02 9.997063e-01 -2.082217e-02 -4.202228e+00 6.487988e-02 1.997569e-02 9.976931e-01 2.087985e+02
9.980695e-01 -1.567925e-02 -6.009573e-02 7.510475e+01 1.434316e-02 9.996417e-01 -2.260006e-02 -4.212182e+00 6.042855e-02 2.169447e-02 9.979367e-01 2.094778e+02
9.984054e-01 -1.345061e-02 -5.482394e-02 7.506529e+01 1.249589e-02 9.997649e-01 -1.772009e-02 -4.228086e+00 5.504940e-02 1.700676e-02 9.983388e-01 2.101692e+02
9.987344e-01 -1.010015e-02 -4.927081e-02 7.503800e+01 9.692688e-03 9.999169e-01 -8.501797e-03 -4.244938e+00 4.935259e-02 8.013470e-03 9.987493e-01 2.108447e+02
9.990695e-01 -3.847319e-03 -4.295817e-02 7.499287e+01 3.685295e-03 9.999858e-01 -3.850228e-03 -4.263312e+00 4.297238e-02 3.688331e-03 9.990695e-01 2.115257e+02
9.993061e-01 -2.446397e-03 -3.716723e-02 7.497647e+01 2.249523e-03 9.999832e-01 -5.337882e-03 -4.279736e+00 3.717966e-02 5.250569e-03 9.992948e-01 2.121871e+02
9.995469e-01 -3.863057e-03 -2.985091e-02 7.495664e+01 3.460056e-03 9.999023e-01 -1.354033e-02 -4.291427e+00 2.990030e-02 1.343091e-02 9.994626e-01 2.128521e+02
9.997412e-01 -3.301994e-03 -2.250910e-02 7.494699e+01 2.802017e-03 9.997495e-01 -2.220766e-02 -4.317077e+00 2.257679e-02 2.213884e-02 9.995000e-01 2.135080e+02
9.998860e-01 2.719604e-05 -1.509891e-02 7.492859e+01 -4.417959e-04 9.996229e-01 -2.745626e-02 -4.331636e+00 1.509247e-02 2.745980e-02 9.995090e-01 2.141682e+02
9.999639e-01 -3.499588e-04 -8.490456e-03 7.494156e+01 1.265450e-04 9.996541e-01 -2.629980e-02 -4.347961e+00 8.496723e-03 2.629777e-02 9.996180e-01 2.148232e+02
9.999859e-01 -4.415022e-03 -2.959483e-03 7.496157e+01 4.353208e-03 9.997788e-01 -2.057728e-02 -4.380977e+00 3.049677e-03 2.056411e-02 9.997839e-01 2.154874e+02
9.999287e-01 -1.130646e-02 3.848633e-03 7.497000e+01 1.136167e-02 9.998283e-01 -1.463864e-02 -4.403301e+00 -3.682461e-03 1.468132e-02 9.998854e-01 2.161553e+02
9.998121e-01 -1.678736e-02 9.695521e-03 7.498733e+01 1.691508e-02 9.997692e-01 -1.324545e-02 -4.427512e+00 -9.470927e-03 1.340696e-02 9.998653e-01 2.168093e+02
9.997798e-01 -1.599242e-02 1.358497e-02 7.498766e+01 1.615937e-02 9.997941e-01 -1.227000e-02 -4.448790e+00 -1.338595e-02 1.248683e-02 9.998324e-01 2.174550e+02
9.998143e-01 -1.233356e-02 1.480450e-02 7.498941e+01 1.250554e-02 9.998547e-01 -1.158116e-02 -4.449490e+00 -1.465951e-02 1.176415e-02 9.998233e-01 2.181150e+02
9.998190e-01 -1.227824e-02 1.453420e-02 7.500444e+01 1.241975e-02 9.998760e-01 -9.686634e-03 -4.465138e+00 -1.441346e-02 9.865391e-03 9.998475e-01 2.187860e+02
9.998246e-01 -1.300141e-02 1.348324e-02 7.501888e+01 1.310130e-02 9.998872e-01 -7.346772e-03 -4.478536e+00 -1.338620e-02 7.522131e-03 9.998821e-01 2.194661e+02
9.998370e-01 -1.194736e-02 1.353820e-02 7.502990e+01 1.202462e-02 9.999118e-01 -5.639361e-03 -4.494823e+00 -1.346963e-02 5.801234e-03 9.998925e-01 2.201335e+02
9.999015e-01 -3.731114e-03 1.353050e-02 7.501899e+01 3.877502e-03 9.999341e-01 -1.080902e-02 -4.511696e+00 -1.348928e-02 1.086042e-02 9.998500e-01 2.207989e+02
9.999213e-01 3.603289e-04 1.254186e-02 7.502400e+01 -1.139674e-04 9.998071e-01 -1.963831e-02 -4.533590e+00 -1.254652e-02 1.963533e-02 9.997285e-01 2.214863e+02
9.999465e-01 -1.951252e-03 1.015435e-02 7.504584e+01 2.237622e-03 9.995979e-01 -2.826717e-02 -4.554672e+00 -1.009511e-02 2.828838e-02 9.995488e-01 2.221867e+02
9.999430e-01 -8.553405e-03 6.385353e-03 7.506587e+01 8.757603e-03 9.994279e-01 -3.266731e-02 -4.577909e+00 -6.102283e-03 3.272137e-02 9.994459e-01 2.228705e+02
9.999708e-01 -7.314707e-03 2.220708e-03 7.506263e+01 7.371958e-03 9.996090e-01 -2.697133e-02 -4.603410e+00 -2.022552e-03 2.698691e-02 9.996337e-01 2.235600e+02
9.999954e-01 -1.203016e-03 -2.778926e-03 7.506216e+01 1.160896e-03 9.998852e-01 -1.510903e-02 -4.621612e+00 2.796783e-03 1.510573e-02 9.998820e-01 2.242778e+02
9.999472e-01 -6.937526e-03 -7.580794e-03 7.506139e+01 6.932246e-03 9.999757e-01 -7.224991e-04 -4.647816e+00 7.585622e-03 6.699090e-04 9.999710e-01 2.249786e+02
9.998263e-01 -1.391850e-02 -1.239288e-02 7.506932e+01 1.402659e-02 9.998640e-01 8.678449e-03 -4.665547e+00 1.227041e-02 -8.850772e-03 9.998855e-01 2.256751e+02
9.997610e-01 -1.512039e-02 -1.578957e-02 7.507393e+01 1.522636e-02 9.998622e-01 6.612630e-03 -4.674326e+00 1.568741e-02 -6.851467e-03 9.998535e-01 2.263899e+02
9.997628e-01 -1.118578e-02 -1.868830e-02 7.505946e+01 1.119947e-02 9.999371e-01 6.281545e-04 -4.689115e+00 1.868010e-02 -8.373046e-04 9.998252e-01 2.270919e+02
9.996437e-01 -1.324704e-02 -2.317448e-02 7.505446e+01 1.305884e-02 9.998807e-01 -8.253366e-03 -4.699964e+00 2.328105e-02 7.947793e-03 9.996974e-01 2.278066e+02
9.994485e-01 -2.160309e-02 -2.521962e-02 7.504389e+01 2.126365e-02 9.996807e-01 -1.365085e-02 -4.704647e+00 2.550647e-02 1.310706e-02 9.995887e-01 2.285094e+02
9.992243e-01 -2.989300e-02 -2.563702e-02 7.503142e+01 2.968060e-02 9.995222e-01 -8.625869e-03 -4.723337e+00 2.588262e-02 7.858256e-03 9.996341e-01 2.292363e+02
9.989150e-01 -3.748911e-02 -2.763112e-02 7.503067e+01 3.737794e-02 9.992909e-01 -4.529321e-03 -4.740412e+00 2.778132e-02 3.491613e-03 9.996079e-01 2.299718e+02
9.987258e-01 -4.105581e-02 -2.934750e-02 7.501921e+01 4.102107e-02 9.991567e-01 -1.785103e-03 -4.762155e+00 2.939604e-02 5.789629e-04 9.995677e-01 2.307097e+02
9.985635e-01 -4.354162e-02 -3.122737e-02 7.501890e+01 4.341183e-02 9.990456e-01 -4.822684e-03 -4.781756e+00 3.140755e-02 3.460118e-03 9.995007e-01 2.314648e+02
9.982828e-01 -4.885519e-02 -3.232082e-02 7.500071e+01 4.855458e-02 9.987703e-01 -1.002173e-02 -4.790350e+00 3.277069e-02 8.435192e-03 9.994273e-01 2.322007e+02
9.977778e-01 -5.751517e-02 -3.363694e-02 7.498444e+01 5.714586e-02 9.982956e-01 -1.184023e-02 -4.799939e+00 3.426060e-02 9.891712e-03 9.993640e-01 2.329743e+02
9.976083e-01 -5.943563e-02 -3.528598e-02 7.495443e+01 5.912652e-02 9.982030e-01 -9.740897e-03 -4.793261e+00 3.580153e-02 7.631262e-03 9.993298e-01 2.337850e+02
9.975260e-01 -6.067569e-02 -3.550131e-02 7.492351e+01 6.051216e-02 9.981514e-01 -5.663803e-03 -4.810449e+00 3.577933e-02 3.501530e-03 9.993536e-01 2.345789e+02
9.974423e-01 -6.142555e-02 -3.654832e-02 7.489456e+01 6.136126e-02 9.981115e-01 -2.879432e-03 -4.827988e+00 3.665617e-02 6.294161e-04 9.993277e-01 2.353022e+02
9.973441e-01 -6.270972e-02 -3.704437e-02 7.485957e+01 6.255160e-02 9.980271e-01 -5.413084e-03 -4.845436e+00 3.731074e-02 3.081522e-03 9.992990e-01 2.360236e+02
9.971476e-01 -6.583406e-02 -3.691166e-02 7.483040e+01 6.541210e-02 9.977797e-01 -1.252622e-02 -4.872844e+00 3.765436e-02 1.007602e-02 9.992400e-01 2.367097e+02
9.970734e-01 -6.653777e-02 -3.764898e-02 7.480915e+01 6.572431e-02 9.975853e-01 -2.244810e-02 -4.890919e+00 3.905172e-02 1.990795e-02 9.990389e-01 2.373958e+02
9.971298e-01 -6.554196e-02 -3.789878e-02 7.477842e+01 6.452467e-02 9.975379e-01 -2.747079e-02 -4.917074e+00 3.960596e-02 2.494654e-02 9.989039e-01 2.380711e+02
9.973346e-01 -6.243184e-02 -3.776174e-02 7.474493e+01 6.146125e-02 9.977618e-01 -2.634083e-02 -4.938301e+00 3.932173e-02 2.394974e-02 9.989395e-01 2.387397e+02
9.971671e-01 -6.472035e-02 -3.832816e-02 7.473123e+01 6.400258e-02 9.977559e-01 -1.966811e-02 -4.974186e+00 3.951507e-02 1.715929e-02 9.990716e-01 2.394072e+02
9.969996e-01 -6.699935e-02 -3.876610e-02 7.470794e+01 6.658051e-02 9.977089e-01 -1.199778e-02 -4.998175e+00 3.948113e-02 9.380717e-03 9.991763e-01 2.400593e+02
9.969874e-01 -6.720135e-02 -3.873205e-02 7.467972e+01 6.698514e-02 9.977304e-01 -6.854660e-03 -5.027377e+00 3.910479e-02 4.239537e-03 9.992261e-01 2.406971e+02
9.970089e-01 -6.620424e-02 -3.987830e-02 7.466197e+01 6.611793e-02 9.978057e-01 -3.480841e-03 -5.047292e+00 4.002124e-02 8.337585e-04 9.991985e-01 2.413319e+02
9.967374e-01 -6.834111e-02 -4.294273e-02 7.464483e+01 6.837588e-02 9.976594e-01 -6.604491e-04 -5.064225e+00 4.288736e-02 -2.277953e-03 9.990773e-01 2.419421e+02
9.960159e-01 -7.500069e-02 -4.824165e-02 7.463045e+01 7.503007e-02 9.971805e-01 -1.204084e-03 -5.083222e+00 4.819594e-02 -2.420288e-03 9.988350e-01 2.425233e+02
9.952057e-01 -7.952477e-02 -5.693356e-02 7.461480e+01 7.946046e-02 9.968322e-01 -3.396142e-03 -5.092427e+00 5.702328e-02 -1.144107e-03 9.983722e-01 2.430884e+02
9.943291e-01 -8.190671e-02 -6.783088e-02 7.457283e+01 8.161119e-02 9.966388e-01 -7.120991e-03 -5.109596e+00 6.818615e-02 1.544849e-03 9.976714e-01 2.436377e+02
9.932121e-01 -8.211174e-02 -8.238557e-02 7.452841e+01 8.153272e-02 9.966167e-01 -1.037370e-02 -5.127938e+00 8.295864e-02 3.586163e-03 9.965465e-01 2.441688e+02
9.913842e-01 -8.303039e-02 -1.013082e-01 7.446537e+01 8.223159e-02 9.965405e-01 -1.204295e-02 -5.153509e+00 1.019577e-01 3.608457e-03 9.947822e-01 2.446756e+02
9.886311e-01 -8.633747e-02 -1.231033e-01 7.438089e+01 8.562582e-02 9.962659e-01 -1.106978e-02 -5.169516e+00 1.235993e-01 4.031052e-04 9.923321e-01 2.451933e+02
9.854347e-01 -8.391393e-02 -1.479083e-01 7.429112e+01 8.375707e-02 9.964595e-01 -7.299826e-03 -5.194213e+00 1.479972e-01 -5.194865e-03 9.889741e-01 2.456908e+02
9.808498e-01 -8.337238e-02 -1.760191e-01 7.419574e+01 8.416476e-02 9.964474e-01 -2.972478e-03 -5.231558e+00 1.756416e-01 -1.189905e-02 9.843823e-01 2.461736e+02
9.743384e-01 -8.452204e-02 -2.086161e-01 7.408986e+01 8.589164e-02 9.963013e-01 -2.501745e-03 -5.250757e+00 2.080560e-01 -1.548083e-02 9.779944e-01 2.466473e+02
9.662429e-01 -8.075828e-02 -2.446483e-01 7.395669e+01 8.235537e-02 9.965961e-01 -3.711820e-03 -5.271922e+00 2.441153e-01 -1.656159e-02 9.696048e-01 2.470929e+02
9.557516e-01 -7.410814e-02 -2.846871e-01 7.381151e+01 7.591444e-02 9.971033e-01 -4.700309e-03 -5.296121e+00 2.842108e-01 -1.711954e-02 9.586090e-01 2.475127e+02
9.422921e-01 -6.912374e-02 -3.275783e-01 7.362545e+01 7.117863e-02 9.974471e-01 -5.727561e-03 -5.307434e+00 3.271380e-01 -1.791954e-02 9.448067e-01 2.479542e+02
9.260386e-01 -6.242916e-02 -3.722300e-01 7.341781e+01 6.578915e-02 9.978268e-01 -3.681056e-03 -5.324985e+00 3.716508e-01 -2.107989e-02 9.281332e-01 2.483646e+02
9.066901e-01 -5.062065e-02 -4.187488e-01 7.319604e+01 5.576462e-02 9.984439e-01 4.620094e-05 -5.335488e+00 4.180949e-01 -2.339326e-02 9.081021e-01 2.487531e+02
8.839725e-01 -3.537089e-02 -4.661990e-01 7.293471e+01 4.308307e-02 9.990541e-01 5.891932e-03 -5.347616e+00 4.655497e-01 -2.529359e-02 8.846602e-01 2.491306e+02
8.572715e-01 -2.095349e-02 -5.144381e-01 7.265636e+01 3.236603e-02 9.993885e-01 1.322957e-02 -5.349909e+00 5.138464e-01 -2.799165e-02 8.574254e-01 2.494904e+02
8.261050e-01 -9.877682e-03 -5.634296e-01 7.237138e+01 2.524994e-02 9.994910e-01 1.949924e-02 -5.348885e+00 5.629502e-01 -3.033499e-02 8.259340e-01 2.498341e+02
7.909656e-01 -1.148823e-03 -6.118595e-01 7.207618e+01 2.103851e-02 9.994580e-01 2.532041e-02 -5.344924e+00 6.114988e-01 -3.290018e-02 7.905611e-01 2.501725e+02
7.532725e-01 6.095734e-03 -6.576803e-01 7.173410e+01 2.107506e-02 9.992199e-01 3.339957e-02 -5.336321e+00 6.573708e-01 -3.901963e-02 7.525564e-01 2.505097e+02
7.134457e-01 1.366560e-02 -7.005773e-01 7.140577e+01 2.510571e-02 9.986693e-01 4.504711e-02 -5.325997e+00 7.002606e-01 -4.972715e-02 7.121533e-01 2.508127e+02
6.721964e-01 2.332016e-02 -7.400055e-01 7.104969e+01 2.747667e-02 9.980295e-01 5.641029e-02 -5.302625e+00 7.398628e-01 -5.825168e-02 6.702311e-01 2.510851e+02
6.300061e-01 3.447722e-02 -7.758245e-01 7.080343e+01 2.695095e-02 9.974416e-01 6.621121e-02 -5.303415e+00 7.761224e-01 -6.262267e-02 6.274651e-01 2.512775e+02
5.839581e-01 4.064715e-02 -8.107656e-01 7.036368e+01 2.680012e-02 9.972359e-01 6.929863e-02 -5.271593e+00 8.113413e-01 -6.219610e-02 5.812546e-01 2.515570e+02
5.365335e-01 4.509388e-02 -8.426733e-01 7.004035e+01 2.854079e-02 9.970303e-01 7.152600e-02 -5.269816e+00 8.433962e-01 -6.242666e-02 5.336531e-01 2.517432e+02
4.863681e-01 4.568076e-02 -8.725591e-01 6.957268e+01 2.855207e-02 9.972682e-01 6.812465e-02 -5.233409e+00 8.732874e-01 -5.804702e-02 4.837351e-01 2.519626e+02
4.328134e-01 4.373630e-02 -9.004220e-01 6.910365e+01 2.702382e-02 9.977441e-01 6.145330e-02 -5.204514e+00 9.010784e-01 -5.093065e-02 4.306551e-01 2.521958e+02
3.773705e-01 4.125449e-02 -9.251430e-01 6.849323e+01 2.295874e-02 9.982834e-01 5.388100e-02 -5.146290e+00 9.257777e-01 -4.157322e-02 3.757756e-01 2.524285e+02
3.219771e-01 4.249143e-02 -9.457934e-01 6.788132e+01 1.784968e-02 9.985423e-01 5.093784e-02 -5.100228e+00 9.465792e-01 -3.328293e-02 3.207493e-01 2.525977e+02
2.700991e-01 4.572094e-02 -9.617464e-01 6.735272e+01 1.438162e-02 9.985689e-01 5.151043e-02 -5.071899e+00 9.627251e-01 -2.774439e-02 2.690550e-01 2.526954e+02
2.200944e-01 4.888928e-02 -9.742527e-01 6.670042e+01 1.414519e-02 9.984783e-01 5.330051e-02 -5.059402e+00 9.753760e-01 -2.551213e-02 2.190679e-01 2.528074e+02
1.738144e-01 5.058378e-02 -9.834784e-01 6.621648e+01 1.463099e-02 9.984370e-01 5.393895e-02 -5.033028e+00 9.846697e-01 -2.376463e-02 1.728026e-01 2.528493e+02
1.300469e-01 5.054599e-02 -9.902186e-01 6.575948e+01 1.377577e-02 9.985112e-01 5.277849e-02 -5.010704e+00 9.914121e-01 -2.050470e-02 1.291570e-01 2.528858e+02
9.047145e-02 5.202355e-02 -9.945393e-01 6.526635e+01 1.246587e-02 9.984973e-01 5.336458e-02 -4.987103e+00 9.958210e-01 -1.722577e-02 8.968698e-02 2.528798e+02
5.512548e-02 5.153260e-02 -9.971487e-01 6.475365e+01 1.151086e-02 9.985681e-01 5.224231e-02 -4.972914e+00 9.984131e-01 -1.435792e-02 5.445336e-02 2.528772e+02
2.643629e-02 5.371398e-02 -9.982064e-01 6.424024e+01 8.446756e-03 9.985077e-01 5.395390e-02 -4.945122e+00 9.996148e-01 -9.857946e-03 2.594313e-02 2.528476e+02
1.542449e-03 5.495933e-02 -9.984874e-01 6.370496e+01 6.102676e-03 9.984695e-01 5.496777e-02 -4.923157e+00 9.999802e-01 -6.178230e-03 1.204689e-03 2.528081e+02
-2.067088e-02 5.739161e-02 -9.981377e-01 6.316846e+01 4.563429e-03 9.983461e-01 5.730908e-02 -4.894247e+00 9.997759e-01 -3.370301e-03 -2.089859e-02 2.527651e+02
-3.858971e-02 6.098813e-02 -9.973922e-01 6.258584e+01 3.130468e-03 9.981382e-01 6.091263e-02 -4.874723e+00 9.992502e-01 -7.717041e-04 -3.870879e-02 2.526941e+02
-5.249193e-02 6.404036e-02 -9.965658e-01 6.196943e+01 2.612444e-03 9.979470e-01 6.399151e-02 -4.849629e+00 9.986179e-01 7.555657e-04 -5.255147e-02 2.525918e+02
-6.207988e-02 6.594346e-02 -9.958903e-01 6.138335e+01 1.157662e-03 9.978190e-01 6.599901e-02 -4.827267e+00 9.980705e-01 2.944307e-03 -6.202083e-02 2.525219e+02
-6.777955e-02 6.638008e-02 -9.954896e-01 6.080143e+01 -4.531457e-04 9.977821e-01 6.656379e-02 -4.798729e+00 9.977002e-01 4.962766e-03 -6.759914e-02 2.524612e+02
-7.071939e-02 6.641700e-02 -9.952826e-01 6.019848e+01 -6.394924e-04 9.977776e-01 6.662893e-02 -4.767547e+00 9.974960e-01 5.348433e-03 -7.051975e-02 2.523938e+02
-7.244858e-02 6.593311e-02 -9.951904e-01 5.957468e+01 -2.688958e-04 9.978112e-01 6.612631e-02 -4.731761e+00 9.973721e-01 5.058360e-03 -7.227228e-02 2.523352e+02
-7.378957e-02 6.557927e-02 -9.951153e-01 5.893730e+01 -7.299521e-05 9.978352e-01 6.576393e-02 -4.691952e+00 9.972738e-01 4.925331e-03 -7.362504e-02 2.522841e+02
-7.391408e-02 6.606770e-02 -9.950737e-01 5.827716e+01 1.071421e-03 9.978078e-01 6.616965e-02 -4.664554e+00 9.972640e-01 3.824726e-03 -7.382283e-02 2.522371e+02
-7.263109e-02 6.483430e-02 -9.952493e-01 5.759206e+01 7.560041e-04 9.978882e-01 6.495103e-02 -4.619041e+00 9.973586e-01 3.965052e-03 -7.252672e-02 2.521714e+02
-7.232892e-02 6.310314e-02 -9.953826e-01 5.687348e+01 -1.127111e-03 9.979907e-01 6.335039e-02 -4.589197e+00 9.973802e-01 5.703972e-03 -7.211246e-02 2.521242e+02
-7.116579e-02 6.098766e-02 -9.955983e-01 5.614817e+01 -4.180446e-03 9.981020e-01 6.143985e-02 -4.545612e+00 9.974557e-01 8.534460e-03 -7.077577e-02 2.520685e+02
-7.002296e-02 5.999699e-02 -9.957395e-01 5.539138e+01 -5.580997e-03 9.981505e-01 6.053473e-02 -4.493687e+00 9.975298e-01 9.796040e-03 -6.955861e-02 2.520221e+02
-6.859881e-02 6.061042e-02 -9.958015e-01 5.462603e+01 -5.996717e-03 9.981097e-01 6.116401e-02 -4.455577e+00 9.976263e-01 1.016732e-02 -6.810568e-02 2.519567e+02
-6.738904e-02 6.033226e-02 -9.959010e-01 5.381433e+01 -6.166295e-03 9.981258e-01 6.088429e-02 -4.412946e+00 9.977077e-01 1.024395e-02 -6.689071e-02 2.519046e+02
-6.588076e-02 5.846484e-02 -9.961132e-01 5.298859e+01 -5.234638e-03 9.982480e-01 5.893634e-02 -4.368299e+00 9.978138e-01 9.097064e-03 -6.545930e-02 2.518456e+02
-6.455314e-02 5.548076e-02 -9.963708e-01 5.216414e+01 -5.430908e-03 9.984190e-01 5.594667e-02 -4.315028e+00 9.978995e-01 9.022731e-03 -6.414977e-02 2.517905e+02
-6.262861e-02 5.197989e-02 -9.966824e-01 5.132896e+01 -5.936062e-03 9.986057e-01 5.245320e-02 -4.275382e+00 9.980192e-01 9.201439e-03 -6.223273e-02 2.517364e+02
-6.165084e-02 5.085406e-02 -9.968014e-01 5.046355e+01 -5.376863e-03 9.986697e-01 5.128193e-02 -4.241451e+00 9.980833e-01 8.521239e-03 -6.129539e-02 2.516837e+02
-6.049208e-02 5.018707e-02 -9.969062e-01 4.957734e+01 -3.009079e-03 9.987215e-01 5.046105e-02 -4.200696e+00 9.981641e-01 6.052264e-03 -6.026373e-02 2.516296e+02
-5.948029e-02 4.889064e-02 -9.970315e-01 4.866929e+01 1.194539e-03 9.988027e-01 4.890623e-02 -4.152646e+00 9.982288e-01 1.717964e-03 -5.946747e-02 2.515728e+02
-5.848703e-02 4.741762e-02 -9.971614e-01 4.778222e+01 5.461745e-03 9.988715e-01 4.717859e-02 -4.120034e+00 9.982732e-01 -2.686905e-03 -5.868002e-02 2.515146e+02
-5.801039e-02 4.626121e-02 -9.972435e-01 4.688903e+01 6.525865e-03 9.989220e-01 4.595946e-02 -4.102967e+00 9.982946e-01 -3.841751e-03 -5.824975e-02 2.514607e+02
-5.889870e-02 4.637981e-02 -9.971860e-01 4.600657e+01 3.538685e-03 9.989236e-01 4.625161e-02 -4.083547e+00 9.982577e-01 -8.045678e-04 -5.899942e-02 2.514030e+02
-6.008310e-02 4.487529e-02 -9.971841e-01 4.513186e+01 -9.754268e-04 9.989858e-01 4.501514e-02 -4.061826e+00 9.981929e-01 3.677330e-03 -5.997840e-02 2.513383e+02
-6.192351e-02 4.308491e-02 -9.971505e-01 4.423652e+01 -1.760749e-03 9.990616e-01 4.327682e-02 -4.041458e+00 9.980793e-01 4.435585e-03 -6.178954e-02 2.512701e+02
-6.458814e-02 4.051831e-02 -9.970891e-01 4.335706e+01 3.334802e-03 9.991785e-01 4.038720e-02 -4.013959e+00 9.979064e-01 -7.165607e-04 -6.467021e-02 2.512121e+02
-6.765416e-02 3.915431e-02 -9.969402e-01 4.246583e+01 8.780153e-03 9.992143e-01 3.864779e-02 -3.984421e+00 9.976702e-01 -6.138604e-03 -6.794478e-02 2.511443e+02
-7.075085e-02 3.680170e-02 -9.968149e-01 4.156817e+01 1.259493e-02 9.992725e-01 3.599849e-02 -3.964748e+00 9.974145e-01 -1.000789e-02 -7.116289e-02 2.510779e+02
-7.333826e-02 3.498539e-02 -9.966933e-01 4.068183e+01 1.202254e-02 9.993429e-01 3.419375e-02 -3.942235e+00 9.972347e-01 -9.475078e-03 -7.371068e-02 2.509999e+02
-7.610787e-02 3.486706e-02 -9.964898e-01 3.977502e+01 1.029455e-02 9.993626e-01 3.418132e-02 -3.927976e+00 9.970464e-01 -7.656945e-03 -7.641830e-02 2.509265e+02
-7.863970e-02 3.764240e-02 -9.961922e-01 3.889836e+01 7.188656e-03 9.992823e-01 3.719169e-02 -3.904140e+00 9.968772e-01 -4.236539e-03 -7.885386e-02 2.508421e+02
-8.072778e-02 3.891470e-02 -9.959762e-01 3.785419e+01 5.037261e-03 9.992407e-01 3.863396e-02 -3.871216e+00 9.967235e-01 -1.898159e-03 -8.086251e-02 2.507166e+02
-8.266746e-02 3.897664e-02 -9.958147e-01 3.697157e+01 4.547789e-03 9.992392e-01 3.873315e-02 -3.850157e+00 9.965668e-01 -1.326784e-03 -8.278183e-02 2.506457e+02
-8.411406e-02 4.315102e-02 -9.955214e-01 3.606902e+01 3.315248e-03 9.990685e-01 4.302466e-02 -3.826723e+00 9.964506e-01 3.185784e-04 -8.417877e-02 2.505722e+02
-8.490938e-02 4.686717e-02 -9.952858e-01 3.513938e+01 1.930279e-04 9.988939e-01 4.702061e-02 -3.797625e+00 9.963887e-01 3.800373e-03 -8.482451e-02 2.504580e+02
-8.528274e-02 4.779039e-02 -9.952100e-01 3.414005e+01 -2.975541e-03 9.988323e-01 4.821932e-02 -3.756592e+00 9.963523e-01 7.073564e-03 -8.504096e-02 2.503186e+02
-8.411310e-02 4.971669e-02 -9.952152e-01 3.312130e+01 -3.718714e-03 9.987319e-01 5.020667e-02 -3.728887e+00 9.964493e-01 7.923960e-03 -8.382156e-02 2.501774e+02
-8.185719e-02 5.146571e-02 -9.953144e-01 3.205460e+01 -3.757895e-03 9.986428e-01 5.194687e-02 -3.703477e+00 9.966370e-01 7.992512e-03 -8.155268e-02 2.499921e+02
-7.909103e-02 5.094190e-02 -9.955649e-01 3.107942e+01 -3.968663e-03 9.986694e-01 5.141604e-02 -3.696085e+00 9.968595e-01 8.017609e-03 -7.878362e-02 2.498315e+02
-7.613113e-02 4.991517e-02 -9.958476e-01 3.002557e+01 -3.324502e-03 9.987279e-01 5.031370e-02 -3.666346e+00 9.970923e-01 7.141136e-03 -7.586834e-02 2.496397e+02
-7.431745e-02 4.753337e-02 -9.961011e-01 2.915819e+01 -2.418707e-03 9.988518e-01 4.784509e-02 -3.643413e+00 9.972317e-01 5.965002e-03 -7.411716e-02 2.495706e+02
-7.288179e-02 4.215643e-02 -9.964492e-01 2.830179e+01 -1.062636e-03 9.991024e-01 4.234640e-02 -3.619385e+00 9.973400e-01 4.145144e-03 -7.277158e-02 2.495105e+02
-7.073373e-02 3.759671e-02 -9.967865e-01 2.743054e+01 -1.608928e-03 9.992838e-01 3.780507e-02 -3.599194e+00 9.974939e-01 4.277851e-03 -7.062258e-02 2.494316e+02
-6.908833e-02 3.809152e-02 -9.968831e-01 2.659419e+01 -3.328031e-03 9.992564e-01 3.841285e-02 -3.577930e+00 9.976050e-01 5.971537e-03 -6.891018e-02 2.493762e+02
-6.735887e-02 3.845382e-02 -9.969875e-01 2.577053e+01 -3.727344e-03 9.992403e-01 3.879254e-02 -3.569688e+00 9.977218e-01 6.329137e-03 -6.716437e-02 2.493218e+02
-6.667070e-02 3.504459e-02 -9.971594e-01 2.494895e+01 -3.966560e-03 9.993658e-01 3.538734e-02 -3.542692e+00 9.977671e-01 6.314591e-03 -6.648941e-02 2.492690e+02
-6.707677e-02 3.268154e-02 -9.972124e-01 2.412577e+01 -4.479251e-04 9.994623e-01 3.278540e-02 -3.527288e+00 9.977477e-01 2.645816e-03 -6.702607e-02 2.492238e+02
-6.716473e-02 3.490134e-02 -9.971313e-01 2.330308e+01 3.691384e-03 9.993899e-01 3.473175e-02 -3.506207e+00 9.977351e-01 -1.348046e-03 -6.725259e-02 2.491518e+02
-6.845865e-02 3.698763e-02 -9.969681e-01 2.247996e+01 6.265979e-03 9.993087e-01 3.664420e-02 -3.492175e+00 9.976343e-01 -3.738368e-03 -6.864309e-02 2.490849e+02
-7.127511e-02 3.846897e-02 -9.967146e-01 2.166545e+01 4.680409e-03 9.992579e-01 3.823243e-02 -3.478432e+00 9.974457e-01 -1.940011e-03 -7.140227e-02 2.490339e+02
-7.382926e-02 3.950801e-02 -9.964880e-01 2.085914e+01 1.545427e-03 9.992183e-01 3.950176e-02 -3.460606e+00 9.972697e-01 1.376386e-03 -7.383261e-02 2.489613e+02
-7.737291e-02 4.093766e-02 -9.961614e-01 2.005072e+01 -1.697092e-03 9.991498e-01 4.119228e-02 -3.442475e+00 9.970008e-01 4.877745e-03 -7.723766e-02 2.488883e+02
-8.127607e-02 4.193006e-02 -9.958093e-01 1.922931e+01 -3.155101e-03 9.990989e-01 4.232609e-02 -3.427073e+00 9.966866e-01 6.581977e-03 -8.107053e-02 2.487920e+02
-8.601614e-02 4.316322e-02 -9.953583e-01 1.842446e+01 -3.524671e-03 9.990416e-01 4.362753e-02 -3.412760e+00 9.962875e-01 7.260983e-03 -8.578157e-02 2.487085e+02
-9.062786e-02 4.492402e-02 -9.948711e-01 1.761155e+01 -2.431104e-03 9.989691e-01 4.533053e-02 -3.400292e+00 9.958819e-01 6.526844e-03 -9.042522e-02 2.486170e+02
-9.439926e-02 4.771742e-02 -9.943902e-01 1.677140e+01 -7.342196e-04 9.988470e-01 4.800099e-02 -3.383249e+00 9.955341e-01 5.261358e-03 -9.425538e-02 2.484802e+02
-9.787607e-02 5.123805e-02 -9.938787e-01 1.590984e+01 2.839829e-03 9.986841e-01 5.120612e-02 -3.380102e+00 9.951946e-01 2.189408e-03 -9.789278e-02 2.483390e+02
-1.016854e-01 5.656788e-02 -9.932070e-01 1.511787e+01 4.571356e-03 9.983980e-01 5.639552e-02 -3.349127e+00 9.948061e-01 1.194301e-03 -1.017811e-01 2.482412e+02
-1.041896e-01 6.056508e-02 -9.927116e-01 1.427650e+01 4.891774e-03 9.981632e-01 6.038427e-02 -3.328965e+00 9.945454e-01 1.435290e-03 -1.042945e-01 2.481138e+02
-1.061195e-01 6.474822e-02 -9.922431e-01 1.347200e+01 4.047095e-03 9.978976e-01 6.468437e-02 -3.291046e+00 9.943451e-01 2.848571e-03 -1.061584e-01 2.480090e+02
-1.074545e-01 6.962667e-02 -9.917689e-01 1.268648e+01 4.154946e-03 9.975675e-01 6.958358e-02 -3.251367e+00 9.942013e-01 3.356325e-03 -1.074824e-01 2.479153e+02
