9.999932e-01 -2.282664e-03 -2.886387e-03 -1.133152e-02 2.277174e-03 9.999956e-01 -1.903878e-03 -1.305627e-02 2.890720e-03 1.897292e-03 9.999940e-01 6.760786e-01
9.999739e-01 -1.340597e-03 -7.101126e-03 -1.416117e-02 1.318555e-03 9.999943e-01 -3.107880e-03 -2.793468e-02 7.105252e-03 3.098436e-03 9.999700e-01 1.405217e+00
9.999384e-01 -1.693136e-03 -1.097155e-02 -3.128631e-02 1.642414e-03 9.999879e-01 -4.630402e-03 -2.961885e-02 1.097926e-02 4.612097e-03 9.999291e-01 2.119948e+00
9.998699e-01 -3.674403e-05 -1.613125e-02 -4.782833e-02 -5.276828e-05 9.999846e-01 -5.548538e-03 -3.279646e-02 1.613121e-02 5.548668e-03 9.998545e-01 2.852967e+00
9.997846e-01 -1.291874e-03 -2.071488e-02 -6.230042e-02 1.172860e-03 9.999827e-01 -5.756441e-03 -4.084760e-02 2.072196e-02 5.730905e-03 9.997689e-01 3.591959e+00
9.996644e-01 3.822305e-04 -2.590073e-02 -7.414868e-02 -5.863785e-04 9.999688e-01 -7.874801e-03 -3.174465e-02 2.589691e-02 7.887346e-03 9.996335e-01 4.363468e+00
9.995207e-01 2.952770e-03 -3.081795e-02 -1.125935e-01 -3.247532e-03 9.999494e-01 -9.518975e-03 -1.969658e-02 3.078829e-02 9.614495e-03 9.994797e-01 5.149615e+00
9.993825e-01 3.305795e-03 -3.498135e-02 -1.497015e-01 -3.542200e-03 9.999713e-01 -6.698212e-03 -5.380365e-02 3.495820e-02 6.817986e-03 9.993655e-01 5.938215e+00
9.991838e-01 2.833714e-03 -4.029470e-02 -1.671811e-01 -3.010618e-03 9.999861e-01 -4.330248e-03 -5.734604e-02 4.028187e-02 4.448026e-03 9.991785e-01 6.748369e+00
9.990182e-01 2.556817e-03 -4.422829e-02 -2.011225e-01 -2.653762e-03 9.999942e-01 -2.133347e-03 -6.261854e-02 4.422258e-02 2.248624e-03 9.990192e-01 7.569916e+00
9.988951e-01 4.101445e-03 -4.681621e-02 -2.557184e-01 -4.327803e-03 9.999794e-01 -4.734693e-03 -3.930167e-02 4.679583e-02 4.932073e-03 9.988923e-01 8.403344e+00
9.988222e-01 3.827441e-03 -4.836854e-02 -3.115161e-01 -4.142357e-03 9.999709e-01 -6.412188e-03 -2.639150e-02 4.834259e-02 6.604996e-03 9.988090e-01 9.219575e+00
9.987740e-01 1.383849e-03 -4.948316e-02 -3.706185e-01 -1.761972e-03 9.999696e-01 -7.598638e-03 -3.254588e-02 4.947114e-02 7.676510e-03 9.987461e-01 1.006049e+01
9.986430e-01 1.613533e-03 -5.205361e-02 -4.072406e-01 -2.026192e-03 9.999669e-01 -7.875778e-03 -3.058767e-02 5.203918e-02 7.970561e-03 9.986132e-01 1.090696e+01
9.985747e-01 -5.890907e-04 -5.336894e-02 -4.652694e-01 1.461298e-04 9.999655e-01 -8.303499e-03 -3.856531e-02 5.337199e-02 8.283865e-03 9.985403e-01 1.177006e+01
9.984816e-01 2.487978e-03 -5.502926e-02 -5.295421e-01 -3.033534e-03 9.999471e-01 -9.832615e-03 -7.156495e-02 5.500188e-02 9.984619e-03 9.984363e-01 1.262773e+01
9.984438e-01 2.961500e-03 -5.568845e-02 -5.974313e-01 -3.652079e-03 9.999176e-01 -1.230306e-02 -9.092285e-02 5.564743e-02 1.248730e-02 9.983724e-01 1.348781e+01
9.983304e-01 7.364536e-03 -5.729074e-02 -6.606641e-01 -8.098690e-03 9.998879e-01 -1.259291e-02 -1.305986e-01 5.719157e-02 1.303587e-02 9.982781e-01 1.435530e+01
9.982922e-01 7.798087e-03 -5.789469e-02 -7.228730e-01 -8.562543e-03 9.998793e-01 -1.296794e-02 -1.313930e-01 5.778658e-02 1.344152e-02 9.982385e-01 1.522541e+01
9.982769e-01 5.910655e-03 -5.838063e-02 -7.940559e-01 -6.672701e-03 9.998950e-01 -1.286676e-02 -1.216898e-01 5.829845e-02 1.323414e-02 9.982115e-01 1.611223e+01
9.981851e-01 7.011517e-03 -5.981069e-02 -8.475681e-01 -7.699004e-03 9.999068e-01 -1.127169e-02 -1.463261e-01 5.972609e-02 1.171171e-02 9.981461e-01 1.700483e+01
9.981376e-01 6.806684e-03 -6.062158e-02 -9.092940e-01 -7.472242e-03 9.999142e-01 -1.075897e-02 -1.757152e-01 6.054315e-02 1.119191e-02 9.981028e-01 1.790874e+01
9.980347e-01 6.776267e-03 -6.229562e-02 -9.654739e-01 -7.481348e-03 9.999105e-01 -1.109202e-02 -2.066028e-01 6.221488e-02 1.153628e-02 9.979961e-01 1.880477e+01
9.979158e-01 5.891335e-03 -6.425982e-02 -1.002652e+00 -6.629158e-03 9.999145e-01 -1.127470e-02 -2.437219e-01 6.418790e-02 1.167719e-02 9.978695e-01 1.971240e+01
9.978429e-01 5.072408e-03 -6.545141e-02 -1.050018e+00 -5.734380e-03 9.999343e-01 -9.930053e-03 -2.529826e-01 6.539674e-02 1.028396e-02 9.978063e-01 2.063426e+01
9.978496e-01 5.688638e-03 -6.529769e-02 -1.116421e+00 -6.134530e-03 9.999592e-01 -6.630137e-03 -2.634929e-01 6.525731e-02 7.016450e-03 9.978438e-01 2.154562e+01
9.978749e-01 6.357018e-03 -6.484804e-02 -1.171432e+00 -6.588533e-03 9.999727e-01 -3.356890e-03 -2.698675e-01 6.482493e-02 3.777009e-03 9.978895e-01 2.247802e+01
9.979544e-01 5.275108e-03 -6.371159e-02 -1.226236e+00 -5.281902e-03 9.999860e-01 6.180468e-05 -2.974580e-01 6.371103e-02 2.748401e-04 9.979684e-01 2.342135e+01
9.980210e-01 5.267556e-03 -6.266066e-02 -1.276695e+00 -5.261038e-03 9.999861e-01 2.690069e-04 -3.018166e-01 6.266121e-02 6.118556e-05 9.980349e-01 2.436623e+01
9.980686e-01 6.617352e-03 -6.176726e-02 -1.321338e+00 -6.763045e-03 9.999748e-01 -2.149972e-03 -3.280888e-01 6.175148e-02 2.563554e-03 9.980883e-01 2.531858e+01
9.980832e-01 7.296768e-03 -6.145489e-02 -1.374933e+00 -7.624395e-03 9.999579e-01 -5.098375e-03 -3.663797e-01 6.141511e-02 5.557159e-03 9.980968e-01 2.626733e+01
9.981764e-01 7.071193e-03 -5.994906e-02 -1.434285e+00 -7.582462e-03 9.999368e-01 -8.305206e-03 -3.737047e-01 5.988654e-02 8.744622e-03 9.981669e-01 2.719195e+01
9.982326e-01 4.346553e-03 -5.926820e-02 -1.494183e+00 -4.809712e-03 9.999590e-01 -7.674216e-03 -3.844256e-01 5.923242e-02 7.945716e-03 9.982126e-01 2.814908e+01
9.982044e-01 6.698798e-04 -5.989566e-02 -1.531954e+00 -7.962905e-04 9.999975e-01 -2.086673e-03 -4.211568e-01 5.989411e-02 2.130620e-03 9.982025e-01 2.904946e+01
9.979175e-01 -2.952743e-03 -6.443514e-02 -1.483931e+00 3.083892e-03 9.999934e-01 1.935987e-03 -4.537710e-01 6.442899e-02 -2.130666e-03 9.979200e-01 3.000769e+01
9.977288e-01 -1.155352e-02 -6.636084e-02 -1.521764e+00 1.169086e-02 9.999302e-01 1.681689e-03 -4.864911e-01 6.633678e-02 -2.453685e-03 9.977943e-01 3.097752e+01
9.976524e-01 -1.395666e-02 -6.704417e-02 -1.606379e+00 1.369902e-02 9.998969e-01 -4.301122e-03 -4.580035e-01 6.709729e-02 3.372585e-03 9.977407e-01 3.194166e+01
9.973851e-01 -1.361019e-02 -7.097700e-02 -1.632174e+00 1.303164e-02 9.998780e-01 -8.608009e-03 -4.659041e-01 7.108550e-02 7.660553e-03 9.974408e-01 3.295306e+01
9.971613e-01 -1.119988e-02 -7.445784e-02 -1.671945e+00 1.059556e-02 9.999077e-01 -8.506287e-03 -5.076413e-01 7.454624e-02 7.693217e-03 9.971879e-01 3.394736e+01
9.970575e-01 -1.112398e-02 -7.584628e-02 -1.742603e+00 1.065836e-02 9.999218e-01 -6.540957e-03 -5.404822e-01 7.591311e-02 5.713313e-03 9.970981e-01 3.493895e+01
9.969484e-01 -7.384545e-03 -7.771384e-02 -1.816991e+00 7.233125e-03 9.999714e-01 -2.229738e-03 -5.932134e-01 7.772808e-02 1.660820e-03 9.969732e-01 3.594444e+01
9.967721e-01 -7.669592e-03 -7.991637e-02 -1.889536e+00 7.506756e-03 9.999691e-01 -2.337823e-03 -5.882542e-01 7.993183e-02 1.730364e-03 9.967988e-01 3.695967e+01
9.967142e-01 -6.852940e-03 -8.070828e-02 -1.978191e+00 6.818813e-03 9.999765e-01 -6.984513e-04 -5.857237e-01 8.071117e-02 1.458217e-04 9.967375e-01 3.796086e+01
9.966143e-01 -7.147342e-03 -8.190812e-02 -2.036013e+00 7.415868e-03 9.999681e-01 2.974625e-03 -6.090922e-01 8.188424e-02 -3.571974e-03 9.966354e-01 3.896224e+01
9.965365e-01 -1.081432e-03 -8.314927e-02 -2.104328e+00 1.537193e-03 9.999841e-01 5.417414e-03 -6.166260e-01 8.314209e-02 -5.526467e-03 9.965224e-01 3.993071e+01
9.964613e-01 -1.264839e-03 -8.404292e-02 -2.181344e+00 1.672986e-03 9.999871e-01 4.786163e-03 -6.258330e-01 8.403578e-02 -4.909829e-03 9.964506e-01 4.093202e+01
9.964305e-01 -1.205961e-03 -8.440896e-02 -2.258829e+00 1.446028e-03 9.999951e-01 2.783013e-03 -6.284901e-01 8.440519e-02 -2.895137e-03 9.964273e-01 4.191558e+01
9.961607e-01 1.794291e-03 -8.752497e-02 -2.288245e+00 -1.788519e-03 9.999984e-01 1.443749e-04 -6.218674e-01 8.752509e-02 1.271940e-05 9.961623e-01 4.292999e+01
9.960538e-01 1.835019e-03 -8.873220e-02 -2.382289e+00 -1.856332e-03 9.999983e-01 -1.576736e-04 -6.324088e-01 8.873176e-02 3.217678e-04 9.960555e-01 4.392741e+01
9.959179e-01 -4.833682e-04 -9.026262e-02 -2.467365e+00 5.502896e-04 9.999996e-01 7.165236e-04 -6.443764e-01 9.026224e-02 -7.632693e-04 9.959177e-01 4.491536e+01
9.958521e-01 -2.375483e-04 -9.098668e-02 -2.562710e+00 3.360988e-04 9.999994e-01 1.067811e-03 -6.447960e-01 9.098637e-02 -1.093962e-03 9.958515e-01 4.590080e+01
9.957809e-01 1.823632e-03 -9.174509e-02 -2.643465e+00 -2.093541e-03 9.999938e-01 -2.845791e-03 -6.457572e-01 9.173933e-02 3.025856e-03 9.957785e-01 4.685997e+01
9.957179e-01 2.442592e-03 -9.241105e-02 -2.741840e+00 -3.125476e-03 9.999689e-01 -7.245635e-03 -6.585268e-01 9.239047e-02 7.503437e-03 9.956946e-01 4.782207e+01
9.956006e-01 3.439132e-03 -9.363602e-02 -2.824282e+00 -4.275265e-03 9.999527e-01 -8.730468e-03 -6.694169e-01 9.360157e-02 9.092377e-03 9.955682e-01 4.878857e+01
9.955705e-01 2.379320e-03 -9.398827e-02 -2.913597e+00 -2.915253e-03 9.999803e-01 -5.565231e-03 -6.845441e-01 9.397317e-02 5.814579e-03 9.955577e-01 4.976979e+01
9.956737e-01 4.274379e-05 -9.291829e-02 -3.076962e+00 -2.982709e-04 9.999962e-01 -2.736134e-03 -7.045173e-01 9.291782e-02 2.752011e-03 9.956700e-01 5.080130e+01
9.956460e-01 -1.762984e-03 -9.319806e-02 -3.166452e+00 1.624669e-03 9.999975e-01 -1.559951e-03 -7.397211e-01 9.320058e-02 1.401743e-03 9.956464e-01 5.175940e+01
9.955323e-01 -4.721225e-03 -9.430327e-02 -3.235641e+00 4.472568e-03 9.999859e-01 -2.847970e-03 -7.618085e-01 9.431539e-02 2.413469e-03 9.955394e-01 5.272357e+01
9.954876e-01 -6.905659e-03 -9.464057e-02 -3.328993e+00 6.530464e-03 9.999695e-01 -4.273570e-03 -7.841251e-01 9.466720e-02 3.636239e-03 9.955023e-01 5.368605e+01
9.953702e-01 -8.248740e-03 -9.576050e-02 -3.418870e+00 7.998892e-03 9.999635e-01 -2.992677e-03 -8.041265e-01 9.578170e-02 2.212844e-03 9.953999e-01 5.463379e+01
9.952474e-01 -1.136656e-02 -9.671318e-02 -3.513429e+00 1.147736e-02 9.999340e-01 5.894438e-04 -8.171869e-01 9.670009e-02 -1.696654e-03 9.953121e-01 5.558478e+01
9.952034e-01 -1.211323e-02 -9.707408e-02 -3.603372e+00 1.262242e-02 9.999096e-01 4.632971e-03 -8.156286e-01 9.700918e-02 -5.836059e-03 9.952664e-01 5.652250e+01
9.951946e-01 -1.092886e-02 -9.730467e-02 -3.710254e+00 1.168124e-02 9.999061e-01 7.165842e-03 -8.325418e-01 9.721722e-02 -8.268047e-03 9.952288e-01 5.746617e+01
9.949627e-01 -1.056644e-02 -9.968728e-02 -3.794098e+00 1.091864e-02 9.999359e-01 2.988103e-03 -8.363719e-01 9.964932e-02 -4.061500e-03 9.950143e-01 5.840324e+01
9.948098e-01 -7.661102e-03 -1.014633e-01 -3.880594e+00 7.265573e-03 9.999645e-01 -4.267231e-03 -8.559380e-01 1.014924e-01 3.507895e-03 9.948301e-01 5.931282e+01
9.946953e-01 -5.661727e-03 -1.027096e-01 -3.970194e+00 4.778877e-03 9.999495e-01 -8.839626e-03 -8.738158e-01 1.027545e-01 8.301898e-03 9.946721e-01 6.020930e+01
9.945467e-01 -1.377599e-03 -1.042833e-01 -4.069272e+00 5.953532e-04 9.999715e-01 -7.531918e-03 -8.886034e-01 1.042907e-01 7.428759e-03 9.945191e-01 6.111570e+01
9.947474e-01 2.512383e-03 -1.023289e-01 -4.254014e+00 -2.385397e-03 9.999962e-01 1.363306e-03 -1.151650e+00 1.023319e-01 -1.112050e-03 9.947497e-01 6.191237e+01
9.945760e-01 4.969832e-03 -1.038933e-01 -4.351840e+00 -4.616465e-03 9.999827e-01 3.641429e-03 -1.179355e+00 1.039096e-01 -3.142058e-03 9.945818e-01 6.282443e+01
9.944408e-01 4.197936e-03 -1.052131e-01 -4.440500e+00 -3.861290e-03 9.999868e-01 3.403153e-03 -1.194118e+00 1.052259e-01 -2.977977e-03 9.944439e-01 6.368251e+01
9.942005e-01 6.234259e-03 -1.073614e-01 -4.512945e+00 -5.788825e-03 9.999733e-01 4.460072e-03 -1.211725e+00 1.073864e-01 -3.812710e-03 9.942101e-01 6.455076e+01
9.940347e-01 7.176642e-03 -1.088277e-01 -4.613546e+00 -6.710277e-03 9.999667e-01 4.650972e-03 -1.211467e+00 1.088575e-01 -3.892963e-03 9.940497e-01 6.541125e+01
9.938374e-01 7.362467e-03 -1.106025e-01 -4.706425e+00 -6.866488e-03 9.999646e-01 4.864569e-03 -1.218831e+00 1.106344e-01 -4.075140e-03 9.938528e-01 6.625425e+01
9.936809e-01 6.940265e-03 -1.120273e-01 -4.797783e+00 -6.396266e-03 9.999659e-01 5.214633e-03 -1.208035e+00 1.120597e-01 -4.465125e-03 9.936914e-01 6.706350e+01
9.931495e-01 9.286369e-03 -1.164806e-01 -4.792658e+00 -8.416934e-03 9.999329e-01 7.953870e-03 -1.210392e+00 1.165467e-01 -6.918973e-03 9.931611e-01 6.784504e+01
9.929644e-01 9.976023e-03 -1.179926e-01 -4.890779e+00 -8.670512e-03 9.998954e-01 1.157251e-02 -1.198571e+00 1.180957e-01 -1.046803e-02 9.929470e-01 6.865423e+01
9.927053e-01 1.320542e-02 -1.198406e-01 -4.993918e+00 -1.153507e-02 9.998266e-01 1.462115e-02 -1.228213e+00 1.200129e-01 -1.313213e-02 9.926855e-01 6.942561e+01
9.923947e-01 1.602180e-02 -1.220498e-01 -5.073139e+00 -1.497636e-02 9.998429e-01 9.478253e-03 -1.199601e+00 1.221825e-01 -7.578305e-03 9.924787e-01 7.019015e+01
9.923470e-01 1.667797e-02 -1.223492e-01 -5.196932e+00 -1.662350e-02 9.998607e-01 1.466102e-03 -1.185369e+00 1.223566e-01 5.789888e-04 9.924860e-01 7.090760e+01
9.919534e-01 1.635399e-02 -1.255428e-01 -5.241806e+00 -1.697487e-02 9.998484e-01 -3.877319e-03 -1.207980e+00 1.254604e-01 5.977194e-03 9.920806e-01 7.162605e+01
9.918146e-01 1.738222e-02 -1.264974e-01 -5.322875e+00 -1.816043e-02 9.998226e-01 -5.001231e-03 -1.216201e+00 1.263880e-01 7.257542e-03 9.919543e-01 7.231352e+01
9.913278e-01 1.983580e-02 -1.299070e-01 -5.352726e+00 -2.015496e-02 9.997962e-01 -1.142476e-03 -1.231649e+00 1.298579e-01 3.750838e-03 9.915255e-01 7.299474e+01
9.909690e-01 1.979028e-02 -1.326225e-01 -5.411926e+00 -1.984087e-02 9.998027e-01 9.401598e-04 -1.246174e+00 1.326150e-01 1.699677e-03 9.911662e-01 7.366151e+01
9.907465e-01 1.667591e-02 -1.346972e-01 -5.471261e+00 -1.729915e-02 9.998444e-01 -3.457834e-03 -1.243360e+00 1.346186e-01 5.755984e-03 9.908808e-01 7.430977e+01
9.907050e-01 9.165032e-03 -1.357189e-01 -5.522108e+00 -1.072803e-02 9.998842e-01 -1.078955e-02 -1.235750e+00 1.356044e-01 1.214526e-02 9.906886e-01 7.493723e+01
9.905986e-01 5.778773e-03 -1.366787e-01 -5.553405e+00 -8.061964e-03 9.998370e-01 -1.615716e-02 -1.248428e+00 1.365630e-01 1.710716e-02 9.904837e-01 7.554633e+01
9.909859e-01 8.350626e-03 -1.337056e-01 -5.636645e+00 -1.066637e-02 9.998051e-01 -1.661276e-02 -1.251672e+00 1.335409e-01 1.788916e-02 9.908818e-01 7.613139e+01
9.913153e-01 1.286153e-02 -1.308759e-01 -5.699334e+00 -1.474281e-02 9.998013e-01 -1.341582e-02 -1.258450e+00 1.306773e-01 1.522878e-02 9.913080e-01 7.671120e+01
9.916002e-01 1.151072e-02 -1.288274e-01 -5.710086e+00 -1.317821e-02 9.998400e-01 -1.209862e-02 -1.239282e+00 1.286675e-01 1.369471e-02 9.915932e-01 7.729849e+01
9.922936e-01 7.578686e-03 -1.236765e-01 -5.762469e+00 -8.790902e-03 9.999185e-01 -9.258732e-03 -1.240398e+00 1.235962e-01 1.027461e-02 9.922794e-01 7.785087e+01
9.932241e-01 2.998814e-03 -1.161765e-01 -5.802717e+00 -3.856102e-03 9.999670e-01 -7.155130e-03 -1.244805e+00 1.161512e-01 7.554636e-03 9.932028e-01 7.838753e+01
9.942992e-01 6.835026e-03 -1.064064e-01 -5.839173e+00 -7.620780e-03 9.999466e-01 -6.979614e-03 -1.256286e+00 1.063530e-01 7.750724e-03 9.942982e-01 7.890278e+01
9.957037e-01 1.206017e-02 -9.180809e-02 -5.880751e+00 -1.279932e-02 9.998902e-01 -7.466495e-03 -1.258490e+00 9.170797e-02 8.609498e-03 9.957487e-01 7.941269e+01
9.971015e-01 1.724159e-02 -7.410321e-02 -5.913700e+00 -1.774478e-02 9.998237e-01 -6.137278e-03 -1.273579e+00 7.398433e-02 7.434434e-03 9.972317e-01 7.990741e+01
9.985006e-01 1.612143e-02 -5.231297e-02 -5.919914e+00 -1.646554e-02 9.998455e-01 -6.153714e-03 -1.273145e+00 5.220568e-02 7.005849e-03 9.986118e-01 8.039784e+01
9.995875e-01 1.291847e-02 -2.564915e-02 -5.919056e+00 -1.305872e-02 9.999006e-01 -5.307819e-03 -1.277232e+00 2.557803e-02 5.640575e-03 9.996569e-01 8.085869e+01
9.999178e-01 1.234983e-02 3.457766e-03 -5.888378e+00 -1.233610e-02 9.999160e-01 -3.964392e-03 -1.282155e+00 -3.506436e-03 3.921411e-03 9.999862e-01 8.131744e+01
9.992664e-01 1.251033e-02 3.619532e-02 -5.841065e+00 -1.239426e-02 9.999173e-01 -3.429547e-03 -1.271501e+00 -3.623523e-02 2.978417e-03 9.993389e-01 8.177227e+01
9.971410e-01 1.263661e-02 7.449923e-02 -5.796308e+00 -1.248056e-02 9.999188e-01 -2.559825e-03 -1.279764e+00 -7.452553e-02 1.622715e-03 9.972178e-01 8.222061e+01
9.930438e-01 1.320619e-02 1.170027e-01 -5.731078e+00 -1.300154e-02 9.999123e-01 -2.512180e-03 -1.283754e+00 -1.170256e-01 9.734890e-04 9.931284e-01 8.266441e+01
9.865267e-01 1.295220e-02 1.630869e-01 -5.643362e+00 -1.261720e-02 9.999156e-01 -3.089801e-03 -1.281334e+00 -1.631131e-01 9.904725e-04 9.866069e-01 8.308996e+01
9.768367e-01 1.465784e-02 2.134835e-01 -5.533461e+00 -1.357590e-02 9.998865e-01 -6.533251e-03 -1.273843e+00 -2.135550e-01 3.483689e-03 9.769248e-01 8.351779e+01
9.634682e-01 1.539332e-02 2.673802e-01 -5.390869e+00 -1.294144e-02 9.998565e-01 -1.092993e-02 -1.257743e+00 -2.675101e-01 7.070352e-03 9.635291e-01 8.391587e+01
9.469433e-01 1.561029e-02 3.210213e-01 -5.164304e+00 -1.149488e-02 9.998257e-01 -1.471107e-02 -1.239608e+00 -3.211950e-01 1.024044e-02 9.469577e-01 8.430393e+01
9.252432e-01 1.678170e-02 3.790031e-01 -4.976235e+00 -1.070832e-02 9.997783e-01 -1.812697e-02 -1.215764e+00 -3.792233e-01 1.271337e-02 9.252178e-01 8.465771e+01
8.989834e-01 1.751894e-02 4.376322e-01 -4.758227e+00 -9.176156e-03 9.997338e-01 -2.117089e-02 -1.197234e+00 -4.378865e-01 1.501650e-02 8.989048e-01 8.500158e+01
8.678376e-01 1.494844e-02 4.966230e-01 -4.490423e+00 -2.808699e-03 9.996789e-01 -2.518237e-02 -1.152924e+00 -4.968400e-01 2.045934e-02 8.676010e-01 8.537385e+01
8.310048e-01 1.466236e-02 5.560720e-01 -4.237762e+00 5.728205e-04 9.996295e-01 -2.721400e-02 -1.141187e+00 -5.562650e-01 2.293349e-02 8.306884e-01 8.576429e+01
7.883521e-01 1.646244e-02 6.150040e-01 -3.940888e+00 4.682345e-03 9.994524e-01 -3.275550e-02 -1.051542e+00 -6.152065e-01 2.870253e-02 7.878434e-01 8.621229e+01
7.413837e-01 2.002321e-02 6.707826e-01 -3.676634e+00 2.432457e-03 9.994680e-01 -3.252312e-02 -1.066287e+00 -6.710770e-01 2.574376e-02 7.409405e-01 8.661786e+01
6.907065e-01 2.173738e-02 7.228085e-01 -3.380538e+00 4.290888e-03 9.994073e-01 -3.415600e-02 -1.049176e+00 -7.231225e-01 2.669326e-02 6.902038e-01 8.700960e+01
6.387988e-01 2.148760e-02 7.690737e-01 -3.055033e+00 7.989172e-03 9.993708e-01 -3.455788e-02 -1.046238e+00 -7.693323e-01 2.821979e-02 6.382252e-01 8.735171e+01
5.858050e-01 1.816419e-02 8.102485e-01 -2.686971e+00 1.561334e-02 9.993103e-01 -3.369095e-02 -1.013913e+00 -8.103016e-01 3.238701e-02 5.851174e-01 8.767912e+01
5.390646e-01 2.218282e-02 8.419722e-01 -2.363011e+00 1.330574e-02 9.993041e-01 -3.484680e-02 -1.065921e+00 -8.421593e-01 2.998774e-02 5.383943e-01 8.784228e+01
4.924791e-01 2.853106e-02 8.698565e-01 -2.041332e+00 1.053962e-02 9.991937e-01 -3.874041e-02 -1.098239e+00 -8.702605e-01 2.824680e-02 4.917813e-01 8.797872e+01
4.460791e-01 3.157585e-02 8.944364e-01 -1.670496e+00 1.354337e-02 9.990249e-01 -4.202252e-02 -1.092051e+00 -8.948911e-01 3.085905e-02 4.452165e-01 8.814204e+01
4.032178e-01 2.616571e-02 9.147299e-01 -1.283257e+00 1.564937e-02 9.992478e-01 -3.548166e-02 -1.136061e+00 -9.149702e-01 2.862178e-02 4.025050e-01 8.825894e+01
3.633152e-01 1.303391e-02 9.315751e-01 -9.134719e-01 2.121611e-02 9.995271e-01 -2.225895e-02 -1.121579e+00 -9.314247e-01 2.785142e-02 3.628668e-01 8.834495e+01
3.279767e-01 1.059800e-02 9.446264e-01 -4.958119e-01 2.036228e-02 9.996255e-01 -1.828488e-02 -1.139998e+00 -9.444663e-01 2.523176e-02 3.276381e-01 8.842087e+01
2.951411e-01 5.289193e-03 9.554390e-01 3.288405e-01 3.001961e-02 9.994396e-01 -1.480602e-02 -1.032389e+00 -9.549820e-01 3.305177e-02 2.948169e-01 8.868361e+01
2.683322e-01 1.899011e-02 9.631392e-01 7.201172e-01 2.821469e-02 9.992218e-01 -2.756221e-02 -1.093890e+00 -9.629132e-01 3.457050e-02 2.675876e-01 8.870173e+01
2.401065e-01 2.479023e-02 9.704300e-01 1.186370e+00 3.033003e-02 9.989942e-01 -3.302427e-02 -1.111764e+00 -9.702726e-01 3.736251e-02 2.391131e-01 8.879612e+01
2.146868e-01 2.501649e-02 9.763625e-01 1.669542e+00 3.206063e-02 9.989527e-01 -3.264493e-02 -1.171342e+00 -9.761566e-01 3.831124e-02 2.136599e-01 8.885798e+01
1.911269e-01 1.854721e-02 9.813901e-01 2.074750e+00 3.612903e-02 9.990110e-01 -2.591640e-02 -1.200081e+00 -9.809002e-01 4.041000e-02 1.902678e-01 8.890928e+01
1.704333e-01 1.380378e-02 9.852725e-01 2.494723e+00 4.482199e-02 9.987583e-01 -2.174606e-02 -1.196463e+00 -9.843493e-01 4.786813e-02 1.696029e-01 8.896345e+01
1.510684e-01 1.299503e-02 9.884379e-01 2.944030e+00 5.191882e-02 9.984292e-01 -2.106142e-02 -1.203804e+00 -9.871589e-01 5.450024e-02 1.501564e-01 8.901025e+01
1.337056e-01 1.576781e-02 9.908956e-01 3.434445e+00 5.247042e-02 9.983583e-01 -2.296661e-02 -1.205705e+00 -9.896311e-01 5.506347e-02 1.326588e-01 8.907377e+01
1.174842e-01 1.939603e-02 9.928853e-01 3.810825e+00 4.678125e-02 9.985912e-01 -2.504294e-02 -1.249689e+00 -9.919723e-01 4.939057e-02 1.164113e-01 8.916207e+01
1.033212e-01 2.088152e-02 9.944288e-01 4.266053e+00 4.306157e-02 9.987483e-01 -2.544632e-02 -1.280737e+00 -9.937155e-01 4.545081e-02 1.022927e-01 8.918969e+01
8.923075e-02 2.093777e-02 9.957909e-01 4.765290e+00 4.119338e-02 9.988460e-01 -2.469326e-02 -1.300996e+00 -9.951588e-01 4.322339e-02 8.826528e-02 8.924748e+01
8.794179e-02 1.697663e-02 9.959809e-01 5.377680e+00 4.251886e-02 9.988795e-01 -2.078031e-02 -1.290659e+00 -9.952178e-01 4.417544e-02 8.712142e-02 8.916368e+01
7.733338e-02 1.519738e-02 9.968895e-01 5.864903e+00 4.374191e-02 9.988693e-01 -1.862083e-02 -1.302366e+00 -9.960453e-01 4.504586e-02 7.658118e-02 8.920293e+01
6.964192e-02 1.447825e-02 9.974670e-01 6.299214e+00 4.458323e-02 9.988504e-01 -1.761107e-02 -1.295137e+00 -9.965753e-01 4.569677e-02 6.891637e-02 8.920618e+01
6.422971e-02 1.346974e-02 9.978442e-01 6.846074e+00 4.494016e-02 9.988554e-01 -1.637612e-02 -1.319076e+00 -9.969227e-01 4.589511e-02 6.355086e-02 8.921847e+01
5.951542e-02 1.618358e-02 9.980962e-01 7.382793e+00 4.453306e-02 9.988300e-01 -1.885093e-02 -1.403107e+00 -9.972335e-01 4.557020e-02 5.872508e-02 8.917453e+01
5.262741e-02 1.638755e-02 9.984797e-01 8.186582e+00 4.507832e-02 9.988071e-01 -1.876889e-02 -1.449008e+00 -9.975963e-01 4.599755e-02 5.182591e-02 8.927508e+01
4.896969e-02 1.587381e-02 9.986741e-01 8.765728e+00 4.533837e-02 9.988077e-01 -1.809909e-02 -1.455333e+00 -9.977707e-01 4.616457e-02 4.819161e-02 8.924948e+01
4.905753e-02 2.075280e-02 9.985803e-01 9.412225e+00 4.240573e-02 9.988393e-01 -2.284146e-02 -1.596974e+00 -9.978953e-01 4.346607e-02 4.812056e-02 8.915176e+01
4.623894e-02 1.926085e-02 9.987447e-01 1.002231e+01 4.227990e-02 9.988804e-01 -2.122091e-02 -1.605592e+00 -9.980353e-01 4.320805e-02 4.537282e-02 8.916864e+01
4.423064e-02 2.047733e-02 9.988115e-01 1.057947e+01 4.108468e-02 9.989068e-01 -2.229865e-02 -1.654481e+00 -9.981762e-01 4.202213e-02 4.334098e-02 8.913824e+01
4.298018e-02 1.533209e-02 9.989583e-01 1.123327e+01 4.107772e-02 9.990096e-01 -1.710025e-02 -1.665396e+00 -9.982311e-01 4.176990e-02 4.230780e-02 8.917019e+01
4.379372e-02 1.178305e-02 9.989711e-01 1.191956e+01 4.134757e-02 9.990523e-01 -1.359664e-02 -1.672317e+00 -9.981846e-01 4.190047e-02 4.326501e-02 8.919218e+01
4.573458e-02 9.889522e-03 9.989047e-01 1.261643e+01 4.163147e-02 9.990634e-01 -1.179718e-02 -1.680148e+00 -9.980858e-01 4.212541e-02 4.528003e-02 8.922946e+01
5.015546e-02 7.276499e-03 9.987149e-01 1.324484e+01 4.136695e-02 9.991002e-01 -9.356754e-03 -1.695265e+00 -9.978844e-01 4.178308e-02 4.980933e-02 8.921293e+01
5.484394e-02 6.214438e-03 9.984756e-01 1.398916e+01 3.962116e-02 9.991795e-01 -8.395118e-03 -1.736362e+00 -9.977085e-01 4.002118e-02 5.455272e-02 8.924919e+01
5.882923e-02 4.397250e-03 9.982584e-01 1.477179e+01 3.877573e-02 9.992256e-01 -6.686637e-03 -1.732726e+00 -9.975147e-01 3.910156e-02 5.861317e-02 8.930955e+01
6.285261e-02 4.346082e-03 9.980134e-01 1.553477e+01 3.714764e-02 9.992874e-01 -6.691104e-03 -1.743962e+00 -9.973312e-01 3.749439e-02 6.264638e-02 8.936047e+01
6.781496e-02 7.161062e-03 9.976722e-01 1.632324e+01 3.505672e-02 9.993396e-01 -9.555948e-03 -1.744829e+00 -9.970818e-01 3.562315e-02 6.751914e-02 8.940559e+01
7.185592e-02 8.227719e-03 9.973811e-01 1.710874e+01 3.390238e-02 9.993680e-01 -1.068659e-02 -1.759710e+00 -9.968387e-01 3.458149e-02 7.153157e-02 8.946639e+01
7.654844e-02 1.085758e-02 9.970067e-01 1.790741e+01 3.411783e-02 9.993266e-01 -1.350235e-02 -1.782124e+00 -9.964820e-01 3.504929e-02 7.612645e-02 8.952502e+01
7.949770e-02 1.387347e-02 9.967385e-01 1.869082e+01 3.693110e-02 9.991757e-01 -1.685294e-02 -1.829312e+00 -9.961507e-01 3.815042e-02 7.891981e-02 8.959637e+01
8.107088e-02 1.985414e-02 9.965106e-01 1.949400e+01 4.302153e-02 9.988001e-01 -2.339977e-02 -1.825721e+00 -9.957794e-01 4.476845e-02 8.011944e-02 8.967430e+01
7.908389e-02 2.453662e-02 9.965659e-01 2.030222e+01 4.881335e-02 9.984025e-01 -2.845549e-02 -1.801199e+00 -9.956721e-01 5.089609e-02 7.775984e-02 8.978680e+01
7.945389e-02 2.668191e-02 9.964814e-01 2.111082e+01 4.809543e-02 9.983749e-01 -3.056747e-02 -1.829617e+00 -9.956776e-01 5.035491e-02 7.804150e-02 8.985631e+01
8.057375e-02 2.949119e-02 9.963123e-01 2.193394e+01 4.560640e-02 9.984063e-01 -3.324145e-02 -1.871675e+00 -9.957047e-01 4.811661e-02 7.910035e-02 8.991251e+01
8.001315e-02 2.855611e-02 9.963847e-01 2.275954e+01 4.492537e-02 9.984705e-01 -3.222355e-02 -1.904373e+00 -9.957809e-01 4.734126e-02 7.860788e-02 8.999011e+01
8.077196e-02 3.092566e-02 9.962527e-01 2.358091e+01 4.386563e-02 9.984398e-01 -3.454999e-02 -1.945467e+00 -9.957669e-01 4.649192e-02 7.928936e-02 9.006152e+01
8.115528e-02 3.262263e-02 9.961674e-01 2.439888e+01 4.328608e-02 9.984059e-01 -3.622234e-02 -1.996884e+00 -9.957611e-01 4.605982e-02 7.961380e-02 9.013442e+01
8.092437e-02 3.576377e-02 9.960784e-01 2.520114e+01 4.284014e-02 9.983077e-01 -3.932428e-02 -2.052576e+00 -9.957992e-01 4.585443e-02 7.925530e-02 9.021466e+01
7.866664e-02 3.969666e-02 9.961103e-01 2.608534e+01 4.355539e-02 9.981159e-01 -4.321632e-02 -2.111151e+00 -9.959490e-01 4.678565e-02 7.678941e-02 9.032894e+01
7.804808e-02 3.891533e-02 9.961898e-01 2.697527e+01 4.732896e-02 9.979666e-01 -4.269280e-02 -2.076694e+00 -9.958255e-01 5.048072e-02 7.604755e-02 9.039914e+01
7.446304e-02 4.242107e-02 9.963211e-01 2.777099e+01 4.579726e-02 9.978952e-01 -4.591088e-02 -2.119932e+00 -9.961716e-01 4.904744e-02 7.236354e-02 9.045956e+01
6.979348e-02 4.500895e-02 9.965456e-01 2.857066e+01 4.302669e-02 9.979161e-01 -4.808425e-02 -2.167532e+00 -9.966331e-01 4.623402e-02 6.771146e-02 9.051685e+01
6.369389e-02 4.796098e-02 9.968163e-01 2.933972e+01 4.070498e-02 9.978885e-01 -5.061350e-02 -2.208009e+00 -9.971390e-01 4.379916e-02 6.160715e-02 9.057585e+01
5.656154e-02 5.011494e-02 9.971406e-01 3.012980e+01 4.016140e-02 9.978169e-01 -5.242703e-02 -2.282515e+00 -9.975910e-01 4.301191e-02 5.442537e-02 9.059040e+01
4.832248e-02 5.136924e-02 9.975100e-01 3.094741e+01 4.084253e-02 9.977398e-01 -5.335961e-02 -2.341846e+00 -9.979964e-01 4.331930e-02 4.611521e-02 9.060726e+01
3.863876e-02 5.099531e-02 9.979512e-01 3.175788e+01 4.152563e-02 9.977523e-01 -5.259294e-02 -2.393108e+00 -9.983900e-01 4.347267e-02 3.643430e-02 9.062330e+01
2.918009e-02 4.966792e-02 9.983394e-01 3.252302e+01 4.106767e-02 9.978619e-01 -5.084451e-02 -2.427536e+00 -9.987302e-01 4.248313e-02 2.707795e-02 9.060811e+01
1.833016e-02 5.193385e-02 9.984823e-01 3.331082e+01 4.021404e-02 9.978037e-01 -5.263680e-02 -2.470636e+00 -9.990229e-01 4.111785e-02 1.620144e-02 9.063036e+01
7.134495e-03 5.106950e-02 9.986696e-01 3.409538e+01 3.935040e-02 9.979071e-01 -5.131162e-02 -2.527653e+00 -9.992000e-01 3.966413e-02 5.109958e-03 9.063325e+01
-3.629011e-03 5.152965e-02 9.986649e-01 3.487114e+01 4.042384e-02 9.978627e-01 -5.134136e-02 -2.565957e+00 -9.991760e-01 4.018355e-02 -5.704281e-03 9.062838e+01
-1.459403e-02 5.222527e-02 9.985287e-01 3.563732e+01 4.093658e-02 9.978290e-01 -5.159036e-02 -2.615723e+00 -9.990552e-01 4.012344e-02 -1.670027e-02 9.061568e+01
-2.473014e-02 5.215554e-02 9.983327e-01 3.641259e+01 4.213609e-02 9.978051e-01 -5.108421e-02 -2.665778e+00 -9.988058e-01 4.080252e-02 -2.687349e-02 9.059077e+01
-3.506654e-02 5.640595e-02 9.977919e-01 3.716271e+01 4.206911e-02 9.976043e-01 -5.491686e-02 -2.744781e+00 -9.984991e-01 4.005048e-02 -3.735548e-02 9.055319e+01
-4.355287e-02 5.596107e-02 9.974826e-01 3.792418e+01 4.189603e-02 9.976540e-01 -5.414139e-02 -2.808979e+00 -9.981723e-01 3.943255e-02 -4.579524e-02 9.049461e+01
-5.222863e-02 5.311499e-02 9.972216e-01 3.847280e+01 4.295508e-02 9.977798e-01 -5.089498e-02 -2.792956e+00 -9.977109e-01 4.017756e-02 -5.439423e-02 9.043734e+01
-6.246579e-02 5.245517e-02 9.966677e-01 3.920962e+01 4.269429e-02 9.978442e-01 -4.984125e-02 -2.854414e+00 -9.971335e-01 3.943864e-02 -6.457066e-02 9.040664e+01
-7.230220e-02 5.292939e-02 9.959773e-01 3.992613e+01 4.387799e-02 9.977929e-01 -4.984059e-02 -2.866440e+00 -9.964171e-01 4.009790e-02 -7.446506e-02 9.037805e+01
-8.111224e-02 5.138553e-02 9.953795e-01 4.062119e+01 4.218172e-02 9.979524e-01 -4.808101e-02 -2.914372e+00 -9.958120e-01 3.808686e-02 -8.311368e-02 9.034939e+01
-8.626361e-02 4.900258e-02 9.950665e-01 4.132992e+01 3.982650e-02 9.981609e-01 -4.570236e-02 -2.963831e+00 -9.954760e-01 3.568757e-02 -8.805657e-02 9.027638e+01
-9.220049e-02 4.510455e-02 9.947184e-01 4.204333e+01 3.792519e-02 9.984078e-01 -4.175655e-02 -2.996437e+00 -9.950180e-01 3.387491e-02 -9.376429e-02 9.033818e+01
-1.187542e-01 5.601507e-02 9.913424e-01 4.264046e+01 5.157318e-02 9.974077e-01 -5.017976e-02 -2.865333e+00 -9.915834e-01 4.516762e-02 -1.213353e-01 9.080190e+01
-1.207574e-01 5.622667e-02 9.910884e-01 4.331998e+01 5.037731e-02 9.974552e-01 -5.044975e-02 -2.921789e+00 -9.914029e-01 4.383619e-02 -1.232826e-01 9.072333e+01
-1.257310e-01 7.255075e-02 9.894080e-01 4.363453e+01 5.327086e-02 9.963772e-01 -6.629229e-02 -2.798607e+00 -9.906331e-01 4.437162e-02 -1.291403e-01 9.081457e+01
-1.252038e-01 7.165018e-02 9.895404e-01 4.428498e+01 5.408654e-02 9.963986e-01 -6.530334e-02 -2.852915e+00 -9.906557e-01 4.534460e-02 -1.286282e-01 9.074023e+01
-1.224898e-01 6.943600e-02 9.900378e-01 4.495688e+01 5.553175e-02 9.964663e-01 -6.301634e-02 -2.909152e+00 -9.909150e-01 4.725967e-02 -1.259129e-01 9.066669e+01
-1.172552e-01 6.958480e-02 9.906610e-01 4.555978e+01 5.580211e-02 9.964278e-01 -6.338510e-02 -2.965950e+00 -9.915328e-01 4.784875e-02 -1.207193e-01 9.059037e+01
-1.094556e-01 7.060625e-02 9.914808e-01 4.615026e+01 5.646882e-02 9.963047e-01 -6.471584e-02 -3.022860e+00 -9.923864e-01 4.890425e-02 -1.130381e-01 9.053353e+01
-9.808862e-02 7.105380e-02 9.926379e-01 4.672783e+01 5.660365e-02 9.962315e-01 -6.571768e-02 -3.075807e+00 -9.935666e-01 4.974077e-02 -1.017409e-01 9.048482e+01
-8.409793e-02 7.129841e-02 9.939035e-01 4.728332e+01 5.673176e-02 9.961616e-01 -6.666012e-02 -3.132866e+00 -9.948412e-01 5.077992e-02 -8.782001e-02 9.044356e+01
-6.699756e-02 7.114452e-02 9.952134e-01 4.781537e+01 5.802242e-02 9.960444e-01 -6.729786e-02 -3.184632e+00 -9.960646e-01 5.323590e-02 -7.086052e-02 9.042187e+01
-4.610492e-02 7.100386e-02 9.964100e-01 4.832527e+01 6.118945e-02 9.957983e-01 -6.812897e-02 -3.223317e+00 -9.970608e-01 5.782870e-02 -5.025589e-02 9.041704e+01
-2.103395e-02 7.131814e-02 9.972318e-01 4.884447e+01 6.350918e-02 9.955333e-01 -6.985711e-02 -3.280778e+00 -9.977596e-01 6.186400e-02 -2.546936e-02 9.041664e+01
8.111886e-03 7.025214e-02 9.974963e-01 4.937024e+01 6.532047e-02 9.953614e-01 -7.063298e-02 -3.324334e+00 -9.978314e-01 6.572989e-02 3.485355e-03 9.042594e+01
4.173533e-02 6.878068e-02 9.967584e-01 4.988299e+01 6.510881e-02 9.953199e-01 -7.140759e-02 -3.360175e+00 -9.970050e-01 6.787798e-02 3.706178e-02 9.046190e+01
8.029260e-02 6.601620e-02 9.945828e-01 5.038991e+01 6.219845e-02 9.955281e-01 -7.110022e-02 -3.415032e+00 -9.948289e-01 6.757033e-02 7.582743e-02 9.051672e+01
1.239551e-01 6.475295e-02 9.901728e-01 5.089287e+01 5.839988e-02 9.956628e-01 -7.242278e-02 -3.457747e+00 -9.905678e-01 6.680315e-02 1.196359e-01 9.058422e+01
1.697923e-01 6.332850e-02 9.834430e-01 5.138773e+01 5.386434e-02 9.958449e-01 -7.342685e-02 -3.501364e+00 -9.840067e-01 6.543982e-02 1.656756e-01 9.068965e+01
2.209952e-01 6.310392e-02 9.732312e-01 5.188968e+01 5.130526e-02 9.957705e-01 -7.621544e-02 -3.519858e+00 -9.739245e-01 6.677513e-02 2.168229e-01 9.079899e+01
2.717678e-01 6.251212e-02 9.603304e-01 5.237804e+01 5.422769e-02 9.953079e-01 -8.013507e-02 -3.495470e+00 -9.608338e-01 7.385463e-02 2.671027e-01 9.099260e+01
3.280019e-01 5.768394e-02 9.429143e-01 5.286850e+01 5.479159e-02 9.952920e-01 -7.994800e-02 -3.537650e+00 -9.430867e-01 7.788687e-02 3.232971e-01 9.117583e+01
3.876489e-01 5.041411e-02 9.204275e-01 5.335738e+01 6.362370e-02 9.946589e-01 -8.127582e-02 -3.503739e+00 -9.196088e-01 9.006749e-02 3.823709e-01 9.139317e+01
4.459849e-01 4.242364e-02 8.940345e-01 5.374504e+01 6.804586e-02 9.943781e-01 -8.112950e-02 -3.570116e+00 -8.924501e-01 9.701788e-02 4.405909e-01 9.164149e+01
5.074876e-01 3.094250e-02 8.611033e-01 5.415099e+01 7.521041e-02 9.939501e-01 -8.004110e-02 -3.603683e+00 -8.583704e-01 1.053838e-01 5.020901e-01 9.187448e+01
5.673108e-01 2.711168e-02 8.230574e-01 5.458767e+01 7.778926e-02 9.932246e-01 -8.633502e-02 -3.635576e+00 -8.198215e-01 1.130038e-01 5.613580e-01 9.220281e+01
6.521129e-01 7.508064e-03 7.580847e-01 5.544597e+01 8.333648e-02 9.931812e-01 -8.152343e-02 -3.714058e+00 -7.535275e-01 1.163386e-01 6.470406e-01 9.204913e+01
7.034925e-01 -2.646593e-03 7.106978e-01 5.575969e+01 8.545645e-02 9.930527e-01 -8.089199e-02 -3.769835e+00 -7.055463e-01 1.176406e-01 6.988313e-01 9.237503e+01
7.503771e-01 -1.306198e-02 6.608810e-01 5.605578e+01 8.730605e-02 9.930040e-01 -7.950276e-02 -3.802328e+00 -6.552190e-01 1.173560e-01 7.462678e-01 9.274057e+01
7.935136e-01 -2.303747e-02 6.081163e-01 5.634131e+01 8.583674e-02 9.935298e-01 -7.436769e-02 -3.850509e+00 -6.024684e-01 1.112105e-01 7.903569e-01 9.315986e+01
8.327556e-01 -3.175916e-02 5.527291e-01 5.659496e+01 8.224714e-02 9.943721e-01 -6.678018e-02 -3.923307e+00 -5.474975e-01 1.010720e-01 8.306810e-01 9.358718e+01
8.732758e-01 -3.616465e-02 4.858823e-01 5.699943e+01 8.050878e-02 9.942436e-01 -7.069592e-02 -3.863739e+00 -4.805286e-01 1.008548e-01 8.711604e-01 9.411662e+01
9.020290e-01 -3.726930e-02 4.300636e-01 5.715387e+01 7.342565e-02 9.949948e-01 -6.777904e-02 -3.917842e+00 -4.253850e-01 9.271636e-02 9.002507e-01 9.456426e+01
9.248316e-01 -3.983119e-02 3.782855e-01 5.728621e+01 6.948390e-02 9.954594e-01 -6.505821e-02 -3.943956e+00 -3.739765e-01 8.645265e-02 9.234000e-01 9.503392e+01
9.429562e-01 -4.139802e-02 3.303329e-01 5.742370e+01 6.552755e-02 9.959076e-01 -6.224327e-02 -4.004319e+00 -3.264043e-01 8.033858e-02 9.418099e-01 9.549769e+01
9.570075e-01 -3.823977e-02 2.875317e-01 5.754991e+01 5.924411e-02 9.961443e-01 -6.470496e-02 -4.009003e+00 -2.839487e-01 7.895768e-02 9.555830e-01 9.601098e+01
9.669992e-01 -3.600172e-02 2.522229e-01 5.762539e+01 5.386713e-02 9.964766e-01 -6.428678e-02 -4.110027e+00 -2.490198e-01 7.575179e-02 9.655314e-01 9.647673e+01
9.745670e-01 -3.531166e-02 2.212965e-01 5.769389e+01 5.100796e-02 9.965402e-01 -6.561873e-02 -4.153344e+00 -2.182138e-01 7.523773e-02 9.729964e-01 9.696709e+01
9.789613e-01 -4.255337e-02 1.995595e-01 5.777892e+01 5.645677e-02 9.963192e-01 -6.450331e-02 -4.201879e+00 -1.960802e-01 7.441273e-02 9.777604e-01 9.747978e+01
9.822295e-01 -4.747378e-02 1.815802e-01 5.789919e+01 6.004275e-02 9.961189e-01 -6.435852e-02 -4.224798e+00 -1.778201e-01 7.411741e-02 9.812679e-01 9.795715e+01
9.846918e-01 -4.431168e-02 1.685780e-01 5.796262e+01 5.606500e-02 9.962691e-01 -6.560989e-02 -4.262343e+00 -1.650417e-01 7.405684e-02 9.835023e-01 9.843794e+01
9.865173e-01 -3.730186e-02 1.593491e-01 5.800391e+01 4.822900e-02 9.967018e-01 -6.526495e-02 -4.327173e+00 -1.563890e-01 7.207026e-02 9.850626e-01 9.896750e+01
9.880414e-01 -2.969929e-02 1.513017e-01 5.809230e+01 4.010380e-02 9.970011e-01 -6.618559e-02 -4.391774e+00 -1.488823e-01 7.146187e-02 9.862694e-01 9.945639e+01
9.886002e-01 -2.490955e-02 1.484894e-01 5.815125e+01 3.566577e-02 9.968937e-01 -7.022062e-02 -4.442711e+00 -1.462789e-01 7.471611e-02 9.864177e-01 9.998508e+01
9.886500e-01 -2.417618e-02 1.482790e-01 5.821870e+01 3.528316e-02 9.967267e-01 -7.273887e-02 -4.493069e+00 -1.460351e-01 7.714503e-02 9.862669e-01 1.005300e+02
9.881219e-01 -2.596282e-02 1.514628e-01 5.830363e+01 3.788330e-02 9.963607e-01 -7.635528e-02 -4.530873e+00 -1.489292e-01 8.118623e-02 9.855095e-01 1.010901e+02
9.866176e-01 -4.486494e-02 1.567570e-01 5.850565e+01 5.773238e-02 9.952395e-01 -7.851913e-02 -4.800854e+00 -1.524880e-01 8.651831e-02 9.845110e-01 1.019861e+02
9.859295e-01 -4.590207e-02 1.607359e-01 5.860629e+01 5.988694e-02 9.947260e-01 -8.326902e-02 -4.838129e+00 -1.560660e-01 9.172336e-02 9.834786e-01 1.025520e+02
9.858378e-01 -3.515628e-02 1.639749e-01 5.876028e+01 4.936096e-02 9.952952e-01 -8.337263e-02 -4.930738e+00 -1.602724e-01 9.028586e-02 9.829350e-01 1.030251e+02
9.849179e-01 -3.074852e-02 1.702680e-01 5.883774e+01 4.485390e-02 9.958152e-01 -7.962488e-02 -4.989727e+00 -1.671072e-01 8.606116e-02 9.821755e-01 1.036375e+02
9.810266e-01 -3.233053e-02 1.911583e-01 5.862357e+01 4.713405e-02 9.961876e-01 -7.340773e-02 -5.114020e+00 -1.880562e-01 8.102500e-02 9.788104e-01 1.047170e+02
9.790970e-01 -3.666920e-02 2.000612e-01 5.867074e+01 5.174073e-02 9.961596e-01 -7.063249e-02 -5.114603e+00 -1.967028e-01 7.950737e-02 9.772341e-01 1.053470e+02
9.782658e-01 -3.692923e-02 2.040400e-01 5.879757e+01 5.132941e-02 9.965158e-01 -6.573831e-02 -5.166166e+00 -2.009014e-01 7.478278e-02 9.767529e-01 1.059948e+02
9.774000e-01 -4.128208e-02 2.073285e-01 5.893287e+01 5.554508e-02 9.964382e-01 -6.344867e-02 -5.229901e+00 -2.039707e-01 7.353080e-02 9.762116e-01 1.066514e+02
9.772825e-01 -4.307795e-02 2.075166e-01 5.910725e+01 5.781119e-02 9.961790e-01 -6.546234e-02 -5.308976e+00 -2.039037e-01 7.597198e-02 9.760387e-01 1.072795e+02
9.771639e-01 -4.598975e-02 2.074504e-01 5.923931e+01 6.208185e-02 9.954897e-01 -7.173674e-02 -5.362657e+00 -2.032156e-01 8.297745e-02 9.756117e-01 1.079281e+02
9.772881e-01 -4.590585e-02 2.068829e-01 5.937038e+01 6.329127e-02 9.949256e-01 -7.821286e-02 -5.419402e+00 -2.022427e-01 8.953038e-02 9.752344e-01 1.086028e+02
9.778780e-01 -4.476790e-02 2.043292e-01 5.949663e+01 6.272304e-02 9.946353e-01 -8.225820e-02 -5.477218e+00 -1.995505e-01 9.325464e-02 9.754400e-01 1.092811e+02
9.783771e-01 -4.503098e-02 2.018672e-01 5.964683e+01 6.196534e-02 9.949969e-01 -7.836728e-02 -5.529897e+00 -1.973283e-01 8.918153e-02 9.762726e-01 1.100226e+02
9.785880e-01 -4.711354e-02 2.003640e-01 5.979111e+01 6.231853e-02 9.955797e-01 -7.026654e-02 -5.590591e+00 -1.961679e-01 8.124839e-02 9.771985e-01 1.107162e+02
9.790806e-01 -4.706111e-02 1.979557e-01 5.993504e+01 6.090474e-02 9.960617e-01 -6.443299e-02 -5.676591e+00 -1.941438e-01 7.514153e-02 9.780910e-01 1.115085e+02
9.796683e-01 -4.370230e-02 1.958065e-01 6.007801e+01 5.767023e-02 9.961378e-01 -6.620914e-02 -5.727974e+00 -1.921568e-01 7.615520e-02 9.784049e-01 1.122395e+02
9.802592e-01 -3.915265e-02 1.938015e-01 6.019420e+01 5.393474e-02 9.959746e-01 -7.159377e-02 -5.812106e+00 -1.902183e-01 8.063308e-02 9.784249e-01 1.130487e+02
9.809952e-01 -4.024918e-02 1.898114e-01 6.033537e+01 5.561629e-02 9.955296e-01 -7.633929e-02 -5.885807e+00 -1.858903e-01 8.544508e-02 9.788483e-01 1.137647e+02
9.815042e-01 -4.284572e-02 1.865845e-01 6.045911e+01 5.861898e-02 9.950814e-01 -7.985553e-02 -5.929347e+00 -1.822453e-01 8.931593e-02 9.791881e-01 1.145180e+02
9.821345e-01 -4.535843e-02 1.826319e-01 6.060494e+01 6.043947e-02 9.951295e-01 -7.787347e-02 -6.003283e+00 -1.782102e-01 8.752040e-02 9.800925e-01 1.152954e+02
9.832273e-01 -4.907370e-02 1.756585e-01 6.086977e+01 6.336017e-02 9.950416e-01 -7.666626e-02 -6.033021e+00 -1.710252e-01 8.651011e-02 9.814614e-01 1.160279e+02
9.834938e-01 -4.971637e-02 1.739776e-01 6.099989e+01 6.337468e-02 9.952537e-01 -7.384979e-02 -6.105696e+00 -1.694803e-01 8.365658e-02 9.819766e-01 1.168271e+02
9.835832e-01 -5.243046e-02 1.726703e-01 6.114506e+01 6.559815e-02 9.952845e-01 -7.145417e-02 -6.170753e+00 -1.681097e-01 8.160798e-02 9.823845e-01 1.176348e+02
9.832927e-01 -5.798096e-02 1.725507e-01 6.128579e+01 7.086728e-02 9.950631e-01 -6.947853e-02 -6.235009e+00 -1.676704e-01 8.054592e-02 9.825472e-01 1.184435e+02
9.834931e-01 -5.668024e-02 1.718393e-01 6.144254e+01 6.929235e-02 9.952553e-01 -6.830351e-02 -6.304080e+00 -1.671526e-01 7.908318e-02 9.827542e-01 1.193658e+02
9.835309e-01 -5.478100e-02 1.722385e-01 6.155024e+01 6.761119e-02 9.952864e-01 -6.952521e-02 -6.435638e+00 -1.676180e-01 8.002544e-02 9.825987e-01 1.201208e+02
9.837498e-01 -4.955851e-02 1.725696e-01 6.168218e+01 6.306436e-02 9.952861e-01 -7.367841e-02 -6.507173e+00 -1.681048e-01 8.336412e-02 9.822379e-01 1.209517e+02
9.840626e-01 -4.103441e-02 1.730231e-01 6.180965e+01 5.497513e-02 9.955480e-01 -7.656347e-02 -6.575508e+00 -1.691111e-01 8.485521e-02 9.819374e-01 1.217749e+02
9.837500e-01 -3.455010e-02 1.761882e-01 6.193065e+01 4.879123e-02 9.958251e-01 -7.714771e-02 -6.646098e+00 -1.727871e-01 8.449050e-02 9.813287e-01 1.226123e+02
9.833477e-01 -3.290751e-02 1.787298e-01 6.205264e+01 4.691952e-02 9.960983e-01 -7.474458e-02 -6.740707e+00 -1.755728e-01 8.188583e-02 9.810550e-01 1.233758e+02
9.829236e-01 -3.266011e-02 1.810925e-01 6.220670e+01 4.694752e-02 9.960643e-01 -7.517848e-02 -6.820765e+00 -1.779244e-01 8.239655e-02 9.805885e-01 1.242170e+02
9.825615e-01 -3.431435e-02 1.827442e-01 6.236454e+01 4.914220e-02 9.958008e-01 -7.723898e-02 -6.894926e+00 -1.793264e-01 8.487250e-02 9.801218e-01 1.250353e+02
9.819664e-01 -4.061874e-02 1.846405e-01 6.252048e+01 5.526655e-02 9.956592e-01 -7.488865e-02 -6.969860e+00 -1.807971e-01 8.374259e-02 9.799488e-01 1.258855e+02
9.814074e-01 -4.787498e-02 1.858693e-01 6.267047e+01 6.271799e-02 9.952233e-01 -7.481389e-02 -7.042083e+00 -1.813998e-01 8.508026e-02 9.797221e-01 1.267089e+02
9.809969e-01 -4.944858e-02 1.876166e-01 6.279862e+01 6.426727e-02 9.952047e-01 -7.373832e-02 -7.145905e+00 -1.830707e-01 8.439466e-02 9.794706e-01 1.275210e+02
9.809952e-01 -4.763963e-02 1.880927e-01 6.297620e+01 6.225436e-02 9.954185e-01 -7.256984e-02 -7.186991e+00 -1.837737e-01 8.290025e-02 9.794666e-01 1.283881e+02
9.810115e-01 -4.427191e-02 1.888289e-01 6.312467e+01 5.802863e-02 9.959994e-01 -6.795554e-02 -7.249202e+00 -1.850649e-01 7.762265e-02 9.796559e-01 1.292185e+02
9.809077e-01 -4.207049e-02 1.898689e-01 6.326656e+01 5.517185e-02 9.964075e-01 -6.425032e-02 -7.345611e+00 -1.864838e-01 7.349905e-02 9.797049e-01 1.300616e+02
9.804179e-01 -4.437840e-02 1.918629e-01 6.341203e+01 5.881175e-02 9.957980e-01 -7.019685e-02 -7.419870e+00 -1.879414e-01 8.010604e-02 9.789081e-01 1.308968e+02
9.798288e-01 -5.196279e-02 1.929648e-01 6.357293e+01 6.893707e-02 9.942192e-01 -8.231617e-02 -7.501663e+00 -1.875719e-01 9.395818e-02 9.777467e-01 1.317134e+02
9.796945e-01 -5.570003e-02 1.926039e-01 6.375308e+01 7.427181e-02 9.931153e-01 -9.058553e-02 -7.571845e+00 -1.862322e-01 1.030512e-01 9.770865e-01 1.325289e+02
9.798496e-01 -5.709409e-02 1.914030e-01 6.392588e+01 7.383957e-02 9.939323e-01 -8.152434e-02 -7.640472e+00 -1.855871e-01 9.401471e-02 9.781200e-01 1.333229e+02
9.815195e-01 -4.213800e-02 1.866650e-01 6.415462e+01 5.456721e-02 9.965862e-01 -6.195391e-02 -7.800512e+00 -1.834171e-01 7.099476e-02 9.804682e-01 1.331554e+02
9.818735e-01 -4.108666e-02 1.850305e-01 6.435884e+01 5.075372e-02 9.975660e-01 -4.781415e-02 -7.838281e+00 -1.826156e-01 5.633843e-02 9.815689e-01 1.340454e+02
9.821449e-01 -3.865683e-02 1.841117e-01 6.450422e+01 4.926981e-02 9.973558e-01 -5.342125e-02 -7.909669e+00 -1.815598e-01 6.153856e-02 9.814525e-01 1.348412e+02
9.827598e-01 -3.228764e-02 1.820461e-01 6.466759e+01 4.565451e-02 9.965214e-01 -6.971908e-02 -8.020300e+00 -1.791618e-01 7.682834e-02 9.808152e-01 1.356497e+02
9.829209e-01 -3.415406e-02 1.808314e-01 6.482068e+01 4.879517e-02 9.958251e-01 -7.714547e-02 -8.079933e+00 -1.774416e-01 8.465160e-02 9.804839e-01 1.364622e+02
9.832248e-01 -3.627887e-02 1.787534e-01 6.498839e+01 5.007784e-02 9.960521e-01 -7.329720e-02 -8.279843e+00 -1.753886e-01 8.101921e-02 9.811599e-01 1.372520e+02
9.835842e-01 -3.654371e-02 1.767104e-01 6.512252e+01 4.978331e-02 9.962277e-01 -7.107800e-02 -8.362347e+00 -1.734464e-01 7.870844e-02 9.816931e-01 1.380832e+02
9.841834e-01 -3.821406e-02 1.729820e-01 6.526170e+01 5.126702e-02 9.961129e-01 -7.162961e-02 -8.447215e+00 -1.695723e-01 7.936494e-02 9.823169e-01 1.389175e+02
9.850864e-01 -3.590480e-02 1.682725e-01 6.535216e+01 5.048437e-02 9.952549e-01 -8.318076e-02 -8.233473e+00 -1.644875e-01 9.043536e-02 9.822247e-01 1.397256e+02
9.852641e-01 -3.342795e-02 1.677418e-01 6.538944e+01 4.912768e-02 9.946990e-01 -9.033524e-02 -8.159166e+00 -1.638328e-01 9.724483e-02 9.816834e-01 1.405884e+02
9.858251e-01 -2.767324e-02 1.654784e-01 6.549143e+01 4.325501e-02 9.948824e-01 -9.131259e-02 -8.248247e+00 -1.621046e-01 9.717601e-02 9.819770e-01 1.413721e+02
9.862103e-01 -2.421005e-02 1.637168e-01 6.560876e+01 3.977279e-02 9.949218e-01 -9.245986e-02 -8.259015e+00 -1.606469e-01 9.769634e-02 9.821650e-01 1.421942e+02
9.863992e-01 -2.587735e-02 1.623175e-01 6.573644e+01 4.052512e-02 9.953320e-01 -8.759000e-02 -8.337959e+00 -1.592932e-01 9.297664e-02 9.828433e-01 1.429727e+02
9.865385e-01 -2.863652e-02 1.610025e-01 6.586873e+01 4.306621e-02 9.952891e-01 -8.686112e-02 -8.442653e+00 -1.577566e-01 9.262561e-02 9.831243e-01 1.437714e+02
9.869567e-01 -3.207423e-02 1.577583e-01 6.601042e+01 4.697244e-02 9.946843e-01 -9.163409e-02 -8.477050e+00 -1.539806e-01 9.784917e-02 9.832169e-01 1.445631e+02
9.873873e-01 -3.902374e-02 1.534391e-01 6.614258e+01 5.394975e-02 9.940764e-01 -9.434828e-02 -8.572655e+00 -1.488484e-01 1.014363e-01 9.836437e-01 1.453612e+02
9.881899e-01 -4.321626e-02 1.470135e-01 6.626891e+01 5.769863e-02 9.937349e-01 -9.571697e-02 -8.642420e+00 -1.419560e-01 1.030690e-01 9.844924e-01 1.461609e+02
9.890045e-01 -4.458086e-02 1.410056e-01 6.636751e+01 5.777235e-02 9.941841e-01 -9.088663e-02 -8.716682e+00 -1.361338e-01 9.803352e-02 9.858281e-01 1.469606e+02
9.898290e-01 -4.673879e-02 1.343650e-01 6.648191e+01 5.811763e-02 9.949323e-01 -8.204951e-02 -8.810012e+00 -1.298492e-01 8.902397e-02 9.875292e-01 1.477536e+02
9.902429e-01 -4.856316e-02 1.306162e-01 6.657794e+01 5.846708e-02 9.956101e-01 -7.308922e-02 -8.880204e+00 -1.264933e-01 8.001283e-02 9.887352e-01 1.485634e+02
9.912506e-01 -4.196284e-02 1.251453e-01 6.668439e+01 5.130097e-02 9.960589e-01 -7.235315e-02 -8.940854e+00 -1.216159e-01 7.814017e-02 9.894967e-01 1.493686e+02
9.920248e-01 -4.043404e-02 1.193812e-01 6.679334e+01 4.984952e-02 9.957868e-01 -7.696586e-02 -9.020872e+00 -1.157662e-01 8.230313e-02 9.898608e-01 1.501592e+02
9.927296e-01 -4.278189e-02 1.125063e-01 6.687467e+01 5.275241e-02 9.947938e-01 -8.719259e-02 -9.096868e+00 -1.081903e-01 9.249365e-02 9.898181e-01 1.509394e+02
9.930868e-01 -4.858796e-02 1.068544e-01 6.695028e+01 5.862449e-02 9.939494e-01 -9.288556e-02 -9.159811e+00 -1.016948e-01 9.850770e-02 9.899265e-01 1.517433e+02
9.936819e-01 -5.011537e-02 1.004225e-01 6.702009e+01 5.942400e-02 9.939884e-01 -9.195614e-02 -9.239069e+00 -9.521035e-02 9.734266e-02 9.906863e-01 1.525492e+02
9.948095e-01 -4.396511e-02 9.176702e-02 6.708473e+01 5.219565e-02 9.946355e-01 -8.930739e-02 -9.328083e+00 -8.734833e-02 9.363368e-02 9.917676e-01 1.533612e+02
9.957282e-01 -3.910507e-02 8.364289e-02 6.713408e+01 4.676688e-02 9.946882e-01 -9.169635e-02 -9.414607e+00 -7.961281e-02 9.521636e-02 9.922679e-01 1.541868e+02
9.965035e-01 -3.834073e-02 7.423476e-02 6.716867e+01 4.555640e-02 9.941349e-01 -9.808419e-02 -9.502966e+00 -7.003874e-02 1.011231e-01 9.924055e-01 1.550004e+02
9.969478e-01 -4.044155e-02 6.677946e-02 6.719783e+01 4.710305e-02 9.937302e-01 -1.013979e-01 -9.611670e+00 -6.226007e-02 1.042340e-01 9.926021e-01 1.559964e+02
9.974379e-01 -4.087762e-02 5.870827e-02 6.723644e+01 4.655480e-02 9.940140e-01 -9.883777e-02 -9.702129e+00 -5.431659e-02 1.013177e-01 9.933702e-01 1.568244e+02
9.980035e-01 -3.812090e-02 5.035602e-02 6.726430e+01 4.267300e-02 9.947834e-01 -9.265569e-02 -9.788197e+00 -4.656121e-02 9.461955e-02 9.944241e-01 1.576464e+02
9.985306e-01 -3.466891e-02 4.164974e-02 6.728629e+01 3.821893e-02 9.954131e-01 -8.770483e-02 -9.873231e+00 -3.841806e-02 8.916777e-02 9.952754e-01 1.584762e+02
9.987431e-01 -3.663163e-02 3.421118e-02 6.730709e+01 3.940183e-02 9.956730e-01 -8.415887e-02 -9.963693e+00 -3.098027e-02 8.540107e-02 9.958649e-01 1.592963e+02
9.989115e-01 -3.554676e-02 3.020362e-02 6.716752e+01 3.793902e-02 9.958503e-01 -8.272083e-02 -1.013008e+01 -2.713783e-02 8.377669e-02 9.961150e-01 1.605470e+02
9.989114e-01 -3.864996e-02 2.611938e-02 6.718851e+01 4.073313e-02 9.955825e-01 -8.459480e-02 -1.020221e+01 -2.273441e-02 8.556663e-02 9.960730e-01 1.613397e+02
9.991379e-01 -3.469220e-02 2.280178e-02 6.713086e+01 3.662605e-02 9.952021e-01 -9.072639e-02 -1.029606e+01 -1.954488e-02 9.148332e-02 9.956148e-01 1.622165e+02
9.993813e-01 -2.992760e-02 1.847781e-02 6.714874e+01 3.160180e-02 9.946661e-01 -9.818652e-02 -1.037138e+01 -1.544076e-02 9.870970e-02 9.949965e-01 1.631024e+02
9.994632e-01 -2.913603e-02 1.498187e-02 6.717908e+01 3.049758e-02 9.944642e-01 -1.005529e-01 -1.045537e+01 -1.196922e-02 1.009558e-01 9.948189e-01 1.638919e+02
9.994393e-01 -3.090541e-02 1.287849e-02 6.711456e+01 3.194878e-02 9.953602e-01 -9.075965e-02 -1.077884e+01 -1.001378e-02 9.112022e-02 9.957896e-01 1.648603e+02
9.995533e-01 -2.805642e-02 1.029809e-02 6.711139e+01 2.879212e-02 9.963731e-01 -8.007291e-02 -1.087259e+01 -8.014176e-03 8.033365e-02 9.967358e-01 1.656749e+02
9.996283e-01 -2.652632e-02 6.292450e-03 6.711105e+01 2.691487e-02 9.969754e-01 -7.290877e-02 -1.095423e+01 -4.339417e-03 7.305103e-02 9.973188e-01 1.664940e+02
9.992232e-01 -3.755021e-02 1.195632e-02 6.664165e+01 3.825898e-02 9.970904e-01 -6.593181e-02 -1.144434e+01 -9.445783e-03 6.633804e-02 9.977525e-01 1.669864e+02
9.986886e-01 -5.072065e-02 6.959573e-03 6.666791e+01 5.110293e-02 9.958099e-01 -7.583615e-02 -1.151824e+01 -3.083953e-03 7.609235e-02 9.970960e-01 1.677994e+02
9.986542e-01 -5.186176e-02 4.073217e-04 6.667148e+01 5.172540e-02 9.953947e-01 -8.070885e-02 -1.157555e+01 3.780257e-03 8.062130e-02 9.967376e-01 1.685862e+02
9.987728e-01 -4.902033e-02 -7.058905e-03 6.665947e+01 4.830675e-02 9.956701e-01 -7.941926e-02 -1.165165e+01 1.092150e-02 7.898080e-02 9.968163e-01 1.694058e+02
9.984491e-01 -5.299670e-02 -1.705410e-02 6.673408e+01 5.167793e-02 9.961935e-01 -7.019931e-02 -1.185461e+01 2.070951e-02 6.920912e-02 9.973872e-01 1.701899e+02
9.980168e-01 -5.812023e-02 -2.417792e-02 6.670928e+01 5.638105e-02 9.961400e-01 -6.727836e-02 -1.192838e+01 2.799483e-02 6.578175e-02 9.974413e-01 1.710344e+02
9.973522e-01 -6.769549e-02 -2.656799e-02 6.656218e+01 6.579852e-02 9.955983e-01 -6.674237e-02 -1.185961e+01 3.096921e-02 6.481751e-02 9.974165e-01 1.717955e+02
9.968593e-01 -7.226148e-02 -3.240030e-02 6.653413e+01 6.995102e-02 9.952624e-01 -6.752444e-02 -1.192807e+01 3.712622e-02 6.504594e-02 9.971914e-01 1.726513e+02
9.963709e-01 -7.611991e-02 -3.809037e-02 6.649314e+01 7.313209e-02 9.945365e-01 -7.449003e-02 -1.200147e+01 4.355244e-02 7.143407e-02 9.964940e-01 1.734726e+02
9.954901e-01 -8.389187e-02 -4.428961e-02 6.645534e+01 7.991776e-02 9.931758e-01 -8.494161e-02 -1.207595e+01 5.111328e-02 8.101900e-02 9.954011e-01 1.743029e+02
9.945556e-01 -9.289240e-02 -4.722523e-02 6.634932e+01 8.835793e-02 9.919762e-01 -9.042171e-02 -1.214083e+01 5.524579e-02 8.575669e-02 9.947832e-01 1.752307e+02
9.944169e-01 -9.037936e-02 -5.446720e-02 6.631199e+01 8.571467e-02 9.928876e-01 -8.262645e-02 -1.221789e+01 6.154753e-02 7.749650e-02 9.950910e-01 1.760170e+02
9.948309e-01 -8.157942e-02 -6.046782e-02 6.624623e+01 7.735734e-02 9.946022e-01 -6.915420e-02 -1.228746e+01 6.578298e-02 6.411911e-02 9.957717e-01 1.768316e+02
9.947095e-01 -7.751928e-02 -6.740689e-02 6.624527e+01 7.362219e-02 9.955691e-01 -5.849702e-02 -1.244198e+01 7.164286e-02 5.322490e-02 9.960092e-01 1.776454e+02
9.944775e-01 -7.739227e-02 -7.088734e-02 6.617644e+01 7.310073e-02 9.954415e-01 -6.125838e-02 -1.251489e+01 7.530512e-02 5.573817e-02 9.956015e-01 1.784771e+02
9.944674e-01 -7.528430e-02 -7.325885e-02 6.612182e+01 7.003416e-02 9.949591e-01 -7.177445e-02 -1.258009e+01 7.829305e-02 6.624673e-02 9.947269e-01 1.792823e+02
9.949733e-01 -6.438751e-02 -7.669644e-02 6.603950e+01 5.826014e-02 9.951218e-01 -7.961414e-02 -1.266063e+01 8.144845e-02 7.474560e-02 9.938708e-01 1.801044e+02
9.946201e-01 -6.662485e-02 -7.932257e-02 6.597946e+01 5.994054e-02 9.946732e-01 -8.385867e-02 -1.272496e+01 8.448711e-02 7.865288e-02 9.933155e-01 1.809443e+02
9.940481e-01 -7.202545e-02 -8.173612e-02 6.592503e+01 6.554221e-02 9.946851e-01 -7.940847e-02 -1.280266e+01 8.702114e-02 7.357867e-02 9.934855e-01 1.817939e+02
9.937945e-01 -7.267814e-02 -8.420390e-02 6.592181e+01 6.700175e-02 9.954065e-01 -6.838546e-02 -1.293002e+01 8.878724e-02 6.231929e-02 9.940992e-01 1.826219e+02
9.938828e-01 -7.371861e-02 -8.223520e-02 6.577931e+01 6.865071e-02 9.956595e-01 -6.284273e-02 -1.301009e+01 8.651094e-02 5.681280e-02 9.946297e-01 1.834399e+02
9.936300e-01 -7.447522e-02 -8.457443e-02 6.571586e+01 6.919704e-02 9.955662e-01 -6.371618e-02 -1.307619e+01 8.894472e-02 5.745801e-02 9.943779e-01 1.842848e+02
9.933707e-01 -7.626916e-02 -8.600930e-02 6.563501e+01 7.003460e-02 9.948467e-01 -7.331530e-02 -1.314061e+01 9.115777e-02 6.680565e-02 9.935931e-01 1.851626e+02
9.926454e-01 -8.680889e-02 -8.437566e-02 6.550307e+01 7.967914e-02 9.932339e-01 -8.448410e-02 -1.324688e+01 9.113874e-02 7.713978e-02 9.928460e-01 1.859770e+02
9.916200e-01 -9.598901e-02 -8.646357e-02 6.546043e+01 8.814455e-02 9.919985e-01 -9.038554e-02 -1.328392e+01 9.444775e-02 8.200682e-02 9.921464e-01 1.867980e+02
9.916150e-01 -9.451963e-02 -8.812307e-02 6.538901e+01 8.699500e-02 9.925206e-01 -8.564307e-02 -1.336712e+01 9.555892e-02 7.725869e-02 9.924211e-01 1.876465e+02
9.918904e-01 -8.996007e-02 -8.978149e-02 6.529962e+01 8.332965e-02 9.936915e-01 -7.505641e-02 -1.344416e+01 9.596718e-02 6.696626e-02 9.931293e-01 1.885115e+02
9.916280e-01 -9.044061e-02 -9.216548e-02 6.522810e+01 8.388646e-02 9.938220e-01 -7.267042e-02 -1.350805e+01 9.816843e-02 6.433058e-02 9.930884e-01 1.893661e+02
9.915535e-01 -9.170462e-02 -9.171618e-02 6.512154e+01 8.485753e-02 9.934932e-01 -7.596402e-02 -1.359042e+01 9.808565e-02 6.753959e-02 9.928835e-01 1.901732e+02
9.916374e-01 -9.121399e-02 -9.129720e-02 6.503281e+01 8.371114e-02 9.930365e-01 -8.289097e-02 -1.364698e+01 9.822227e-02 7.455520e-02 9.923678e-01 1.910002e+02
9.920533e-01 -8.593701e-02 -9.189702e-02 6.493549e+01 7.856163e-02 9.936072e-01 -8.107229e-02 -1.376407e+01 9.827665e-02 7.320845e-02 9.924627e-01 1.918180e+02
9.921146e-01 -8.413262e-02 -9.289958e-02 6.485494e+01 7.690811e-02 9.939202e-01 -7.878885e-02 -1.382814e+01 9.896348e-02 7.102283e-02 9.925533e-01 1.926522e+02
9.923178e-01 -8.096642e-02 -9.354052e-02 6.475458e+01 7.404976e-02 9.944159e-01 -7.519096e-02 -1.390698e+01 9.910612e-02 6.768667e-02 9.927721e-01 1.934646e+02
9.924573e-01 -7.810093e-02 -9.449187e-02 6.467647e+01 7.143037e-02 9.948412e-01 -7.203202e-02 -1.398469e+01 9.963018e-02 6.473912e-02 9.929162e-01 1.942980e+02
9.922527e-01 -8.032196e-02 -9.477823e-02 6.455905e+01 7.367812e-02 9.947060e-01 -7.163477e-02 -1.413933e+01 1.000303e-01 6.409672e-02 9.929177e-01 1.951489e+02
9.920458e-01 -8.308533e-02 -9.456188e-02 6.446684e+01 7.612632e-02 9.942760e-01 -7.496630e-02 -1.422679e+01 1.002492e-01 6.717135e-02 9.926924e-01 1.959652e+02
9.920893e-01 -8.183518e-02 -9.519392e-02 6.435641e+01 7.427998e-02 9.939931e-01 -8.037529e-02 -1.429703e+01 1.011996e-01 7.266846e-02 9.922086e-01 1.967903e+02
9.919276e-01 -8.117213e-02 -9.742057e-02 6.428560e+01 7.347214e-02 9.940686e-01 -8.018449e-02 -1.435960e+01 1.033515e-01 7.237951e-02 9.920079e-01 1.975940e+02
9.915580e-01 -8.138657e-02 -1.009402e-01 6.424593e+01 7.447650e-02 9.947320e-01 -7.043828e-02 -1.442043e+01 1.061412e-01 6.232597e-02 9.923959e-01 1.983240e+02
9.899502e-01 -8.984449e-02 -1.092091e-01 6.440267e+01 8.321825e-02 9.944871e-01 -6.379748e-02 -1.446246e+01 1.143389e-01 5.406814e-02 9.919694e-01 1.992463e+02
9.894307e-01 -9.606271e-02 -1.086223e-01 6.431431e+01 9.024127e-02 9.942698e-01 -5.730656e-02 -1.472789e+01 1.135049e-01 4.689865e-02 9.924299e-01 2.000508e+02
9.892698e-01 -9.718353e-02 -1.090899e-01 6.422066e+01 9.059337e-02 9.938401e-01 -6.383360e-02 -1.479787e+01 1.146215e-01 5.326583e-02 9.919802e-01 2.007877e+02
9.897985e-01 -9.546299e-02 -1.057631e-01 6.403263e+01 8.850367e-02 9.937068e-01 -6.865751e-02 -1.485958e+01 1.116518e-01 5.859667e-02 9.920183e-01 2.015018e+02
9.898877e-01 -9.584236e-02 -1.045780e-01 6.393161e+01 8.816521e-02 9.932233e-01 -7.572539e-02 -1.489230e+01 1.111270e-01 6.573950e-02 9.916295e-01 2.022600e+02
9.897291e-01 -9.793266e-02 -1.041414e-01 6.386206e+01 8.989315e-02 9.927906e-01 -7.928404e-02 -1.496222e+01 1.111552e-01 6.910812e-02 9.913973e-01 2.029487e+02
9.897310e-01 -1.008666e-01 -1.012840e-01 6.378786e+01 9.238429e-02 9.920701e-01 -8.521739e-02 -1.501366e+01 1.090764e-01 7.498525e-02 9.912011e-01 2.036920e+02
9.900404e-01 -1.021939e-01 -9.683219e-02 6.372431e+01 9.389624e-02 9.918001e-01 -8.669464e-02 -1.507686e+01 1.048978e-01 7.673902e-02 9.915178e-01 2.043639e+02
9.904779e-01 -1.005195e-01 -9.407068e-02 6.371348e+01 9.300001e-02 9.923515e-01 -8.117556e-02 -1.515259e+01 1.015109e-01 7.165403e-02 9.922506e-01 2.050166e+02
9.915129e-01 -9.608108e-02 -8.758139e-02 6.362880e+01 9.002956e-02 9.934325e-01 -7.061542e-02 -1.524190e+01 9.379100e-02 6.213119e-02 9.936513e-01 2.056911e+02
9.925273e-01 -8.982711e-02 -8.258680e-02 6.357421e+01 8.454705e-02 9.942738e-01 -6.535536e-02 -1.530864e+01 8.798458e-02 5.788451e-02 9.944386e-01 2.063349e+02
9.931548e-01 -8.839187e-02 -7.635699e-02 6.351441e+01 8.336519e-02 9.942851e-01 -6.668917e-02 -1.536631e+01 8.181540e-02 5.986716e-02 9.948478e-01 2.069912e+02
9.936379e-01 -8.922167e-02 -6.872580e-02 6.346343e+01 8.405340e-02 9.936541e-01 -7.474376e-02 -1.542247e+01 7.495844e-02 6.849159e-02 9.948317e-01 2.076479e+02
9.942852e-01 -8.719352e-02 -6.159801e-02 6.342502e+01 8.188085e-02 9.930906e-01 -8.406353e-02 -1.546939e+01 6.850220e-02 7.853942e-02 9.945547e-01 2.082916e+02
9.949631e-01 -8.423244e-02 -5.434416e-02 6.337463e+01 7.919892e-02 9.928839e-01 -8.893363e-02 -1.553098e+01 6.144854e-02 8.418168e-02 9.945539e-01 2.089273e+02
9.952885e-01 -8.408895e-02 -4.826950e-02 6.336998e+01 7.960481e-02 9.929069e-01 -8.831155e-02 -1.557525e+01 5.535314e-02 8.405298e-02 9.949227e-01 2.095821e+02
9.952591e-01 -8.745662e-02 -4.255182e-02 6.335612e+01 8.369196e-02 9.929955e-01 -8.340065e-02 -1.563118e+01 4.954771e-02 7.944402e-02 9.956072e-01 2.102332e+02
9.946714e-01 -9.519665e-02 -3.957875e-02 6.341200e+01 9.194450e-02 9.927703e-01 -7.715844e-02 -1.570306e+01 4.663783e-02 7.310825e-02 9.962330e-01 2.108503e+02
9.943125e-01 -1.005849e-01 -3.500333e-02 6.342707e+01 9.771540e-02 9.923238e-01 -7.579676e-02 -1.576405e+01 4.235865e-02 7.194530e-02 9.965087e-01 2.114865e+02
9.945152e-01 -9.945126e-02 -3.238874e-02 6.342537e+01 9.681813e-02 9.924981e-01 -7.465816e-02 -1.582569e+01 3.957061e-02 7.111285e-02 9.966831e-01 2.121320e+02
9.947697e-01 -9.678036e-02 -3.266121e-02 6.341908e+01 9.423537e-02 9.929370e-01 -7.208256e-02 -1.590401e+01 3.940670e-02 6.862771e-02 9.968638e-01 2.127719e+02
9.946544e-01 -9.704859e-02 -3.527410e-02 6.344907e+01 9.442550e-02 9.930914e-01 -6.966561e-02 -1.596823e+01 4.179135e-02 6.596243e-02 9.969466e-01 2.134414e+02
9.944726e-01 -9.817553e-02 -3.722737e-02 6.345107e+01 9.557507e-02 9.932208e-01 -6.616603e-02 -1.604115e+01 4.347088e-02 6.224229e-02 9.971139e-01 2.141019e+02
9.946890e-01 -9.620096e-02 -3.659343e-02 6.341103e+01 9.367868e-02 9.934572e-01 -6.532284e-02 -1.607616e+01 4.263812e-02 6.154789e-02 9.971930e-01 2.147574e+02
9.953636e-01 -8.991448e-02 -3.415651e-02 6.331824e+01 8.741502e-02 9.937990e-01 -6.871858e-02 -1.616649e+01 4.012350e-02 6.541418e-02 9.970512e-01 2.153991e+02
9.957195e-01 -8.506995e-02 -3.613471e-02 6.329206e+01 8.199063e-02 9.934554e-01 -7.952269e-02 -1.618460e+01 4.266321e-02 7.621959e-02 9.961779e-01 2.160565e+02
9.955266e-01 -8.695932e-02 -3.694425e-02 6.324346e+01 8.340094e-02 9.925454e-01 -8.886984e-02 -1.623418e+01 4.439690e-02 8.539110e-02 9.953579e-01 2.166963e+02
9.948433e-01 -9.311317e-02 -4.020997e-02 6.322610e+01 8.903142e-02 9.916268e-01 -9.353940e-02 -1.628834e+01 4.858303e-02 8.947709e-02 9.948033e-01 2.173364e+02
9.947951e-01 -9.145543e-02 -4.492958e-02 6.319922e+01 8.722991e-02 9.922587e-01 -8.839520e-02 -1.633637e+01 5.266599e-02 8.401591e-02 9.950717e-01 2.179951e+02
9.952114e-01 -8.458484e-02 -4.898741e-02 6.313585e+01 8.074413e-02 9.938570e-01 -7.568806e-02 -1.640158e+01 5.508854e-02 7.137017e-02 9.959275e-01 2.186688e+02
9.944962e-01 -9.012423e-02 -5.343073e-02 6.309994e+01 8.675681e-02 9.942789e-01 -6.231076e-02 -1.645305e+01 5.874076e-02 5.733234e-02 9.966256e-01 2.193495e+02
9.936706e-01 -9.648731e-02 -5.752291e-02 6.306811e+01 9.341781e-02 9.941691e-01 -5.385974e-02 -1.650105e+01 6.238429e-02 4.814517e-02 9.968903e-01 2.200325e+02
9.932534e-01 -9.830488e-02 -6.151345e-02 6.304461e+01 9.486431e-02 9.938822e-01 -5.655961e-02 -1.654055e+01 6.669721e-02 5.034259e-02 9.965024e-01 2.207221e+02
9.934527e-01 -9.423529e-02 -6.458674e-02 6.299478e+01 9.017230e-02 9.939203e-01 -6.317784e-02 -1.658524e+01 7.014765e-02 5.694026e-02 9.959102e-01 2.214071e+02
9.929970e-01 -9.606159e-02 -6.876923e-02 6.294359e+01 9.104506e-02 9.931892e-01 -7.270491e-02 -1.662571e+01 7.528500e-02 6.593466e-02 9.949798e-01 2.220974e+02
9.921360e-01 -1.043863e-01 -6.906315e-02 6.287451e+01 9.886731e-02 9.919586e-01 -7.901501e-02 -1.666548e+01 7.675587e-02 7.156554e-02 9.944782e-01 2.227988e+02
9.913033e-01 -1.116116e-01 -6.971799e-02 6.283579e+01 1.063645e-01 9.915005e-01 -7.492290e-02 -1.671754e+01 7.748768e-02 6.685580e-02 9.947492e-01 2.235072e+02
9.900750e-01 -1.193411e-01 -7.422333e-02 6.284129e+01 1.138614e-01 9.907262e-01 -7.414236e-02 -1.672922e+01 8.238324e-02 6.495534e-02 9.944817e-01 2.242180e+02
9.894931e-01 -1.233236e-01 -7.546266e-02 6.278988e+01 1.179666e-01 9.904213e-01 -7.175964e-02 -1.679320e+01 8.358949e-02 6.210360e-02 9.945632e-01 2.249212e+02
9.894210e-01 -1.240256e-01 -7.525728e-02 6.273464e+01 1.185668e-01 9.902492e-01 -7.313314e-02 -1.690607e+01 8.359384e-02 6.343645e-02 9.944787e-01 2.255353e+02
9.897756e-01 -1.203897e-01 -7.648863e-02 6.271631e+01 1.145003e-01 9.904174e-01 -7.722082e-02 -1.705356e+01 8.505226e-02 6.767332e-02 9.940757e-01 2.262369e+02
9.884432e-01 -1.311138e-01 -7.608628e-02 6.262223e+01 1.248900e-01 9.888177e-01 -8.149871e-02 -1.705157e+01 8.592107e-02 7.105444e-02 9.937650e-01 2.269736e+02
9.881611e-01 -1.313808e-01 -7.922594e-02 6.264058e+01 1.252654e-01 9.890696e-01 -7.778143e-02 -1.715000e+01 8.857895e-02 6.693631e-02 9.938175e-01 2.276784e+02
9.875120e-01 -1.283762e-01 -9.132186e-02 6.285517e+01 1.221257e-01 9.899687e-01 -7.104403e-02 -1.731118e+01 9.952615e-02 5.900408e-02 9.932840e-01 2.286146e+02
9.873859e-01 -1.291223e-01 -9.163203e-02 6.277038e+01 1.230953e-01 9.900174e-01 -6.865213e-02 -1.737058e+01 9.958182e-02 5.650667e-02 9.934236e-01 2.293104e+02
9.874633e-01 -1.294475e-01 -9.033026e-02 6.266812e+01 1.232643e-01 9.898316e-01 -7.098755e-02 -1.745241e+01 9.860092e-02 5.896311e-02 9.933787e-01 2.299635e+02
9.870545e-01 -1.327176e-01 -9.005244e-02 6.260789e+01 1.259015e-01 9.890043e-01 -7.758447e-02 -1.754173e+01 9.935907e-02 6.524237e-02 9.929105e-01 2.306598e+02
9.869427e-01 -1.335287e-01 -9.007923e-02 6.255015e+01 1.258510e-01 9.883027e-01 -8.613559e-02 -1.763005e+01 1.005271e-01 7.367433e-02 9.922028e-01 2.313143e+02
9.871465e-01 -1.321469e-01 -8.988323e-02 6.247231e+01 1.239831e-01 9.880975e-01 -9.105725e-02 -1.770160e+01 1.008463e-01 7.874284e-02 9.917810e-01 2.319701e+02
9.877821e-01 -1.276211e-01 -8.943933e-02 6.241824e+01 1.197794e-01 9.888778e-01 -8.816814e-02 -1.780050e+01 9.969668e-02 7.637791e-02 9.920821e-01 2.325784e+02
9.875717e-01 -1.294895e-01 -8.907683e-02 6.235681e+01 1.222743e-01 9.890869e-01 -8.219549e-02 -1.785938e+01 9.874818e-02 7.028213e-02 9.926274e-01 2.332253e+02
9.872725e-01 -1.316113e-01 -8.928298e-02 6.229426e+01 1.251582e-01 9.893426e-01 -7.440833e-02 -1.793082e+01 9.812444e-02 6.228680e-02 9.932230e-01 2.338648e+02
9.872917e-01 -1.313153e-01 -8.950642e-02 6.224718e+01 1.253230e-01 9.896724e-01 -6.958970e-02 -1.799314e+01 9.772022e-02 5.748812e-02 9.935521e-01 2.344811e+02
9.874673e-01 -1.296289e-01 -9.002606e-02 6.218810e+01 1.239549e-01 9.900897e-01 -6.601195e-02 -1.805600e+01 9.769093e-02 5.402547e-02 9.937493e-01 2.350781e+02
9.868782e-01 -1.319794e-01 -9.302040e-02 6.214000e+01 1.263477e-01 9.899156e-01 -6.405750e-02 -1.809571e+01 1.005366e-01 5.146404e-02 9.936014e-01 2.356859e+02
9.854366e-01 -1.389805e-01 -9.797537e-02 6.210287e+01 1.330040e-01 9.889733e-01 -6.512820e-02 -1.814126e+01 1.059466e-01 5.114859e-02 9.930555e-01 2.362527e+02
9.839443e-01 -1.441343e-01 -1.052566e-01 6.203619e+01 1.374760e-01 9.881665e-01 -6.802414e-02 -1.817805e+01 1.138157e-01 5.246171e-02 9.921158e-01 2.368008e+02
9.823211e-01 -1.471284e-01 -1.157515e-01 6.197644e+01 1.395285e-01 9.876500e-01 -7.126925e-02 -1.824050e+01 1.248077e-01 5.385866e-02 9.907181e-01 2.373247e+02
9.803754e-01 -1.489015e-01 -1.291995e-01 6.187970e+01 1.400541e-01 9.872913e-01 -7.510467e-02 -1.827984e+01 1.387408e-01 5.553584e-02 9.887703e-01 2.378417e+02
9.773288e-01 -1.511156e-01 -1.482985e-01 6.180231e+01 1.408849e-01 9.870049e-01 -7.728338e-02 -1.832212e+01 1.580501e-01 5.463826e-02 9.859183e-01 2.383347e+02
9.730708e-01 -1.554312e-01 -1.702183e-01 6.172040e+01 1.442270e-01 9.865912e-01 -7.639596e-02 -1.836939e+01 1.798102e-01 4.978861e-02 9.824405e-01 2.388217e+02
9.685076e-01 -1.545517e-01 -1.952096e-01 6.162930e+01 1.429569e-01 9.870892e-01 -7.223764e-02 -1.842720e+01 2.038538e-01 4.205613e-02 9.780976e-01 2.392944e+02
9.617970e-01 -1.572202e-01 -2.241168e-01 6.152894e+01 1.447292e-01 9.869050e-01 -7.121821e-02 -1.843429e+01 2.323789e-01 3.606121e-02 9.719566e-01 2.397708e+02
9.534034e-01 -1.589418e-01 -2.564360e-01 6.142456e+01 1.456849e-01 9.868502e-01 -7.001869e-02 -1.850066e+01 2.641928e-01 2.939721e-02 9.640218e-01 2.402212e+02
9.431575e-01 -1.584188e-01 -2.921599e-01 6.128339e+01 1.433172e-01 9.870153e-01 -7.253258e-02 -1.852410e+01 2.998569e-01 2.653811e-02 9.536150e-01 2.406398e+02
9.309400e-01 -1.540936e-01 -3.310678e-01 6.110987e+01 1.374588e-01 9.877961e-01 -7.323931e-02 -1.858040e+01 3.383132e-01 2.267324e-02 9.407604e-01 2.410369e+02
9.147207e-01 -1.501183e-01 -3.751674e-01 6.094616e+01 1.317563e-01 9.884945e-01 -7.428936e-02 -1.861453e+01 3.820031e-01 1.852335e-02 9.239754e-01 2.414629e+02
8.961291e-01 -1.455958e-01 -4.192307e-01 6.072463e+01 1.264611e-01 9.892636e-01 -7.324647e-02 -1.864035e+01 4.253941e-01 1.262192e-02 9.049202e-01 2.418533e+02
8.747742e-01 -1.356834e-01 -4.651453e-01 6.049587e+01 1.174751e-01 9.907401e-01 -6.807063e-02 -1.869612e+01 4.700742e-01 4.903417e-03 8.826133e-01 2.422150e+02
8.497349e-01 -1.220083e-01 -5.128982e-01 6.023591e+01 1.046743e-01 9.925290e-01 -6.268567e-02 -1.871698e+01 5.167145e-01 -4.210472e-04 8.561576e-01 2.425788e+02
8.208013e-01 -1.095361e-01 -5.606131e-01 5.994204e+01 9.376305e-02 9.939657e-01 -5.692744e-02 -1.872419e+01 5.634658e-01 -5.838676e-03 8.261187e-01 2.429341e+02
7.876076e-01 -9.747867e-02 -6.084177e-01 5.962437e+01 8.217836e-02 9.952038e-01 -5.306689e-02 -1.870024e+01 6.106725e-01 -8.202888e-03 7.918407e-01 2.432709e+02
7.499949e-01 -9.030478e-02 -6.552501e-01 5.931929e+01 7.897086e-02 9.957756e-01 -4.684556e-02 -1.873702e+01 6.567125e-01 -1.661174e-02 7.539581e-01 2.435832e+02
7.096461e-01 -8.429235e-02 -6.994978e-01 5.899046e+01 7.943403e-02 9.960595e-01 -3.944278e-02 -1.875122e+01 7.000661e-01 -2.757352e-02 7.135455e-01 2.438826e+02
6.678474e-01 -7.677750e-02 -7.403277e-01 5.864740e+01 8.410998e-02 9.960790e-01 -2.742546e-02 -1.878014e+01 7.395305e-01 -4.395293e-02 6.716865e-01 2.441616e+02
6.252331e-01 -6.230984e-02 -7.779467e-01 5.837068e+01 8.401588e-02 9.963887e-01 -1.228274e-02 -1.883242e+01 7.759026e-01 -5.768030e-02 6.282102e-01 2.443978e+02
5.815400e-01 -4.711039e-02 -8.121526e-01 5.811504e+01 8.204916e-02 9.966278e-01 9.399038e-04 -1.888991e+01 8.093696e-01 -6.718303e-02 5.834443e-01 2.445891e+02
5.364560e-01 -4.197823e-02 -8.428836e-01 5.769780e+01 8.405010e-02 9.964540e-01 3.867439e-03 -1.891787e+01 8.397325e-01 -7.291917e-02 5.380820e-01 2.447678e+02
4.870928e-01 -3.607025e-02 -8.726051e-01 5.735786e+01 8.563151e-02 9.963049e-01 6.616418e-03 -1.895472e+01 8.691420e-01 -7.794530e-02 4.883817e-01 2.449536e+02
4.366716e-01 -3.301968e-02 -8.990148e-01 5.693176e+01 8.530011e-02 9.963436e-01 4.837738e-03 -1.897559e+01 8.955678e-01 -7.879856e-02 4.378916e-01 2.451210e+02
3.829719e-01 -3.362406e-02 -9.231479e-01 5.654266e+01 8.355794e-02 9.965016e-01 -1.631473e-03 -1.898163e+01 9.199732e-01 -7.651152e-02 3.844416e-01 2.452585e+02
3.278695e-01 -3.527437e-02 -9.440643e-01 5.616591e+01 7.932772e-02 9.968014e-01 -9.694686e-03 -1.895632e+01 9.413866e-01 -7.171187e-02 3.296190e-01 2.453605e+02
2.729538e-01 -3.161722e-02 -9.615074e-01 5.577439e+01 7.474025e-02 9.971359e-01 -1.157144e-02 -1.897627e+01 9.591194e-01 -6.870484e-02 2.745351e-01 2.454431e+02
2.214326e-01 -2.781526e-02 -9.747789e-01 5.536784e+01 7.248165e-02 9.972976e-01 -1.199277e-02 -1.899575e+01 9.724783e-01 -6.799799e-02 2.228503e-01 2.454818e+02
1.718964e-01 -2.143024e-02 -9.848819e-01 5.491956e+01 7.138328e-02 9.974061e-01 -9.243879e-03 -1.899875e+01 9.825253e-01 -6.871511e-02 1.729803e-01 2.455213e+02
1.251710e-01 -1.845712e-02 -9.919635e-01 5.448134e+01 7.278495e-02 9.973036e-01 -9.372105e-03 -1.901805e+01 9.894618e-01 -7.102689e-02 1.261769e-01 2.455413e+02
8.170960e-02 -1.535488e-02 -9.965379e-01 5.409221e+01 7.184776e-02 9.973706e-01 -9.476660e-03 -1.902518e+01 9.940631e-01 -7.082468e-02 8.259796e-02 2.455555e+02
4.227576e-02 -1.025304e-02 -9.990534e-01 5.360280e+01 7.076361e-02 9.974668e-01 -7.242334e-03 -1.903981e+01 9.965968e-01 -7.039045e-02 4.289421e-02 2.455324e+02
5.359362e-03 -8.214573e-03 -9.999519e-01 5.311647e+01 6.898842e-02 9.975868e-01 -7.825392e-03 -1.904227e+01 9.976031e-01 -6.894316e-02 5.913139e-03 2.455391e+02
-2.383595e-02 -3.964193e-03 -9.997080e-01 5.260981e+01 6.602094e-02 9.978029e-01 -5.530769e-03 -1.904605e+01 9.975335e-01 -6.613349e-02 -2.352186e-02 2.454999e+02
-4.886898e-02 -4.787974e-04 -9.988051e-01 5.208748e+01 6.330218e-02 9.979880e-01 -3.575620e-03 -1.904692e+01 9.967972e-01 -6.340128e-02 -4.874034e-02 2.454389e+02
-7.155922e-02 2.982441e-03 -9.974319e-01 5.157108e+01 6.305008e-02 9.980092e-01 -1.539264e-03 -1.907261e+01 9.954416e-01 -6.299831e-02 -7.160480e-02 2.453890e+02
-8.967711e-02 7.177756e-03 -9.959450e-01 5.102455e+01 6.173369e-02 9.980913e-01 1.634586e-03 -1.908515e+01 9.940558e-01 -6.133677e-02 -8.994905e-02 2.453074e+02
-1.040389e-01 1.078866e-02 -9.945147e-01 5.046844e+01 6.043286e-02 9.981621e-01 4.506179e-03 -1.907343e+01 9.927355e-01 -5.963255e-02 -1.044997e-01 2.452351e+02
-1.138876e-01 1.338733e-02 -9.934034e-01 4.991831e+01 5.829420e-02 9.982765e-01 6.769927e-03 -1.907043e+01 9.917819e-01 -5.713865e-02 -1.144717e-01 2.451547e+02
-1.199307e-01 1.394077e-02 -9.926844e-01 4.934555e+01 5.656656e-02 9.983730e-01 7.186592e-03 -1.906899e+01 9.911694e-01 -5.529085e-02 -1.205242e-01 2.450705e+02
-1.231833e-01 1.424301e-02 -9.922817e-01 4.874770e+01 5.622149e-02 9.983913e-01 7.351286e-03 -1.906898e+01 9.907901e-01 -5.488200e-02 -1.237859e-01 2.449801e+02
-1.245161e-01 1.361876e-02 -9.921241e-01 4.813185e+01 5.650532e-02 9.983804e-01 6.612967e-03 -1.906548e+01 9.906073e-01 -5.523687e-02 -1.250839e-01 2.448828e+02
-1.254835e-01 1.362842e-02 -9.920021e-01 4.750177e+01 5.719530e-02 9.983420e-01 6.480587e-03 -1.907262e+01 9.904456e-01 -5.592465e-02 -1.260550e-01 2.447950e+02
-1.266234e-01 1.238758e-02 -9.918735e-01 4.686555e+01 5.740516e-02 9.983377e-01 5.139919e-03 -1.906902e+01 9.902884e-01 -5.628782e-02 -1.271241e-01 2.447338e+02
-1.256986e-01 1.214720e-02 -9.919941e-01 4.619194e+01 5.737283e-02 9.983405e-01 4.955030e-03 -1.906256e+01 9.904081e-01 -5.629067e-02 -1.261869e-01 2.446448e+02
-1.245358e-01 1.051323e-02 -9.921594e-01 4.550082e+01 5.497259e-02 9.984811e-01 3.680062e-03 -1.905877e+01 9.906911e-01 -5.408327e-02 -1.249246e-01 2.445323e+02
-1.244817e-01 8.593767e-03 -9.921847e-01 4.478027e+01 5.142614e-02 9.986744e-01 2.197940e-03 -1.904301e+01 9.908883e-01 -5.075063e-02 -1.247586e-01 2.444630e+02
-1.239645e-01 7.964011e-03 -9.922547e-01 4.404915e+01 5.028559e-02 9.987334e-01 1.733725e-03 -1.904157e+01 9.910117e-01 -4.968119e-02 -1.242079e-01 2.443888e+02
-1.226481e-01 8.268889e-03 -9.924158e-01 4.328147e+01 4.961274e-02 9.987661e-01 2.190390e-03 -1.904101e+01 9.912094e-01 -4.896782e-02 -1.229070e-01 2.442833e+02
-1.218128e-01 8.744321e-03 -9.925146e-01 4.248796e+01 4.949376e-02 9.987707e-01 2.724995e-03 -1.903976e+01 9.913183e-01 -4.879134e-02 -1.220959e-01 2.441867e+02
-1.206080e-01 6.793215e-03 -9.926770e-01 4.166546e+01 5.040926e-02 9.987284e-01 7.100145e-04 -1.904589e+01 9.914195e-01 -4.995448e-02 -1.207971e-01 2.440847e+02
-1.190786e-01 4.012801e-03 -9.928767e-01 4.085986e+01 5.046260e-02 9.987239e-01 -2.015693e-03 -1.905345e+01 9.916016e-01 -5.034316e-02 -1.191291e-01 2.439844e+02
-1.170018e-01 2.151962e-03 -9.931294e-01 4.000402e+01 4.964597e-02 9.987601e-01 -3.684687e-03 -1.905503e+01 9.918900e-01 -4.973598e-02 -1.169635e-01 2.438711e+02
-1.155392e-01 1.666443e-03 -9.933015e-01 3.915918e+01 4.988556e-02 9.987464e-01 -4.127028e-03 -1.905998e+01 9.920495e-01 -5.002823e-02 -1.154775e-01 2.437638e+02
-1.142603e-01 8.144220e-04 -9.934505e-01 3.831596e+01 5.219083e-02 9.986237e-01 -5.183993e-03 -1.906856e+01 9.920790e-01 -5.244133e-02 -1.141456e-01 2.436601e+02
-1.132586e-01 -1.595303e-03 -9.935643e-01 3.745577e+01 5.633740e-02 9.983795e-01 -8.025059e-03 -1.907811e+01 9.919670e-01 -5.688374e-02 -1.129852e-01 2.435559e+02
-1.113920e-01 -2.255127e-03 -9.937740e-01 3.658041e+01 6.071684e-02 9.981138e-01 -9.070717e-03 -1.909788e+01 9.919200e-01 -6.134922e-02 -1.110450e-01 2.434342e+02
-1.105079e-01 -3.051955e-03 -9.938706e-01 3.571898e+01 6.195796e-02 9.980291e-01 -9.953794e-03 -1.912818e+01 9.919421e-01 -6.267817e-02 -1.101010e-01 2.433143e+02
-1.114803e-01 -2.690518e-03 -9.937630e-01 3.485448e+01 5.902511e-02 9.982130e-01 -9.324001e-03 -1.915236e+01 9.920122e-01 -5.969641e-02 -1.111223e-01 2.432144e+02
-1.122075e-01 -4.811955e-03 -9.936731e-01 3.399165e+01 5.499262e-02 9.984257e-01 -1.104484e-02 -1.918883e+01 9.921619e-01 -5.588400e-02 -1.117662e-01 2.430952e+02
-1.150107e-01 -7.636003e-03 -9.933349e-01 3.310571e+01 5.353765e-02 9.984694e-01 -1.387419e-02 -1.920656e+01 9.919205e-01 -5.477649e-02 -1.144258e-01 2.430020e+02
-1.178328e-01 -1.058554e-02 -9.929770e-01 3.222011e+01 5.864887e-02 9.981235e-01 -1.760004e-02 -1.923909e+01 9.913000e-01 -6.031084e-02 -1.169908e-01 2.428983e+02
-1.208563e-01 -1.305104e-02 -9.925842e-01 3.135041e+01 6.404474e-02 9.977278e-01 -2.091671e-02 -1.926998e+01 9.906018e-01 -6.609772e-02 -1.197459e-01 2.427798e+02
-1.239425e-01 -1.507980e-02 -9.921748e-01 3.045670e+01 6.813788e-02 9.973951e-01 -2.367092e-02 -1.931044e+01 9.899472e-01 -7.053852e-02 -1.225921e-01 2.426699e+02
-1.263794e-01 -1.760048e-02 -9.918258e-01 2.958602e+01 6.786258e-02 9.973468e-01 -2.634557e-02 -1.935066e+01 9.896580e-01 -7.063740e-02 -1.248497e-01 2.425478e+02
-1.291546e-01 -1.762348e-02 -9.914678e-01 2.872293e+01 6.612651e-02 9.974634e-01 -2.634410e-02 -1.938759e+01 9.894172e-01 -6.896477e-02 -1.276616e-01 2.424318e+02
-1.322452e-01 -1.513930e-02 -9.911014e-01 2.786625e+01 6.355721e-02 9.976963e-01 -2.372063e-02 -1.941882e+01 9.891773e-01 -6.612858e-02 -1.309783e-01 2.423209e+02
-1.359781e-01 -2.663377e-02 -9.903538e-01 2.689994e+01 8.732990e-02 9.954251e-01 -3.876077e-02 -1.990938e+01 9.868553e-01 -9.175811e-02 -1.330301e-01 2.422009e+02
-1.377092e-01 -2.691796e-02 -9.901069e-01 2.605128e+01 8.668325e-02 9.954675e-01 -3.912006e-02 -1.994456e+01 9.866723e-01 -9.121287e-02 -1.347517e-01 2.420828e+02
-1.378387e-01 -2.158693e-02 -9.902194e-01 2.520269e+01 8.591284e-02 9.957337e-01 -3.366622e-02 -1.998733e+01 9.867216e-01 -8.971307e-02 -1.353961e-01 2.419507e+02
-1.350785e-01 -9.329170e-03 -9.907910e-01 2.409867e+01 8.822670e-02 9.958704e-01 -2.140530e-02 -2.025314e+01 9.868991e-01 -9.030561e-02 -1.336976e-01 2.416786e+02
-1.354825e-01 -6.450692e-03 -9.907587e-01 2.327675e+01 8.866878e-02 9.958873e-01 -1.860921e-02 -2.037580e+01 9.868041e-01 -9.037059e-02 -1.343534e-01 2.415829e+02
-1.383779e-01 -5.919985e-03 -9.903618e-01 2.207956e+01 8.454650e-02 9.962611e-01 -1.776848e-02 -2.036527e+01 9.867641e-01 -8.619039e-02 -1.373600e-01 2.414000e+02
-1.352052e-01 4.119112e-03 -9.908091e-01 2.113997e+01 8.694724e-02 9.961830e-01 -7.723310e-03 -2.052346e+01 9.869953e-01 -8.719235e-02 -1.350472e-01 2.412800e+02
-1.345979e-01 2.911839e-03 -9.908960e-01 2.029088e+01 8.607145e-02 9.962504e-01 -8.763904e-03 -2.053155e+01 9.871551e-01 -8.646746e-02 -1.343439e-01 2.411866e+02
-1.318082e-01 8.821452e-04 -9.912748e-01 1.944816e+01 8.676855e-02 9.961716e-01 -1.065097e-02 -2.055136e+01 9.874704e-01 -8.741537e-02 -1.313802e-01 2.410355e+02
-1.255235e-01 -2.399352e-03 -9.920878e-01 1.865278e+01 8.589220e-02 9.962160e-01 -1.327681e-02 -2.054422e+01 9.883655e-01 -8.687915e-02 -1.248424e-01 2.408136e+02
-1.240403e-01 -7.175161e-03 -9.922512e-01 1.775594e+01 8.707050e-02 9.960379e-01 -1.808714e-02 -2.058120e+01 9.884497e-01 -8.863935e-02 -1.229241e-01 2.406837e+02
-1.215313e-01 -1.345879e-02 -9.924963e-01 1.694656e+01 8.658570e-02 9.959527e-01 -2.410809e-02 -2.061368e+01 9.888039e-01 -8.886588e-02 -1.198741e-01 2.405602e+02
-1.198201e-01 -1.252615e-02 -9.927166e-01 1.612986e+01 8.461392e-02 9.961533e-01 -2.278235e-02 -2.063934e+01 9.891833e-01 -8.672742e-02 -1.182993e-01 2.404665e+02
-1.178365e-01 -1.252760e-02 -9.929540e-01 1.530661e+01 8.111571e-02 9.964575e-01 -2.219801e-02 -2.061131e+01 9.897145e-01 -8.315991e-02 -1.164028e-01 2.403557e+02
-1.169050e-01 -1.518920e-02 -9.930269e-01 1.450427e+01 8.028588e-02 9.964660e-01 -2.469353e-02 -2.061784e+01 9.898926e-01 -8.261284e-02 -1.152724e-01 2.402520e+02
-1.165302e-01 -1.789874e-02 -9.930259e-01 1.368968e+01 8.444612e-02 9.960384e-01 -2.786267e-02 -2.066334e+01 9.895906e-01 -8.710403e-02 -1.145571e-01 2.401456e+02
-1.171960e-01 -1.587408e-02 -9.929819e-01 1.286380e+01 8.903100e-02 9.956783e-01 -2.642500e-02 -2.069810e+01 9.891100e-01 -9.150308e-02 -1.152762e-01 2.400529e+02
-1.188249e-01 -1.289255e-02 -9.928315e-01 1.204597e+01 9.162611e-02 9.955068e-01 -2.389336e-02 -2.073386e+01 9.886786e-01 -9.380842e-02 -1.171097e-01 2.399553e+02
-1.209414e-01 -1.060433e-02 -9.926030e-01 1.125094e+01 9.017725e-02 9.956909e-01 -2.162476e-02 -2.076480e+01 9.885551e-01 -9.212554e-02 -1.194640e-01 2.398454e+02
-1.230137e-01 -8.355051e-03 -9.923698e-01 1.045809e+01 8.754044e-02 9.959752e-01 -1.923688e-02 -2.080863e+01 9.885364e-01 -8.923889e-02 -1.217872e-01 2.397227e+02
-1.262358e-01 -6.708803e-03 -9.919776e-01 9.635146e+00 8.452322e-02 9.962679e-01 -1.749396e-02 -2.085449e+01 9.883928e-01 -8.605350e-02 -1.251976e-01 2.395908e+02
-1.301978e-01 -4.756109e-03 -9.914766e-01 8.758588e+00 8.341022e-02 9.963911e-01 -1.573287e-02 -2.090341e+01 9.879733e-01 -8.474767e-02 -1.293312e-01 2.394410e+02
-1.346159e-01 -2.700382e-03 -9.908942e-01 7.981501e+00 8.260275e-02 9.964851e-01 -1.393744e-02 -2.092396e+01 9.874489e-01 -8.372678e-02 -1.339197e-01 2.393248e+02
-1.310542e-01 -2.592901e-03 -9.913718e-01 7.225048e+00 8.106651e-02 9.966196e-01 -1.332320e-02 -2.088730e+01 9.880552e-01 -8.211312e-02 -1.304010e-01 2.388401e+02
-1.350619e-01 -2.222514e-04 -9.908371e-01 6.458879e+00 8.301744e-02 9.964813e-01 -1.153970e-02 -2.090699e+01 9.873532e-01 -8.381534e-02 -1.345682e-01 2.387236e+02
-1.386959e-01 3.623397e-03 -9.903284e-01 5.642979e+00 8.636431e-02 9.962278e-01 -8.450376e-03 -2.093853e+01 9.865620e-01 -8.670106e-02 -1.384856e-01 2.385920e+02
-1.415868e-01 1.230882e-02 -9.898493e-01 4.837965e+00 8.938852e-02 9.959968e-01 -4.007642e-04 -2.101209e+01 9.858818e-01 -8.853790e-02 -1.421203e-01 2.384714e+02
-1.441010e-01 1.624050e-02 -9.894297e-01 4.083285e+00 8.995117e-02 9.959409e-01 3.246844e-03 -2.102855e+01 9.854662e-01 -8.853248e-02 -1.449769e-01 2.383462e+02
-1.458040e-01 2.075505e-02 -9.890958e-01 3.317922e+00 8.931941e-02 9.959730e-01 7.732664e-03 -2.103684e+01 9.852732e-01 -8.721799e-02 -1.470707e-01 2.382245e+02
-1.464795e-01 2.515705e-02 -9.888938e-01 2.628444e+00 8.860998e-02 9.959915e-01 1.221229e-02 -2.099963e+01 9.852370e-01 -8.583701e-02 -1.481215e-01 2.381086e+02
