9.999902e-01 -3.036448e-03 -3.211464e-03 -5.544677e-03 3.030184e-03 9.999935e-01 -1.953680e-03 -7.815576e-03 3.217375e-03 1.943929e-03 9.999929e-01 6.831411e-01
9.999709e-01 -1.991611e-03 -7.359813e-03 -1.609775e-02 1.966446e-03 9.999922e-01 -3.424832e-03 -1.772828e-02 7.366576e-03 3.410260e-03 9.999671e-01 1.388869e+00
9.999354e-01 -2.244916e-03 -1.114455e-02 -3.944494e-02 2.187108e-03 9.999841e-01 -5.196570e-03 -1.484168e-02 1.115603e-02 5.171860e-03 9.999244e-01 2.112826e+00
9.998741e-01 -3.722628e-04 -1.586138e-02 -6.373752e-02 2.712440e-04 9.999797e-01 -6.370528e-03 -1.320718e-02 1.586343e-02 6.365424e-03 9.998539e-01 2.852483e+00
9.997974e-01 -1.496373e-03 -2.007466e-02 -9.081853e-02 1.361419e-03 9.999764e-01 -6.734630e-03 -1.957161e-02 2.008426e-02 6.705935e-03 9.997758e-01 3.607261e+00
9.997078e-01 7.263177e-04 -2.416279e-02 -1.304294e-01 -9.089385e-04 9.999711e-01 -7.547812e-03 -3.920091e-02 2.415661e-02 7.567569e-03 9.996795e-01 4.373599e+00
9.995734e-01 3.426347e-03 -2.900435e-02 -1.704102e-01 -3.656833e-03 9.999621e-01 -7.897273e-03 -5.255780e-02 2.897620e-02 7.999969e-03 9.995481e-01 5.165298e+00
9.994309e-01 4.064944e-03 -3.348518e-02 -2.040450e-01 -4.275231e-03 9.999716e-01 -6.210816e-03 -6.767114e-02 3.345898e-02 6.350439e-03 9.994199e-01 5.965751e+00
9.992677e-01 3.044421e-03 -3.814266e-02 -2.406417e-01 -3.179231e-03 9.999889e-01 -3.474204e-03 -8.058190e-02 3.813166e-02 3.592924e-03 9.992663e-01 6.791668e+00
9.991305e-01 2.573031e-03 -4.161179e-02 -2.839722e-01 -2.611367e-03 9.999962e-01 -8.669495e-04 -9.011086e-02 4.160940e-02 9.748594e-04 9.991335e-01 7.616158e+00
9.990020e-01 3.871045e-03 -4.449845e-02 -3.276893e-01 -3.943042e-03 9.999911e-01 -1.530314e-03 -9.850532e-02 4.449213e-02 1.704246e-03 9.990083e-01 8.438769e+00
9.988914e-01 3.324127e-03 -4.695609e-02 -3.688647e-01 -3.414429e-03 9.999925e-01 -1.843044e-03 -1.073446e-01 4.694961e-02 2.001329e-03 9.988953e-01 9.273896e+00
9.988025e-01 8.235138e-04 -4.891681e-02 -4.102844e-01 -9.666805e-04 9.999953e-01 -2.903153e-03 -1.144075e-01 4.891419e-02 2.946963e-03 9.987986e-01 1.011699e+01
9.987025e-01 1.154839e-03 -5.091189e-02 -4.582264e-01 -1.270761e-03 9.999967e-01 -2.244599e-03 -1.222608e-01 5.090913e-02 2.306383e-03 9.987006e-01 1.097050e+01
9.986291e-01 -5.995456e-04 -5.234028e-02 -5.109693e-01 4.673382e-04 9.999967e-01 -2.538123e-03 -1.323752e-01 5.234163e-02 2.510183e-03 9.986261e-01 1.183710e+01
9.985503e-01 2.943707e-03 -5.374683e-02 -5.862507e-01 -3.203027e-03 9.999836e-01 -4.739343e-03 -1.525191e-01 5.373199e-02 4.904625e-03 9.985433e-01 1.272447e+01
9.984756e-01 4.657885e-03 -5.499824e-02 -6.552210e-01 -5.060863e-03 9.999613e-01 -7.190111e-03 -1.815160e-01 5.496262e-02 7.457489e-03 9.984606e-01 1.362716e+01
9.983339e-01 9.197587e-03 -5.696282e-02 -7.275011e-01 -9.698877e-03 9.999166e-01 -8.530085e-03 -2.019835e-01 5.687961e-02 9.068349e-03 9.983399e-01 1.452433e+01
9.982688e-01 9.924804e-03 -5.797297e-02 -7.893085e-01 -1.045353e-02 9.999064e-01 -8.824013e-03 -2.032117e-01 5.787997e-02 9.414759e-03 9.982792e-01 1.541449e+01
9.981760e-01 8.644043e-03 -5.974902e-02 -8.467521e-01 -9.110953e-03 9.999300e-01 -7.546511e-03 -2.139529e-01 5.967961e-02 8.077117e-03 9.981849e-01 1.633012e+01
9.980675e-01 9.531875e-03 -6.140392e-02 -9.109551e-01 -9.935828e-03 9.999309e-01 -6.276650e-03 -2.283523e-01 6.133985e-02 6.874619e-03 9.980933e-01 1.724594e+01
9.979684e-01 9.906798e-03 -6.293618e-02 -9.562155e-01 -1.030584e-02 9.999288e-01 -6.018906e-03 -2.551500e-01 6.287206e-02 6.655288e-03 9.979994e-01 1.814941e+01
9.978690e-01 9.636872e-03 -6.453313e-02 -1.015750e+00 -1.009617e-02 9.999259e-01 -6.794878e-03 -2.752375e-01 6.446287e-02 7.431936e-03 9.978924e-01 1.905873e+01
9.977920e-01 8.173503e-03 -6.591133e-02 -1.068701e+00 -8.692467e-03 9.999334e-01 -7.590729e-03 -2.931478e-01 6.584490e-02 8.146901e-03 9.977966e-01 1.999357e+01
9.977152e-01 7.991246e-03 -6.708563e-02 -1.118387e+00 -8.400456e-03 9.999478e-01 -5.819934e-03 -3.181194e-01 6.703562e-02 6.370186e-03 9.977302e-01 2.092326e+01
9.977134e-01 9.119671e-03 -6.696857e-02 -1.186626e+00 -9.305613e-03 9.999537e-01 -2.465124e-03 -3.300480e-01 6.694299e-02 3.082671e-03 9.977520e-01 2.183549e+01
9.977450e-01 1.010614e-02 -6.635322e-02 -1.251135e+00 -1.003911e-02 9.999487e-01 1.343534e-03 -3.438108e-01 6.636340e-02 -6.743775e-04 9.977953e-01 2.277685e+01
9.978465e-01 8.501704e-03 -6.503962e-02 -1.312861e+00 -8.267677e-03 9.999583e-01 3.866536e-03 -3.473357e-01 6.506978e-02 -3.320482e-03 9.978752e-01 2.372400e+01
9.979224e-01 8.633222e-03 -6.384666e-02 -1.372058e+00 -8.362209e-03 9.999549e-01 4.510770e-03 -3.548120e-01 6.388272e-02 -3.967499e-03 9.979495e-01 2.466361e+01
9.979902e-01 9.538457e-03 -6.264725e-02 -1.433051e+00 -9.465768e-03 9.999541e-01 1.456988e-03 -3.592685e-01 6.265827e-02 -8.610550e-04 9.980347e-01 2.561255e+01
9.980205e-01 1.103387e-02 -6.191321e-02 -1.494901e+00 -1.125902e-02 9.999312e-01 -3.288766e-03 -3.712120e-01 6.187266e-02 3.979338e-03 9.980761e-01 2.655521e+01
9.980948e-01 9.909561e-03 -6.089778e-02 -1.551555e+00 -1.029739e-02 9.999286e-01 -6.057900e-03 -3.947363e-01 6.083340e-02 6.673447e-03 9.981256e-01 2.752033e+01
9.981800e-01 6.843338e-03 -5.991599e-02 -1.619177e+00 -7.169295e-03 9.999606e-01 -5.226954e-03 -4.074966e-01 5.987786e-02 5.646997e-03 9.981897e-01 2.849526e+01
9.981685e-01 4.730126e-03 -6.030970e-02 -1.673675e+00 -4.759291e-03 9.999886e-01 -3.399469e-04 -4.216550e-01 6.030741e-02 6.263557e-04 9.981797e-01 2.947773e+01
9.981114e-01 5.514327e-04 -6.142777e-02 -1.731565e+00 -3.724167e-04 9.999957e-01 2.925663e-03 -4.419453e-01 6.142912e-02 -2.897261e-03 9.981072e-01 3.048278e+01
9.980228e-01 -7.134450e-03 -6.244678e-02 -1.782793e+00 7.283204e-03 9.999712e-01 2.154789e-03 -4.611884e-01 6.242961e-02 -2.605342e-03 9.980460e-01 3.148576e+01
9.978973e-01 -9.488683e-03 -6.411713e-02 -1.841997e+00 9.398833e-03 9.999544e-01 -1.702838e-03 -4.754818e-01 6.413036e-02 1.096631e-03 9.979409e-01 3.246531e+01
9.978015e-01 -9.313421e-03 -6.561607e-02 -1.911076e+00 8.961610e-03 9.999439e-01 -5.653953e-03 -4.850411e-01 6.566504e-02 5.053497e-03 9.978289e-01 3.344466e+01
9.976567e-01 -7.600754e-03 -6.799509e-02 -1.978032e+00 7.203194e-03 9.999555e-01 -6.090161e-03 -5.082987e-01 6.803835e-02 5.586108e-03 9.976671e-01 3.443618e+01
9.976128e-01 -8.351446e-03 -6.854930e-02 -2.064592e+00 8.029500e-03 9.999554e-01 -4.970751e-03 -5.147110e-01 6.858776e-02 4.408468e-03 9.976353e-01 3.542599e+01
9.975599e-01 -5.034014e-03 -6.963382e-02 -2.141327e+00 4.917505e-03 9.999862e-01 -1.844494e-03 -5.393081e-01 6.964214e-02 1.497569e-03 9.975709e-01 3.640524e+01
9.974788e-01 -5.499878e-03 -7.075134e-02 -2.222719e+00 5.480547e-03 9.999849e-01 -4.673406e-04 -5.551864e-01 7.075284e-02 7.840629e-05 9.974939e-01 3.741436e+01
9.974014e-01 -4.790966e-03 -7.188579e-02 -2.299707e+00 4.934675e-03 9.999862e-01 1.821657e-03 -5.573281e-01 7.187607e-02 -2.171656e-03 9.974112e-01 3.840580e+01
9.973806e-01 -5.065257e-03 -7.215488e-02 -2.369624e+00 5.428698e-03 9.999735e-01 4.841731e-03 -5.706058e-01 7.212845e-02 -5.220756e-03 9.973817e-01 3.941190e+01
9.973619e-01 5.934765e-04 -7.258766e-02 -2.455935e+00 -6.768409e-05 9.999737e-01 7.245797e-03 -5.704190e-01 7.259005e-02 -7.221768e-03 9.973357e-01 4.039954e+01
9.973443e-01 1.006943e-03 -7.282442e-02 -2.535772e+00 -5.144135e-04 9.999769e-01 6.781689e-03 -5.845835e-01 7.282956e-02 -6.726216e-03 9.973217e-01 4.140465e+01
9.973432e-01 5.718120e-04 -7.284338e-02 -2.610172e+00 -1.915681e-04 9.999863e-01 5.226899e-03 -5.917055e-01 7.284537e-02 -5.199058e-03 9.973297e-01 4.239373e+01
9.973064e-01 2.940212e-03 -7.328891e-02 -2.686424e+00 -2.726626e-03 9.999917e-01 3.014181e-03 -5.946780e-01 7.329716e-02 -2.806231e-03 9.973062e-01 4.340215e+01
9.972019e-01 3.205706e-03 -7.468603e-02 -2.753454e+00 -2.996943e-03 9.999913e-01 2.907111e-03 -6.075988e-01 7.469470e-02 -2.675147e-03 9.972029e-01 4.441637e+01
9.970984e-01 1.581653e-03 -7.610723e-02 -2.826559e+00 -1.287729e-03 9.999915e-01 3.910890e-03 -6.224742e-01 7.611277e-02 -3.801537e-03 9.970920e-01 4.539710e+01
9.970114e-01 2.360773e-03 -7.721817e-02 -2.904128e+00 -1.976051e-03 9.999853e-01 5.058300e-03 -6.371547e-01 7.722898e-02 -4.890596e-03 9.970014e-01 4.638313e+01
9.969578e-01 5.730270e-03 -7.773226e-02 -2.981174e+00 -5.639533e-03 9.999831e-01 1.386771e-03 -6.465090e-01 7.773889e-02 -9.441789e-04 9.969733e-01 4.735254e+01
9.968683e-01 6.539827e-03 -7.880937e-02 -3.063552e+00 -6.796406e-03 9.999724e-01 -2.987912e-03 -6.606794e-01 7.878766e-02 3.514175e-03 9.968852e-01 4.833362e+01
9.967839e-01 7.727141e-03 -7.976314e-02 -3.138963e+00 -8.068780e-03 9.999596e-01 -3.961746e-03 -6.866353e-01 7.972931e-02 4.592596e-03 9.968060e-01 4.931894e+01
9.967825e-01 5.880847e-03 -7.993758e-02 -3.224939e+00 -5.921285e-03 9.999824e-01 -2.688344e-04 -7.103462e-01 7.993460e-02 7.413027e-04 9.967998e-01 5.031271e+01
9.967807e-01 3.718040e-03 -8.009005e-02 -3.308569e+00 -3.542161e-03 9.999910e-01 2.337982e-03 -7.203703e-01 8.009802e-02 -2.046764e-03 9.967849e-01 5.128594e+01
9.967685e-01 1.727995e-03 -8.030878e-02 -3.392353e+00 -1.503527e-03 9.999948e-01 2.855449e-03 -7.356315e-01 8.031329e-02 -2.725475e-03 9.967659e-01 5.227480e+01
9.967202e-01 -1.329178e-03 -8.091363e-02 -3.464076e+00 1.434033e-03 9.999982e-01 1.237791e-03 -7.476919e-01 8.091184e-02 -1.349764e-03 9.967203e-01 5.324472e+01
9.966569e-01 -4.629037e-03 -8.156976e-02 -3.542906e+00 4.587595e-03 9.999892e-01 -6.954598e-04 -7.506294e-01 8.157210e-02 3.189257e-04 9.966674e-01 5.421007e+01
9.965877e-01 -5.864772e-03 -8.233181e-02 -3.633513e+00 5.923360e-03 9.999823e-01 4.673706e-04 -7.653158e-01 8.232762e-02 -9.534567e-04 9.966049e-01 5.516136e+01
9.964802e-01 -8.893317e-03 -8.335553e-02 -3.723772e+00 9.278867e-03 9.999480e-01 4.239112e-03 -7.801200e-01 8.331349e-02 -4.997636e-03 9.965109e-01 5.611878e+01
9.964049e-01 -1.013198e-02 -8.411124e-02 -3.803664e+00 1.094591e-02 9.998976e-01 9.221373e-03 -7.996189e-01 8.400919e-02 -1.010890e-02 9.964137e-01 5.708753e+01
9.963937e-01 -9.076659e-03 -8.436329e-02 -3.902031e+00 1.007581e-02 9.998840e-01 1.142523e-02 -8.029102e-01 8.424980e-02 -1.223405e-02 9.963696e-01 5.803689e+01
9.962737e-01 -7.521934e-03 -8.591915e-02 -3.985243e+00 8.218004e-03 9.999362e-01 7.750630e-03 -8.186904e-01 8.585537e-02 -8.427832e-03 9.962720e-01 5.897477e+01
9.961526e-01 -4.948512e-03 -8.749609e-02 -4.068347e+00 5.016292e-03 9.999873e-01 5.548044e-04 -8.412147e-01 8.749223e-02 -9.915757e-04 9.961647e-01 5.990392e+01
9.960875e-01 -3.146839e-03 -8.831594e-02 -4.159358e+00 2.753364e-03 9.999857e-01 -4.576783e-03 -8.446473e-01 8.832908e-02 4.315710e-03 9.960820e-01 6.082325e+01
9.959636e-01 1.537138e-03 -8.974522e-02 -4.247135e+00 -1.837814e-03 9.999930e-01 -3.267794e-03 -8.652835e-01 8.973956e-02 3.419539e-03 9.959594e-01 6.173833e+01
9.958274e-01 3.882253e-03 -9.117411e-02 -4.332050e+00 -3.957920e-03 9.999920e-01 -6.491340e-04 -8.892263e-01 9.117085e-02 1.007285e-03 9.958348e-01 6.264770e+01
9.956788e-01 5.997134e-03 -9.266971e-02 -4.420193e+00 -5.899169e-03 9.999817e-01 1.331044e-03 -9.105590e-01 9.267599e-02 -7.786178e-04 9.956960e-01 6.356362e+01
9.955727e-01 7.073981e-03 -9.372778e-02 -4.513681e+00 -7.020347e-03 9.999750e-01 9.019465e-04 -9.221831e-01 9.373181e-02 -2.399518e-04 9.955975e-01 6.445573e+01
9.953996e-01 8.682682e-03 -9.541651e-02 -4.611797e+00 -8.507712e-03 9.999613e-01 2.240424e-03 -9.467587e-01 9.543227e-02 -1.418341e-03 9.954349e-01 6.533263e+01
9.952587e-01 9.323710e-03 -9.681512e-02 -4.698368e+00 -9.049661e-03 9.999537e-01 3.269368e-03 -9.732771e-01 9.684112e-02 -2.377723e-03 9.952970e-01 6.618601e+01
9.950788e-01 9.139207e-03 -9.866420e-02 -4.777493e+00 -8.795251e-03 9.999536e-01 3.920530e-03 -9.977130e-01 9.869546e-02 -3.033460e-03 9.951131e-01 6.701614e+01
9.949230e-01 8.640788e-03 -1.002678e-01 -4.857415e+00 -8.174516e-03 9.999538e-01 5.060193e-03 -1.011894e+00 1.003069e-01 -4.214861e-03 9.949476e-01 6.782236e+01
9.947028e-01 1.140901e-02 -1.021580e-01 -4.925623e+00 -1.064424e-02 9.999111e-01 8.028199e-03 -1.022611e+00 1.022405e-01 -6.898278e-03 9.947358e-01 6.860624e+01
9.945220e-01 1.291342e-02 -1.037265e-01 -5.002949e+00 -1.171346e-02 9.998573e-01 1.216930e-02 -1.026790e+00 1.038688e-01 -1.088764e-02 9.945314e-01 6.940077e+01
9.942579e-01 1.617210e-02 -1.057814e-01 -5.080549e+00 -1.476044e-02 9.997914e-01 1.411445e-02 -1.030209e+00 1.059876e-01 -1.247202e-02 9.942892e-01 7.017197e+01
9.940775e-01 1.942649e-02 -1.069231e-01 -5.171513e+00 -1.843091e-02 9.997772e-01 1.029152e-02 -1.036859e+00 1.070992e-01 -8.259877e-03 9.942140e-01 7.091280e+01
9.939702e-01 2.013886e-02 -1.077849e-01 -5.266544e+00 -1.992227e-02 9.997968e-01 3.085960e-03 -1.046662e+00 1.078251e-01 -9.200327e-04 9.941695e-01 7.163965e+01
9.937810e-01 1.964564e-02 -1.096058e-01 -5.340418e+00 -2.009456e-02 9.997936e-01 -2.992541e-03 -1.051114e+00 1.095244e-01 5.176410e-03 9.939706e-01 7.235271e+01
9.936625e-01 2.036202e-02 -1.105448e-01 -5.409234e+00 -2.091897e-02 9.997736e-01 -3.880598e-03 -1.066426e+00 1.104407e-01 6.168488e-03 9.938636e-01 7.305244e+01
9.934901e-01 2.276396e-02 -1.116205e-01 -5.492600e+00 -2.290226e-02 9.997377e-01 4.314185e-05 -1.086008e+00 1.115922e-01 2.513502e-03 9.937509e-01 7.373668e+01
9.933442e-01 2.286831e-02 -1.128911e-01 -5.580606e+00 -2.270801e-02 9.997385e-01 2.705779e-03 -1.113734e+00 1.129234e-01 -1.242376e-04 9.936037e-01 7.440576e+01
9.933089e-01 2.034085e-02 -1.136823e-01 -5.664089e+00 -2.055933e-02 9.997884e-01 -7.496223e-04 -1.127983e+00 1.136430e-01 3.081839e-03 9.935169e-01 7.505342e+01
9.934658e-01 1.296081e-02 -1.133920e-01 -5.729961e+00 -1.380081e-02 9.998828e-01 -6.626001e-03 -1.148573e+00 1.132928e-01 8.147606e-03 9.935282e-01 7.567538e+01
9.936338e-01 9.296396e-03 -1.122738e-01 -5.800910e+00 -1.072747e-02 9.998687e-01 -1.214889e-02 -1.154686e+00 1.121461e-01 1.327596e-02 9.936030e-01 7.627979e+01
9.939248e-01 1.180201e-02 -1.094271e-01 -5.867798e+00 -1.319849e-02 9.998403e-01 -1.204615e-02 -1.170764e+00 1.092675e-01 1.341724e-02 9.939218e-01 7.687674e+01
9.943148e-01 1.674302e-02 -1.051561e-01 -5.947787e+00 -1.772476e-02 9.998075e-01 -8.408392e-03 -1.186904e+00 1.049951e-01 1.022446e-02 9.944202e-01 7.745528e+01
9.948262e-01 1.493362e-02 -1.004877e-01 -6.008164e+00 -1.557014e-02 9.998634e-01 -5.553028e-03 -1.197658e+00 1.003911e-01 7.088906e-03 9.949228e-01 7.802371e+01
9.953767e-01 1.081838e-02 -9.543641e-02 -6.039631e+00 -1.103582e-02 9.999376e-01 -1.750854e-03 -1.211096e+00 9.541151e-02 2.795979e-03 9.954340e-01 7.857794e+01
9.961316e-01 6.067020e-03 -8.766441e-02 -6.073471e+00 -5.958816e-03 9.999811e-01 1.495940e-03 -1.231958e+00 8.767183e-02 -9.677775e-04 9.961489e-01 7.911372e+01
9.969869e-01 9.989773e-03 -7.692380e-02 -6.114962e+00 -9.872888e-03 9.999495e-01 1.899644e-03 -1.246537e+00 7.693889e-02 -1.134460e-03 9.970352e-01 7.963658e+01
9.979807e-01 1.523560e-02 -6.166357e-02 -6.155114e+00 -1.518052e-02 9.998838e-01 1.361628e-03 -1.248213e+00 6.167715e-02 -4.227933e-04 9.980961e-01 8.014996e+01
9.988241e-01 1.998858e-02 -4.416979e-02 -6.165884e+00 -1.990527e-02 9.997992e-01 2.325301e-03 -1.255440e+00 4.420740e-02 -1.443355e-03 9.990213e-01 8.064799e+01
9.995734e-01 1.842970e-02 -2.265891e-02 -6.150969e+00 -1.835667e-02 9.998256e-01 3.426806e-03 -1.266761e+00 2.271811e-02 -3.009402e-03 9.997374e-01 8.114221e+01
9.998868e-01 1.465240e-02 3.408848e-03 -6.124711e+00 -1.466837e-02 9.998813e-01 4.706753e-03 -1.276477e+00 -3.339478e-03 -4.756223e-03 9.999831e-01 8.161884e+01
9.993757e-01 1.343254e-02 3.267643e-02 -6.084373e+00 -1.363685e-02 9.998888e-01 6.037532e-03 -1.276840e+00 -3.259170e-02 -6.479366e-03 9.994477e-01 8.208711e+01
9.977399e-01 1.279609e-02 6.596445e-02 -6.031850e+00 -1.332561e-02 9.998824e-01 7.593662e-03 -1.283623e+00 -6.585952e-02 -8.455516e-03 9.977931e-01 8.255391e+01
9.945697e-01 1.237552e-02 1.033339e-01 -5.961207e+00 -1.331977e-02 9.998756e-01 8.452744e-03 -1.290773e+00 -1.032165e-01 -9.783228e-03 9.946108e-01 8.300575e+01
9.894058e-01 1.256590e-02 1.446314e-01 -5.866343e+00 -1.401068e-02 9.998616e-01 8.975115e-03 -1.298431e+00 -1.444986e-01 -1.090641e-02 9.894449e-01 8.344425e+01
9.817346e-01 1.206431e-02 1.898725e-01 -5.758776e+00 -1.406192e-02 9.998590e-01 9.176987e-03 -1.301024e+00 -1.897351e-01 -1.167934e-02 9.817659e-01 8.386907e+01
9.708804e-01 1.353983e-02 2.391817e-01 -5.630979e+00 -1.572819e-02 9.998501e-01 7.243023e-03 -1.309923e+00 -2.390477e-01 -1.079400e-02 9.709478e-01 8.428368e+01
9.562138e-01 1.301812e-02 2.923795e-01 -5.474964e+00 -1.520758e-02 9.998707e-01 5.216720e-03 -1.321776e+00 -2.922738e-01 -9.434684e-03 9.562881e-01 8.468029e+01
9.370871e-01 1.270521e-02 3.488644e-01 -5.305203e+00 -1.477906e-02 9.998854e-01 3.283552e-03 -1.321303e+00 -3.487827e-01 -8.232863e-03 9.371675e-01 8.506308e+01
9.137472e-01 1.263550e-02 4.060867e-01 -5.094188e+00 -1.482837e-02 9.998875e-01 2.253940e-03 -1.331306e+00 -4.060125e-01 -8.081133e-03 9.138318e-01 8.542716e+01
8.855055e-01 1.225910e-02 4.644672e-01 -4.864377e+00 -1.430713e-02 9.998973e-01 8.853161e-04 -1.332529e+00 -4.644086e-01 -7.429143e-03 8.855899e-01 8.578354e+01
8.526940e-01 9.849128e-03 5.223179e-01 -4.609310e+00 -1.155701e-02 9.999332e-01 1.171726e-05 -1.331373e+00 -5.222829e-01 -6.046422e-03 8.527509e-01 8.611279e+01
8.138096e-01 9.620835e-03 5.810520e-01 -4.337922e+00 -8.531639e-03 9.999530e-01 -4.607597e-03 -1.270964e+00 -5.810690e-01 -1.207618e-03 8.138534e-01 8.650856e+01
7.671955e-01 9.633509e-03 6.413410e-01 -4.067310e+00 -7.606172e-03 9.999535e-01 -5.921406e-03 -1.241848e+00 -6.413682e-01 -3.352734e-04 7.672331e-01 8.697925e+01
7.173385e-01 1.171363e-02 6.966263e-01 -3.772681e+00 -8.266838e-03 9.999314e-01 -8.301018e-03 -1.197484e+00 -6.966757e-01 1.957429e-04 7.173861e-01 8.741357e+01
6.706088e-01 9.767009e-03 7.417469e-01 -3.392592e+00 -6.070693e-03 9.999521e-01 -7.678469e-03 -1.184503e+00 -7.417864e-01 6.463312e-04 6.706359e-01 8.770145e+01
6.226238e-01 5.641390e-03 7.825010e-01 -3.005499e+00 -1.915756e-03 9.999820e-01 -5.684968e-03 -1.189069e+00 -7.825190e-01 2.040516e-03 6.226234e-01 8.795857e+01
5.740250e-01 5.448185e-04 8.188376e-01 -2.609420e+00 2.616303e-03 9.999935e-01 -2.499444e-03 -1.190414e+00 -8.188336e-01 3.577071e-03 5.740198e-01 8.819075e+01
5.256128e-01 3.389601e-03 8.507171e-01 -2.217937e+00 1.995629e-03 9.999844e-01 -5.217334e-03 -1.202161e+00 -8.507216e-01 4.440013e-03 5.255979e-01 8.839778e+01
4.765915e-01 8.113982e-03 8.790874e-01 -1.822461e+00 4.726405e-04 9.999549e-01 -9.485828e-03 -1.218281e+00 -8.791248e-01 4.936357e-03 4.765661e-01 8.858989e+01
4.294349e-01 9.496163e-03 9.030479e-01 -1.370142e+00 2.045546e-03 9.999319e-01 -1.148770e-02 -1.227877e+00 -9.030955e-01 6.780446e-03 4.293863e-01 8.877683e+01
3.859117e-01 3.532517e-03 9.225290e-01 -8.911837e-01 5.103958e-03 9.999692e-01 -5.964133e-03 -1.238884e+00 -9.225216e-01 7.010177e-03 3.858818e-01 8.892050e+01
3.453851e-01 -8.328165e-03 9.384241e-01 -4.163303e-01 7.126406e-03 9.999551e-01 6.251370e-03 -1.253858e+00 -9.384340e-01 4.528460e-03 3.454290e-01 8.902599e+01
3.100105e-01 -1.013612e-02 9.506791e-01 9.246887e-02 4.691926e-03 9.999473e-01 9.131413e-03 -1.277907e+00 -9.507216e-01 1.629682e-03 3.100417e-01 8.909754e+01
2.773077e-01 -7.194380e-03 9.607542e-01 5.564008e-01 6.667792e-03 9.999623e-01 5.563420e-03 -1.310777e+00 -9.607580e-01 4.863330e-03 2.773452e-01 8.916056e+01
2.458030e-01 5.317404e-03 9.693052e-01 9.743618e-01 8.109652e-03 9.999387e-01 -7.541953e-03 -1.318440e+00 -9.692859e-01 9.714563e-03 2.457448e-01 8.925192e+01
2.176117e-01 1.151106e-02 9.759675e-01 1.457299e+00 9.686281e-03 9.998557e-01 -1.395256e-02 -1.338127e+00 -9.759874e-01 1.248974e-02 2.174688e-01 8.932030e+01
1.922135e-01 1.129979e-02 9.812881e-01 1.992898e+00 1.206733e-02 9.998309e-01 -1.387705e-02 -1.346906e+00 -9.812789e-01 1.450888e-02 1.920446e-01 8.935496e+01
1.680922e-01 4.301361e-03 9.857619e-01 2.508792e+00 1.657832e-02 9.998367e-01 -7.189713e-03 -1.347868e+00 -9.856319e-01 1.755081e-02 1.679934e-01 8.941086e+01
1.475625e-01 -1.310037e-03 9.890519e-01 3.052316e+00 2.533460e-02 9.996760e-01 -2.455709e-03 -1.342550e+00 -9.887282e-01 2.541960e-02 1.475479e-01 8.945738e+01
1.272172e-01 -1.324195e-03 9.918740e-01 3.655568e+00 3.223798e-02 9.994763e-01 -2.800481e-03 -1.343632e+00 -9.913508e-01 3.233229e-02 1.271933e-01 8.952976e+01
1.093905e-01 3.063959e-03 9.939941e-01 4.239147e+00 3.254696e-02 9.994480e-01 -6.662611e-03 -1.344254e+00 -9.934659e-01 3.308032e-02 1.092304e-01 8.960121e+01
9.383837e-02 6.993458e-03 9.955629e-01 4.729731e+00 2.731111e-02 9.995809e-01 -9.595936e-03 -1.357064e+00 -9.952128e-01 2.809040e-02 9.360804e-02 8.965749e+01
7.942465e-02 7.630647e-03 9.968117e-01 5.236415e+00 2.417130e-02 9.996619e-01 -9.578404e-03 -1.367332e+00 -9.965478e-01 2.485500e-02 7.921336e-02 8.969508e+01
6.589724e-02 6.333831e-03 9.978063e-01 5.749150e+00 2.218910e-02 9.997233e-01 -7.811414e-03 -1.373741e+00 -9.975797e-01 2.265518e-02 6.573846e-02 8.972713e+01
5.344252e-02 2.271373e-03 9.985683e-01 6.318110e+00 2.231412e-02 9.997450e-01 -3.468282e-03 -1.369477e+00 -9.983216e-01 2.246753e-02 5.337821e-02 8.978022e+01
4.286354e-02 -5.443576e-04 9.990808e-01 6.858281e+00 2.356751e-02 9.997221e-01 -4.664093e-04 -1.372771e+00 -9.988029e-01 2.356584e-02 4.286446e-02 8.980353e+01
3.470609e-02 -2.193663e-03 9.993952e-01 7.456085e+00 2.483978e-02 9.996906e-01 1.331698e-03 -1.364627e+00 -9.990888e-01 2.477854e-02 3.474984e-02 8.983523e+01
2.865624e-02 -3.776439e-03 9.995822e-01 8.069348e+00 2.561616e-02 9.996672e-01 3.042391e-03 -1.369138e+00 -9.992610e-01 2.551828e-02 2.874344e-02 8.986830e+01
2.328190e-02 -4.646194e-03 9.997181e-01 8.684887e+00 2.701290e-02 9.996270e-01 4.016682e-03 -1.363942e+00 -9.993639e-01 2.691177e-02 2.339872e-02 8.986673e+01
1.884213e-02 -7.763812e-03 9.997923e-01 9.409525e+00 2.840486e-02 9.995704e-01 7.226769e-03 -1.337158e+00 -9.994189e-01 2.826280e-02 1.905457e-02 8.980137e+01
1.448716e-02 -1.045458e-02 9.998404e-01 1.007157e+01 2.845720e-02 9.995446e-01 1.003915e-02 -1.351707e+00 -9.994900e-01 2.830722e-02 1.477807e-02 8.980656e+01
1.105388e-02 -1.181198e-02 9.998691e-01 1.072141e+01 2.834421e-02 9.995321e-01 1.149464e-02 -1.354811e+00 -9.995371e-01 2.821344e-02 1.138351e-02 8.982681e+01
7.941629e-03 -1.276577e-02 9.998870e-01 1.136450e+01 2.797571e-02 9.995300e-01 1.253902e-02 -1.354327e+00 -9.995771e-01 2.787297e-02 8.295028e-03 8.983018e+01
5.755514e-03 -1.456872e-02 9.998773e-01 1.200088e+01 2.724031e-02 9.995251e-01 1.440679e-02 -1.353410e+00 -9.996123e-01 2.715404e-02 6.149637e-03 8.982030e+01
4.817685e-03 -1.881047e-02 9.998115e-01 1.266300e+01 2.697360e-02 9.994617e-01 1.867392e-02 -1.346026e+00 -9.996245e-01 2.687855e-02 5.322478e-03 8.981972e+01
5.476667e-03 -2.253728e-02 9.997310e-01 1.335232e+01 2.685563e-02 9.993887e-01 2.238245e-02 -1.337264e+00 -9.996243e-01 2.672582e-02 6.078572e-03 8.982780e+01
7.733275e-03 -2.452847e-02 9.996692e-01 1.406597e+01 2.720145e-02 9.993343e-01 2.430982e-02 -1.315572e+00 -9.996001e-01 2.700446e-02 8.395337e-03 8.984009e+01
1.102599e-02 -2.713622e-02 9.995709e-01 1.478605e+01 2.755655e-02 9.992603e-01 2.682382e-02 -1.294311e+00 -9.995594e-01 2.724897e-02 1.176561e-02 8.986456e+01
1.525369e-02 -2.760901e-02 9.995024e-01 1.552516e+01 2.726410e-02 9.992585e-01 2.718618e-02 -1.276354e+00 -9.995119e-01 2.683584e-02 1.599511e-02 8.988151e+01
1.873698e-02 -2.933179e-02 9.993941e-01 1.630038e+01 2.600319e-02 9.992458e-01 2.883991e-02 -1.258325e+00 -9.994862e-01 2.544706e-02 1.948556e-02 8.991940e+01
2.277778e-02 -2.958785e-02 9.993026e-01 1.707107e+01 2.498435e-02 9.992666e-01 2.901730e-02 -1.226854e+00 -9.994283e-01 2.430598e-02 2.350031e-02 8.994323e+01
2.701535e-02 -2.697549e-02 9.992710e-01 1.785377e+01 2.265592e-02 9.993956e-01 2.636635e-02 -1.210037e+00 -9.993782e-01 2.192710e-02 2.761017e-02 8.997308e+01
3.113039e-02 -2.660455e-02 9.991612e-01 1.867177e+01 2.168561e-02 9.994284e-01 2.593601e-02 -1.191576e+00 -9.992801e-01 2.086002e-02 3.168953e-02 9.001023e+01
3.531276e-02 -2.458326e-02 9.990739e-01 1.948849e+01 2.257998e-02 9.994618e-01 2.379470e-02 -1.173912e+00 -9.991212e-01 2.171881e-02 3.584885e-02 9.004956e+01
3.841255e-02 -2.226048e-02 9.990140e-01 2.029530e+01 2.642039e-02 9.994250e-01 2.125376e-02 -1.170830e+00 -9.989126e-01 2.557793e-02 3.897859e-02 9.008843e+01
3.995535e-02 -1.592955e-02 9.990745e-01 2.110549e+01 3.103647e-02 9.994102e-01 1.469368e-02 -1.166428e+00 -9.987193e-01 3.042066e-02 4.042619e-02 9.013597e+01
4.014009e-02 -1.304708e-02 9.991089e-01 2.192777e+01 3.378179e-02 9.993608e-01 1.169315e-02 -1.170232e+00 -9.986228e-01 3.328233e-02 4.055519e-02 9.017645e+01
4.031829e-02 -1.077602e-02 9.991288e-01 2.276882e+01 3.320996e-02 9.994038e-01 9.438854e-03 -1.168038e+00 -9.986348e-01 3.280047e-02 4.065213e-02 9.023209e+01
4.063170e-02 -7.496128e-03 9.991461e-01 2.360542e+01 3.102109e-02 9.994993e-01 6.237261e-03 -1.172378e+00 -9.986925e-01 3.074117e-02 4.084389e-02 9.027168e+01
4.012919e-02 -8.069804e-03 9.991619e-01 2.444761e+01 2.984543e-02 9.995309e-01 6.874107e-03 -1.179349e+00 -9.987487e-01 2.954457e-02 4.035121e-02 9.032109e+01
4.052478e-02 -5.583592e-03 9.991629e-01 2.528001e+01 2.878564e-02 9.995758e-01 4.418390e-03 -1.188627e+00 -9.987638e-01 2.858249e-02 4.066832e-02 9.036828e+01
4.039907e-02 -4.506102e-03 9.991735e-01 2.612299e+01 2.894984e-02 9.995753e-01 3.337400e-03 -1.199971e+00 -9.987641e-01 2.879109e-02 4.051237e-02 9.042952e+01
4.050324e-02 -2.334609e-03 9.991767e-01 2.697198e+01 2.929322e-02 9.995702e-01 1.148080e-03 -1.211664e+00 -9.987499e-01 2.922260e-02 4.055422e-02 9.048133e+01
3.925537e-02 4.878011e-04 9.992291e-01 2.783745e+01 3.018300e-02 9.995430e-01 -1.673713e-03 -1.226652e+00 -9.987732e-01 3.022543e-02 3.922271e-02 9.053798e+01
3.341684e-02 6.925873e-03 9.994175e-01 2.895078e+01 2.818694e-02 9.995717e-01 -7.869409e-03 -1.297026e+00 -9.990439e-01 2.843350e-02 3.320731e-02 9.073888e+01
2.934390e-02 9.898794e-03 9.995204e-01 2.977575e+01 2.655193e-02 9.995904e-01 -1.067900e-02 -1.319619e+00 -9.992167e-01 2.685256e-02 2.906904e-02 9.078116e+01
2.431032e-02 1.254069e-02 9.996258e-01 3.059823e+01 2.380754e-02 9.996305e-01 -1.311973e-02 -1.347653e+00 -9.994209e-01 2.411757e-02 2.400277e-02 9.081598e+01
1.793494e-02 1.491170e-02 9.997280e-01 3.144214e+01 2.146139e-02 9.996527e-01 -1.529559e-02 -1.378367e+00 -9.996088e-01 2.172988e-02 1.760869e-02 9.083521e+01
1.048082e-02 1.544035e-02 9.998259e-01 3.229620e+01 2.164092e-02 9.996431e-01 -1.566438e-02 -1.404593e+00 -9.997109e-01 2.180133e-02 1.014293e-02 9.085345e+01
1.739158e-03 1.523316e-02 9.998825e-01 3.321184e+01 2.267348e-02 9.996263e-01 -1.526869e-02 -1.436706e+00 -9.997414e-01 2.269737e-02 1.393119e-03 9.085297e+01
-7.719744e-03 1.508497e-02 9.998564e-01 3.407154e+01 2.296904e-02 9.996251e-01 -1.490414e-02 -1.468338e+00 -9.997064e-01 2.285068e-02 -8.063337e-03 9.080996e+01
-1.772789e-02 1.472021e-02 9.997345e-01 3.491068e+01 2.179889e-02 9.996596e-01 -1.433256e-02 -1.495676e+00 -9.996052e-01 2.153902e-02 -1.804274e-02 9.076452e+01
-2.814543e-02 1.567860e-02 9.994809e-01 3.572244e+01 2.093216e-02 9.996670e-01 -1.509207e-02 -1.524953e+00 -9.993847e-01 2.049652e-02 -2.846424e-02 9.073067e+01
-3.901524e-02 1.440460e-02 9.991348e-01 3.651225e+01 2.000072e-02 9.997070e-01 -1.363185e-02 -1.551703e+00 -9.990384e-01 1.945157e-02 -3.929191e-02 9.068981e+01
-5.053051e-02 1.474717e-02 9.986136e-01 3.731084e+01 2.080476e-02 9.996895e-01 -1.371032e-02 -1.570824e+00 -9.985058e-01 2.008313e-02 -5.082163e-02 9.066782e+01
-6.126266e-02 1.540302e-02 9.980028e-01 3.809787e+01 2.106270e-02 9.996782e-01 -1.413594e-02 -1.605662e+00 -9.978994e-01 2.015463e-02 -6.156738e-02 9.060879e+01
-7.216763e-02 1.624017e-02 9.972603e-01 3.888006e+01 2.196534e-02 9.996508e-01 -1.468955e-02 -1.637468e+00 -9.971506e-01 2.084506e-02 -7.249915e-02 9.055971e+01
-8.225789e-02 1.541389e-02 9.964919e-01 3.965520e+01 2.278519e-02 9.996481e-01 -1.358185e-02 -1.662702e+00 -9.963506e-01 2.158804e-02 -8.258015e-02 9.049303e+01
-9.157957e-02 1.456415e-02 9.956913e-01 4.043230e+01 2.350046e-02 9.996462e-01 -1.246052e-02 -1.679944e+00 -9.955204e-01 2.225807e-02 -9.188943e-02 9.042030e+01
-1.006107e-01 1.417140e-02 9.948249e-01 4.119121e+01 2.376503e-02 9.996475e-01 -1.183664e-02 -1.705474e+00 -9.946420e-01 2.245115e-02 -1.009120e-01 9.032174e+01
-1.099392e-01 1.342284e-02 9.938477e-01 4.192779e+01 2.390079e-02 9.996554e-01 -1.085738e-02 -1.728059e+00 -9.936509e-01 2.256009e-02 -1.102221e-01 9.023840e+01
-1.181573e-01 1.270640e-02 9.929136e-01 4.267496e+01 2.339089e-02 9.996763e-01 -1.000941e-02 -1.745234e+00 -9.927194e-01 2.204245e-02 -1.184163e-01 9.013713e+01
-1.250221e-01 1.094553e-02 9.920936e-01 4.341834e+01 2.171820e-02 9.997297e-01 -8.292879e-03 -1.772448e+00 -9.919162e-01 2.050969e-02 -1.252261e-01 9.002744e+01
-1.301723e-01 8.075339e-03 9.914585e-01 4.414339e+01 1.958602e-02 9.997927e-01 -5.571698e-03 -1.786252e+00 -9.912979e-01 1.869344e-02 -1.303034e-01 8.992965e+01
-1.343608e-01 5.320701e-03 9.909182e-01 4.487902e+01 1.746724e-02 9.998429e-01 -3.000202e-03 -1.797793e+00 -9.907785e-01 1.690549e-02 -1.344326e-01 8.983324e+01
-1.370816e-01 3.854536e-03 9.905523e-01 4.559411e+01 1.571557e-02 9.998750e-01 -1.715951e-03 -1.821246e+00 -9.904351e-01 1.533187e-02 -1.371250e-01 8.973040e+01
-1.392368e-01 4.103527e-03 9.902506e-01 4.629832e+01 1.468906e-02 9.998900e-01 -2.078078e-03 -1.842355e+00 -9.901502e-01 1.425651e-02 -1.392817e-01 8.964968e+01
-1.402880e-01 3.649833e-03 9.901040e-01 4.699751e+01 1.499300e-02 9.998864e-01 -1.561533e-03 -1.859777e+00 -9.899972e-01 1.462556e-02 -1.403268e-01 8.956943e+01
-1.392306e-01 2.638929e-03 9.902565e-01 4.765832e+01 1.561353e-02 9.998780e-01 -4.692982e-04 -1.875219e+00 -9.901369e-01 1.539606e-02 -1.392548e-01 8.948215e+01
-1.367507e-01 1.147795e-03 9.906048e-01 4.832030e+01 1.673880e-02 9.998592e-01 1.152235e-03 -1.891473e+00 -9.904641e-01 1.673911e-02 -1.367506e-01 8.941451e+01
-1.315100e-01 1.040362e-03 9.913143e-01 4.895678e+01 1.735943e-02 9.998485e-01 1.253623e-03 -1.901492e+00 -9.911628e-01 1.737352e-02 -1.315082e-01 8.934241e+01
-1.232865e-01 1.864239e-03 9.923694e-01 4.956701e+01 1.801327e-02 9.998377e-01 3.595998e-04 -1.920019e+00 -9.922076e-01 1.792015e-02 -1.233000e-01 8.927328e+01
-1.118204e-01 2.434518e-03 9.937254e-01 5.016335e+01 1.777539e-02 9.998419e-01 -4.493003e-04 -1.940566e+00 -9.935694e-01 1.761362e-02 -1.118460e-01 8.921611e+01
-9.815838e-02 2.409225e-03 9.951679e-01 5.076010e+01 1.807592e-02 9.998364e-01 -6.376088e-04 -1.962414e+00 -9.950066e-01 1.792599e-02 -9.818587e-02 8.918040e+01
-8.082336e-02 2.413871e-03 9.967255e-01 5.129989e+01 1.943883e-02 9.998107e-01 -8.450690e-04 -1.975509e+00 -9.965389e-01 1.930688e-02 -8.085499e-02 8.914861e+01
-5.933004e-02 2.882662e-03 9.982343e-01 5.184306e+01 2.219849e-02 9.997524e-01 -1.567680e-03 -1.986618e+00 -9.979916e-01 2.206628e-02 -5.937934e-02 8.913590e+01
-3.428916e-02 4.012347e-03 9.994039e-01 5.236225e+01 2.513399e-02 9.996791e-01 -3.151115e-03 -1.998470e+00 -9.990959e-01 2.501096e-02 -3.437900e-02 8.913190e+01
-5.709647e-03 4.555151e-03 9.999733e-01 5.287740e+01 2.700327e-02 9.996257e-01 -4.399384e-03 -2.005158e+00 -9.996190e-01 2.697743e-02 -5.830513e-03 8.914426e+01
2.785809e-02 4.688506e-03 9.996009e-01 5.339783e+01 2.626588e-02 9.996403e-01 -5.420700e-03 -2.015382e+00 -9.992667e-01 2.640641e-02 2.772492e-02 8.917545e+01
6.643172e-02 3.479367e-03 9.977849e-01 5.391248e+01 2.386730e-02 9.997023e-01 -5.075119e-03 -2.025203e+00 -9.975055e-01 2.415158e-02 6.632890e-02 8.922498e+01
1.095134e-01 4.083586e-03 9.939769e-01 5.440577e+01 1.972446e-02 9.997857e-01 -6.280632e-03 -2.035417e+00 -9.937896e-01 2.029347e-02 1.094093e-01 8.928730e+01
1.551216e-01 4.852427e-03 9.878835e-01 5.491980e+01 1.469248e-02 9.998660e-01 -7.218360e-03 -2.051652e+00 -9.877861e-01 1.563418e-02 1.550295e-01 8.939593e+01
2.041749e-01 7.201210e-03 9.789079e-01 5.542566e+01 1.090132e-02 9.998942e-01 -9.629327e-03 -2.057154e+00 -9.788737e-01 1.263746e-02 2.040748e-01 8.952897e+01
2.564964e-01 9.056674e-03 9.665028e-01 5.592284e+01 9.148139e-03 9.998886e-01 -1.179731e-02 -2.055149e+00 -9.665019e-01 1.186767e-02 2.563849e-01 8.968976e+01
3.121807e-01 7.847700e-03 9.499903e-01 5.639917e+01 9.153719e-03 9.998946e-01 -1.126800e-02 -2.069434e+00 -9.499786e-01 1.221360e-02 3.120760e-01 8.987429e+01
3.750682e-01 3.732440e-03 9.269897e-01 5.691547e+01 1.338207e-02 9.998659e-01 -9.440374e-03 -2.063940e+00 -9.269006e-01 1.594583e-02 3.749680e-01 9.005281e+01
4.410411e-01 -2.663801e-04 8.974869e-01 5.740728e+01 1.946300e-02 9.997676e-01 -9.267729e-03 -2.064092e+00 -8.972758e-01 2.155524e-02 4.409438e-01 9.023250e+01
5.023086e-01 -6.571951e-03 8.646635e-01 5.781131e+01 2.608193e-02 9.996313e-01 -7.553977e-03 -2.069304e+00 -8.642950e-01 2.634652e-02 5.022948e-01 9.048326e+01
5.617578e-01 -4.672111e-03 8.272886e-01 5.819563e+01 2.691869e-02 9.995578e-01 -1.263372e-02 -2.081495e+00 -8.268637e-01 2.936661e-02 5.616351e-01 9.077100e+01
6.186104e-01 -5.700922e-03 7.856772e-01 5.858327e+01 2.831845e-02 9.994857e-01 -1.504447e-02 -2.076855e+00 -7.851874e-01 3.155583e-02 6.184537e-01 9.114531e+01
6.728330e-01 -9.234746e-03 7.397368e-01 5.896500e+01 3.042409e-02 9.994216e-01 -1.519585e-02 -2.092587e+00 -7.391685e-01 3.273009e-02 6.727248e-01 9.151551e+01
7.221310e-01 -1.427739e-02 6.916089e-01 5.929651e+01 3.225035e-02 9.993947e-01 -1.304239e-02 -2.084873e+00 -6.910041e-01 3.172295e-02 7.221544e-01 9.198711e+01
7.679886e-01 -1.778239e-02 6.402166e-01 5.961811e+01 2.982660e-02 9.995229e-01 -8.016950e-03 -2.099692e+00 -6.397686e-01 2.525241e-02 7.681526e-01 9.241431e+01
8.094665e-01 -1.882847e-02 5.868641e-01 5.986935e+01 2.577618e-02 9.996617e-01 -3.480975e-03 -2.115232e+00 -5.866000e-01 1.794485e-02 8.096779e-01 9.282799e+01
8.461471e-01 -1.806309e-02 5.326433e-01 6.007455e+01 2.093942e-02 9.997805e-01 6.407635e-04 -2.138405e+00 -5.325379e-01 1.061106e-02 8.463396e-01 9.323894e+01
8.771638e-01 -1.450327e-02 4.799721e-01 6.022352e+01 1.378621e-02 9.998924e-01 5.018925e-03 -2.178669e+00 -4.799933e-01 2.214575e-03 8.772694e-01 9.364269e+01
9.030148e-01 -1.017856e-02 4.294889e-01 6.038580e+01 7.674674e-03 9.999420e-01 7.561607e-03 -2.198891e+00 -4.295409e-01 -3.532056e-03 9.030405e-01 9.408490e+01
9.232659e-01 -6.137599e-03 3.841124e-01 6.051775e+01 3.202497e-03 9.999606e-01 8.280390e-03 -2.205455e+00 -3.841481e-01 -6.414884e-03 9.232492e-01 9.451781e+01
9.385154e-01 1.612876e-03 3.452335e-01 6.062069e+01 -4.393399e-03 9.999639e-01 7.271760e-03 -2.212286e+00 -3.452093e-01 -8.341408e-03 9.384887e-01 9.499321e+01
9.504836e-01 5.805678e-03 3.107206e-01 6.072694e+01 -7.259680e-03 9.999674e-01 3.523156e-03 -2.200001e+00 -3.106900e-01 -5.604434e-03 9.504948e-01 9.551303e+01
9.601220e-01 7.215003e-03 2.794882e-01 6.084479e+01 -8.289110e-03 9.999621e-01 2.661390e-03 -2.203413e+00 -2.794584e-01 -4.871968e-03 9.601454e-01 9.597916e+01
9.660523e-01 1.714687e-03 2.583408e-01 6.094145e+01 -2.725559e-03 9.999900e-01 3.554850e-03 -2.209353e+00 -2.583321e-01 -4.138294e-03 9.660473e-01 9.655336e+01
9.700249e-01 -5.225462e-04 2.430048e-01 6.105234e+01 -6.087162e-04 9.999893e-01 4.580199e-03 -2.221431e+00 -2.430046e-01 -4.590828e-03 9.700143e-01 9.707041e+01
9.730422e-01 3.618221e-03 2.305986e-01 6.115551e+01 -4.430381e-03 9.999857e-01 3.004264e-03 -2.228098e+00 -2.305844e-01 -3.944915e-03 9.730443e-01 9.759885e+01
9.749024e-01 8.501472e-03 2.224701e-01 6.122453e+01 -9.174887e-03 9.999559e-01 1.993630e-03 -2.223632e+00 -2.224434e-01 -3.984733e-03 9.749375e-01 9.818542e+01
9.761036e-01 1.449497e-02 2.168217e-01 6.130348e+01 -1.432643e-02 9.998946e-01 -2.349218e-03 -2.208955e+00 -2.168329e-01 -8.132003e-04 9.762084e-01 9.888913e+01
9.765572e-01 1.977258e-02 2.143481e-01 6.141834e+01 -1.861358e-02 9.997992e-01 -7.424309e-03 -2.207758e+00 -2.144519e-01 3.260477e-03 9.767291e-01 9.947549e+01
9.766918e-01 2.067341e-02 2.136488e-01 6.153379e+01 -1.896440e-02 9.997697e-01 -1.004582e-02 -2.225329e+00 -2.138073e-01 5.759950e-03 9.768589e-01 1.000262e+02
9.760951e-01 1.779724e-02 2.166141e-01 6.166108e+01 -1.540138e-02 9.998002e-01 -1.274373e-02 -2.242638e+00 -2.167976e-01 9.102939e-03 9.761741e-01 1.005961e+02
9.736887e-01 1.576131e-02 2.273364e-01 6.172760e+01 -1.174092e-02 9.997500e-01 -1.902630e-02 -2.236189e+00 -2.275794e-01 1.585655e-02 9.736304e-01 1.014955e+02
9.726590e-01 1.468186e-02 2.317734e-01 6.188126e+01 -9.595593e-03 9.996881e-01 -2.305719e-02 -2.250643e+00 -2.320397e-01 2.020278e-02 9.724965e-01 1.020934e+02
9.711503e-01 2.015196e-02 2.376151e-01 6.198204e+01 -1.497670e-02 9.996101e-01 -2.356533e-02 -2.273485e+00 -2.379973e-01 1.932679e-02 9.710735e-01 1.028081e+02
9.698068e-01 2.451103e-02 2.426398e-01 6.215070e+01 -2.010341e-02 9.995851e-01 -2.062497e-02 -2.287328e+00 -2.430447e-01 1.512434e-02 9.698972e-01 1.034364e+02
9.683396e-01 2.400979e-02 2.484793e-01 6.232715e+01 -2.090206e-02 9.996669e-01 -1.513809e-02 -2.312794e+00 -2.487600e-01 9.465079e-03 9.685189e-01 1.042024e+02
9.676086e-01 2.080620e-02 2.515965e-01 6.254133e+01 -1.917777e-02 9.997763e-01 -8.922912e-03 -2.331475e+00 -2.517258e-01 3.808827e-03 9.677911e-01 1.048627e+02
9.668239e-01 1.973839e-02 2.546799e-01 6.276148e+01 -1.924227e-02 9.998050e-01 -4.439511e-03 -2.343619e+00 -2.547179e-01 -6.083932e-04 9.670152e-01 1.055875e+02
9.662039e-01 1.485623e-02 2.573506e-01 6.299088e+01 -1.457911e-02 9.998893e-01 -2.985017e-03 -2.348276e+00 -2.573665e-01 -8.678077e-04 9.663135e-01 1.063798e+02
9.663035e-01 1.046203e-02 2.571925e-01 6.325050e+01 -9.270517e-03 9.999399e-01 -5.844919e-03 -2.343563e+00 -2.572382e-01 3.263658e-03 9.663425e-01 1.071540e+02
9.664331e-01 7.082847e-03 2.568209e-01 6.343008e+01 -4.078433e-03 9.999169e-01 -1.222924e-02 -2.346213e+00 -2.568862e-01 1.077132e-02 9.663816e-01 1.078482e+02
9.666711e-01 7.285446e-03 2.559179e-01 6.362225e+01 -2.520758e-03 9.998174e-01 -1.894112e-02 -2.353764e+00 -2.560092e-01 1.766473e-02 9.665129e-01 1.085454e+02
9.672774e-01 9.066515e-03 2.535592e-01 6.378696e+01 -3.261437e-03 9.997231e-01 -2.330537e-02 -2.361920e+00 -2.537003e-01 2.171579e-02 9.670391e-01 1.092394e+02
9.679157e-01 8.553530e-03 2.511294e-01 6.395998e+01 -3.803818e-03 9.998047e-01 -1.939273e-02 -2.371662e+00 -2.512462e-01 1.781528e-02 9.677592e-01 1.099372e+02
9.683261e-01 6.360486e-03 2.496078e-01 6.413912e+01 -3.626326e-03 9.999283e-01 -1.141216e-02 -2.391028e+00 -2.496625e-01 1.014553e-02 9.682798e-01 1.106456e+02
9.689555e-01 7.631735e-03 2.471173e-01 6.431238e+01 -6.363847e-03 9.999622e-01 -5.929012e-03 -2.414728e+00 -2.471532e-01 4.172332e-03 9.689674e-01 1.113723e+02
9.692555e-01 1.084096e-02 2.458173e-01 6.447123e+01 -9.336319e-03 9.999299e-01 -7.285561e-03 -2.439440e+00 -2.458791e-01 4.766541e-03 9.692888e-01 1.121053e+02
9.696671e-01 1.497401e-02 2.439703e-01 6.464892e+01 -1.216595e-02 9.998413e-01 -1.301267e-02 -2.454724e+00 -2.441265e-01 9.649832e-03 9.696954e-01 1.128617e+02
9.705223e-01 1.502799e-02 2.405425e-01 6.481544e+01 -1.099310e-02 9.997756e-01 -1.810730e-02 -2.474817e+00 -2.407606e-01 1.492923e-02 9.704697e-01 1.136143e+02
9.714425e-01 1.287474e-02 2.369255e-01 6.498701e+01 -8.280666e-03 9.997581e-01 -2.037535e-02 -2.501688e+00 -2.371305e-01 1.783158e-02 9.713141e-01 1.143574e+02
9.723410e-01 1.080171e-02 2.333159e-01 6.516741e+01 -6.670684e-03 9.998068e-01 -1.848757e-02 -2.522312e+00 -2.334706e-01 1.641984e-02 9.722252e-01 1.151355e+02
9.731402e-01 6.713581e-03 2.301152e-01 6.534415e+01 -3.247650e-03 9.998756e-01 -1.543717e-02 -2.556261e+00 -2.301902e-01 1.427519e-02 9.730410e-01 1.159163e+02
9.735572e-01 6.567063e-03 2.283490e-01 6.552861e+01 -3.737058e-03 9.999108e-01 -1.282352e-02 -2.573813e+00 -2.284128e-01 1.163108e-02 9.734949e-01 1.167076e+02
9.739019e-01 3.961374e-03 2.269349e-01 6.572109e+01 -1.754809e-03 9.999492e-01 -9.924255e-03 -2.600711e+00 -2.269627e-01 9.267023e-03 9.738594e-01 1.175144e+02
9.740141e-01 -7.715414e-04 2.264861e-01 6.591831e+01 2.626257e-03 9.999654e-01 -7.887885e-03 -2.621594e+00 -2.264722e-01 8.277721e-03 9.739824e-01 1.183263e+02
9.741949e-01 -2.557636e-04 2.257081e-01 6.610306e+01 1.719799e-03 9.999787e-01 -6.289813e-03 -2.644261e+00 -2.257017e-01 6.515676e-03 9.741747e-01 1.191270e+02
9.740363e-01 4.951970e-03 2.263376e-01 6.627632e+01 -2.965522e-03 9.999541e-01 -9.115661e-03 -2.663355e+00 -2.263723e-01 8.207775e-03 9.740063e-01 1.199417e+02
9.738675e-01 9.792431e-03 2.269059e-01 6.645362e+01 -6.904271e-03 9.998848e-01 -1.351863e-02 -2.684729e+00 -2.270121e-01 1.159874e-02 9.738229e-01 1.207663e+02
9.735405e-01 1.778619e-02 2.278215e-01 6.662147e+01 -1.429665e-02 9.997540e-01 -1.695823e-02 -2.703939e+00 -2.280670e-01 1.325244e-02 9.735552e-01 1.215832e+02
9.727044e-01 2.348418e-02 2.308562e-01 6.679641e+01 -1.998180e-02 9.996472e-01 -1.749795e-02 -2.729628e+00 -2.311856e-01 1.240741e-02 9.728305e-01 1.224087e+02
9.719757e-01 2.636075e-02 2.335989e-01 6.698883e+01 -2.324720e-02 9.996005e-01 -1.607249e-02 -2.754471e+00 -2.339292e-01 1.019155e-02 9.722002e-01 1.232472e+02
9.713770e-01 2.654680e-02 2.360550e-01 6.719184e+01 -2.329650e-02 9.995916e-01 -1.654816e-02 -2.787131e+00 -2.363979e-01 1.057525e-02 9.715988e-01 1.240809e+02
9.709463e-01 2.486304e-02 2.380021e-01 6.739381e+01 -2.103958e-02 9.996058e-01 -1.859200e-02 -2.806414e+00 -2.383706e-01 1.304437e-02 9.710867e-01 1.248998e+02
9.707745e-01 1.894369e-02 2.392446e-01 6.760582e+01 -1.568537e-02 9.997566e-01 -1.551600e-02 -2.837949e+00 -2.394803e-01 1.130990e-02 9.708353e-01 1.257523e+02
9.707446e-01 1.199373e-02 2.398145e-01 6.782446e+01 -8.562229e-03 9.998456e-01 -1.534579e-02 -2.857780e+00 -2.399615e-01 1.284350e-02 9.706974e-01 1.266088e+02
9.704273e-01 1.131635e-02 2.411282e-01 6.803335e+01 -7.910562e-03 9.998549e-01 -1.508774e-02 -2.883864e+00 -2.412640e-01 1.273409e-02 9.703760e-01 1.274497e+02
9.699681e-01 1.491649e-02 2.427743e-01 6.823964e+01 -1.210509e-02 9.998413e-01 -1.306798e-02 -2.904828e+00 -2.429307e-01 9.736714e-03 9.699948e-01 1.283057e+02
9.696678e-01 1.810745e-02 2.437551e-01 6.843624e+01 -1.652059e-02 9.998269e-01 -8.552980e-03 -2.919360e+00 -2.438678e-01 4.266572e-03 9.697991e-01 1.291431e+02
9.692745e-01 2.262944e-02 2.449384e-01 6.863137e+01 -2.194696e-02 9.997439e-01 -5.515735e-03 -2.942399e+00 -2.450005e-01 -2.939119e-05 9.695230e-01 1.299898e+02
9.689635e-01 2.054434e-02 2.463487e-01 6.883348e+01 -1.838128e-02 9.997697e-01 -1.107706e-02 -2.969832e+00 -2.465196e-01 6.205059e-03 9.691180e-01 1.308179e+02
9.690513e-01 1.315201e-02 2.465087e-01 6.905944e+01 -7.715531e-03 9.997055e-01 -2.300688e-02 -3.002574e+00 -2.467387e-01 2.039290e-02 9.688675e-01 1.316398e+02
9.693006e-01 8.392235e-03 2.457353e-01 6.928461e+01 -8.676166e-04 9.995279e-01 -3.071309e-02 -3.026494e+00 -2.458771e-01 2.955701e-02 9.688503e-01 1.324635e+02
9.694946e-01 8.362350e-03 2.449698e-01 6.949362e+01 -3.039589e-03 9.997512e-01 -2.209825e-02 -3.041337e+00 -2.450936e-01 2.067953e-02 9.692788e-01 1.333003e+02
9.699266e-01 6.945038e-03 2.432986e-01 6.972023e+01 -6.734168e-03 9.999759e-01 -1.698414e-03 -3.063731e+00 -2.433046e-01 8.922754e-06 9.699499e-01 1.341640e+02
9.702533e-01 6.557956e-03 2.420033e-01 6.995370e+01 -9.994921e-03 9.998658e-01 1.297721e-02 -3.092156e+00 -2.418857e-01 -1.500999e-02 9.701886e-01 1.350571e+02
9.703843e-01 9.872369e-03 2.413647e-01 7.017017e+01 -1.175718e-02 9.999106e-01 6.369998e-03 -3.101259e+00 -2.412802e-01 -9.019113e-03 9.704136e-01 1.359205e+02
9.707898e-01 1.365544e-02 2.395426e-01 7.040328e+01 -1.148331e-02 9.998793e-01 -1.046125e-02 -3.107519e+00 -2.396566e-01 7.404935e-03 9.708295e-01 1.367941e+02
9.711884e-01 1.193904e-02 2.380137e-01 7.063674e+01 -7.951530e-03 9.998116e-01 -1.770636e-02 -3.123521e+00 -2.381803e-01 1.530364e-02 9.711004e-01 1.376533e+02
9.717283e-01 7.719012e-03 2.359756e-01 7.084974e+01 -3.626828e-03 9.998355e-01 -1.777070e-02 -3.145355e+00 -2.360739e-01 1.641245e-02 9.715965e-01 1.384936e+02
9.724189e-01 7.565503e-03 2.331184e-01 7.104717e+01 -3.974268e-03 9.998661e-01 -1.587106e-02 -3.182571e+00 -2.332073e-01 1.450684e-02 9.723188e-01 1.393258e+02
9.733180e-01 5.383583e-03 2.293972e-01 7.123528e+01 -1.496255e-03 9.998524e-01 -1.711641e-02 -3.203044e+00 -2.294555e-01 1.631647e-02 9.731824e-01 1.401505e+02
9.744305e-01 5.826440e-03 2.246136e-01 7.141466e+01 -1.559842e-03 9.998151e-01 -1.916805e-02 -3.231378e+00 -2.246837e-01 1.832757e-02 9.742594e-01 1.409917e+02
9.749826e-01 1.091654e-02 2.220132e-01 7.157478e+01 -6.491975e-03 9.997657e-01 -2.064932e-02 -3.258115e+00 -2.221866e-01 1.869142e-02 9.748250e-01 1.418242e+02
9.754035e-01 1.697003e-02 2.197726e-01 7.174742e+01 -1.232467e-02 9.996711e-01 -2.249104e-02 -3.278943e+00 -2.200820e-01 1.922922e-02 9.752918e-01 1.426327e+02
9.759058e-01 1.822290e-02 2.174298e-01 7.194001e+01 -1.398208e-02 9.996811e-01 -2.102701e-02 -3.313369e+00 -2.177436e-01 1.748026e-02 9.758495e-01 1.434694e+02
9.762962e-01 1.648985e-02 2.158096e-01 7.213761e+01 -1.334032e-02 9.997823e-01 -1.604267e-02 -3.345643e+00 -2.160272e-01 1.278343e-02 9.763037e-01 1.443042e+02
9.766822e-01 1.503604e-02 2.141628e-01 7.232775e+01 -1.191718e-02 9.998034e-01 -1.584675e-02 -3.375918e+00 -2.143590e-01 1.292502e-02 9.766694e-01 1.451371e+02
9.771996e-01 1.236846e-02 2.119624e-01 7.248839e+01 -8.646805e-03 9.997919e-01 -1.847605e-02 -3.399210e+00 -2.121468e-01 1.622199e-02 9.771032e-01 1.459363e+02
9.781594e-01 6.793984e-03 2.077451e-01 7.264674e+01 -2.435303e-03 9.997717e-01 -2.122947e-02 -3.419011e+00 -2.078418e-01 2.025989e-02 9.779526e-01 1.467338e+02
9.794452e-01 3.108398e-03 2.016863e-01 7.279998e+01 1.296758e-03 9.997636e-01 -2.170582e-02 -3.444030e+00 -2.017061e-01 2.152120e-02 9.792096e-01 1.475293e+02
9.807575e-01 1.733017e-03 1.952223e-01 7.295403e+01 1.518151e-03 9.998627e-01 -1.650281e-02 -3.466299e+00 -1.952241e-01 1.648163e-02 9.806202e-01 1.483288e+02
9.819898e-01 6.866590e-04 1.889327e-01 7.310629e+01 9.122173e-04 9.999645e-01 -8.375590e-03 -3.485470e+00 -1.889317e-01 8.397092e-03 9.819543e-01 1.491336e+02
9.827866e-01 -5.036051e-04 1.847438e-01 7.325789e+01 3.248454e-04 9.999994e-01 9.978747e-04 -3.503358e+00 -1.847442e-01 -9.206846e-04 9.827862e-01 1.499328e+02
9.834516e-01 6.653220e-03 1.810491e-01 7.337708e+01 -7.159791e-03 9.999721e-01 2.144574e-03 -3.516940e+00 -1.810297e-01 -3.405359e-03 9.834717e-01 1.507289e+02
9.843000e-01 8.641444e-03 1.762918e-01 7.350563e+01 -8.267190e-03 9.999617e-01 -2.857299e-03 -3.530867e+00 -1.763098e-01 1.355002e-03 9.843338e-01 1.515069e+02
9.855554e-01 7.183549e-03 1.692007e-01 7.363200e+01 -5.106891e-03 9.999062e-01 -1.270534e-02 -3.550897e+00 -1.692761e-01 1.165773e-02 9.854997e-01 1.522883e+02
9.866553e-01 3.026028e-03 1.627949e-01 7.376554e+01 -2.091344e-04 9.998500e-01 -1.731769e-02 -3.567936e+00 -1.628229e-01 1.705254e-02 9.865079e-01 1.530827e+02
9.877605e-01 2.468681e-03 1.559585e-01 7.389931e+01 1.156674e-04 9.998629e-01 -1.655950e-02 -3.584539e+00 -1.559780e-01 1.637486e-02 9.876248e-01 1.539136e+02
9.889143e-01 9.066349e-03 1.482102e-01 7.400431e+01 -7.011927e-03 9.998720e-01 -1.437819e-02 -3.606950e+00 -1.483215e-01 1.317956e-02 9.888514e-01 1.547354e+02
9.899945e-01 1.354587e-02 1.404544e-01 7.409759e+01 -1.132240e-02 9.997978e-01 -1.661765e-02 -3.634578e+00 -1.406511e-01 1.486111e-02 9.899477e-01 1.555548e+02
9.913196e-01 1.538498e-02 1.305712e-01 7.419526e+01 -1.248501e-02 9.996575e-01 -2.299951e-02 -3.658497e+00 -1.308803e-01 2.116968e-02 9.911721e-01 1.563810e+02
9.924275e-01 1.305222e-02 1.221367e-01 7.430156e+01 -1.003884e-02 9.996306e-01 -2.525513e-02 -3.690486e+00 -1.224212e-01 2.383778e-02 9.921919e-01 1.572504e+02
9.933895e-01 1.273081e-02 1.140847e-01 7.438931e+01 -1.016714e-02 9.996832e-01 -2.302545e-02 -3.712783e+00 -1.143417e-01 2.171332e-02 9.932042e-01 1.581388e+02
9.942088e-01 1.562503e-02 1.063239e-01 7.446000e+01 -1.390466e-02 9.997605e-01 -1.690258e-02 -3.733093e+00 -1.065626e-01 1.532629e-02 9.941879e-01 1.590333e+02
9.949727e-01 2.056721e-02 9.801137e-02 7.452264e+01 -1.941480e-02 9.997309e-01 -1.269725e-02 -3.754015e+00 -9.824614e-02 1.073054e-02 9.951043e-01 1.599609e+02
9.957152e-01 1.999273e-02 9.028593e-02 7.459168e+01 -1.916374e-02 9.997660e-01 -1.003952e-02 -3.766510e+00 -9.046552e-02 8.266283e-03 9.958653e-01 1.608217e+02
9.962382e-01 2.007964e-02 8.429917e-02 7.464336e+01 -1.942484e-02 9.997745e-01 -8.580685e-03 -3.783419e+00 -8.445246e-02 6.910908e-03 9.964035e-01 1.617288e+02
9.965279e-01 1.847618e-02 8.118407e-02 7.467424e+01 -1.767532e-02 9.997879e-01 -1.057242e-02 -3.811196e+00 -8.136219e-02 9.100755e-03 9.966431e-01 1.626913e+02
9.967663e-01 2.358491e-02 7.681660e-02 7.472073e+01 -2.235947e-02 9.996093e-01 -1.677410e-02 -3.832075e+00 -7.718220e-02 1.500228e-02 9.969041e-01 1.635176e+02
9.968656e-01 2.961389e-02 7.336261e-02 7.476228e+01 -2.792276e-02 9.993226e-01 -2.397125e-02 -3.863451e+00 -7.402280e-02 2.184763e-02 9.970172e-01 1.643384e+02
9.970679e-01 3.105776e-02 6.993551e-02 7.482735e+01 -2.926780e-02 9.992209e-01 -2.647546e-02 -3.897355e+00 -7.070330e-02 2.435098e-02 9.972001e-01 1.652025e+02
9.972280e-01 3.266355e-02 6.685326e-02 7.486378e+01 -3.136200e-02 9.992993e-01 -2.042681e-02 -3.935193e+00 -6.747363e-02 1.827353e-02 9.975537e-01 1.660538e+02
9.973068e-01 3.526838e-02 6.430645e-02 7.491724e+01 -3.466599e-02 9.993442e-01 -1.045968e-02 -3.964265e+00 -6.463317e-02 8.202264e-03 9.978754e-01 1.669661e+02
9.974561e-01 3.729182e-02 6.075108e-02 7.495707e+01 -3.713551e-02 9.993034e-01 -3.700321e-03 -3.982514e+00 -6.084675e-02 1.434885e-03 9.981461e-01 1.678250e+02
9.978771e-01 3.337743e-02 5.592257e-02 7.499757e+01 -3.305437e-02 9.994312e-01 -6.692127e-03 -4.018166e+00 -5.611412e-02 4.829434e-03 9.984127e-01 1.686764e+02
9.985011e-01 2.060076e-02 5.070710e-02 7.504598e+01 -1.980401e-02 9.996732e-01 -1.616560e-02 -4.040717e+00 -5.102356e-02 1.513717e-02 9.985827e-01 1.694839e+02
9.988766e-01 1.805003e-02 4.381501e-02 7.508589e+01 -1.713232e-02 9.996278e-01 -2.123104e-02 -4.053135e+00 -4.418192e-02 2.045654e-02 9.988140e-01 1.702920e+02
9.990705e-01 2.188867e-02 3.713486e-02 7.509741e+01 -2.114654e-02 9.995711e-01 -2.026118e-02 -4.078523e+00 -3.756242e-02 1.945708e-02 9.991048e-01 1.711183e+02
9.993822e-01 1.956175e-02 2.919909e-02 7.511701e+01 -1.914604e-02 9.997123e-01 -1.444941e-02 -4.101748e+00 -2.947335e-02 1.388144e-02 9.994692e-01 1.719667e+02
9.996563e-01 1.438155e-02 2.191860e-02 7.512731e+01 -1.413624e-02 9.998362e-01 -1.130618e-02 -4.125679e+00 -2.207761e-02 1.099245e-02 9.996958e-01 1.727981e+02
9.998497e-01 5.561913e-03 1.641966e-02 7.513530e+01 -5.446449e-03 9.999602e-01 -7.068452e-03 -4.148621e+00 -1.645833e-02 6.977961e-03 9.998402e-01 1.736646e+02
9.999410e-01 2.000690e-03 1.067890e-02 7.513929e+01 -1.925422e-03 9.999733e-01 -7.053946e-03 -4.179926e+00 -1.069273e-02 7.032968e-03 9.999181e-01 1.745428e+02
9.999895e-01 -6.922347e-04 4.520733e-03 7.515392e+01 7.540795e-04 9.999060e-01 -1.369290e-02 -4.217411e+00 -4.510830e-03 1.369617e-02 9.998960e-01 1.753832e+02
9.999524e-01 -9.351211e-03 -2.793358e-03 7.516355e+01 9.280592e-03 9.996615e-01 -2.430621e-02 -4.234731e+00 3.019705e-03 2.427912e-02 9.997007e-01 1.762502e+02
9.997556e-01 -2.013540e-02 -9.123713e-03 7.516587e+01 1.987132e-02 9.994057e-01 -2.816519e-02 -4.268163e+00 9.685409e-03 2.797701e-02 9.995616e-01 1.770961e+02
9.997143e-01 -1.781552e-02 -1.593192e-02 7.515532e+01 1.748137e-02 9.996293e-01 -2.087238e-02 -4.294296e+00 1.629787e-02 2.058791e-02 9.996552e-01 1.779623e+02
9.997514e-01 -8.081090e-03 -2.078073e-02 7.510764e+01 7.925712e-03 9.999401e-01 -7.548519e-03 -4.323983e+00 2.084048e-02 7.381941e-03 9.997556e-01 1.788838e+02
9.996723e-01 -3.506331e-03 -2.535672e-02 7.506067e+01 3.510038e-03 9.999938e-01 1.016532e-04 -4.348063e+00 2.535621e-02 -1.906229e-04 9.996785e-01 1.797339e+02
9.995799e-01 -3.134226e-03 -2.881215e-02 7.502862e+01 3.054295e-03 9.999914e-01 -2.817804e-03 -4.370233e+00 2.882073e-02 2.728620e-03 9.995809e-01 1.805850e+02
9.995195e-01 -1.230794e-03 -3.097210e-02 7.499668e+01 8.076905e-04 9.999062e-01 -1.366961e-02 -4.387723e+00 3.098602e-02 1.363802e-02 9.994268e-01 1.814314e+02
9.993952e-01 9.621582e-03 -3.341572e-02 7.493969e+01 -1.039311e-02 9.996816e-01 -2.299241e-02 -4.401928e+00 3.318386e-02 2.332579e-02 9.991770e-01 1.823002e+02
9.993399e-01 7.487702e-03 -3.554989e-02 7.490464e+01 -8.437407e-03 9.996095e-01 -2.664027e-02 -4.429857e+00 3.533653e-02 2.692263e-02 9.990128e-01 1.831598e+02
9.992873e-01 1.905878e-03 -3.770081e-02 7.487047e+01 -2.737774e-03 9.997536e-01 -2.202644e-02 -4.460508e+00 3.764954e-02 2.211396e-02 9.990463e-01 1.840518e+02
9.992680e-01 1.798646e-03 -3.821381e-02 7.484708e+01 -2.305250e-03 9.999100e-01 -1.321716e-02 -4.484364e+00 3.818660e-02 1.329558e-02 9.991822e-01 1.849161e+02
9.992808e-01 3.222404e-03 -3.778306e-02 7.479458e+01 -3.516358e-03 9.999640e-01 -7.716170e-03 -4.502513e+00 3.775684e-02 7.843479e-03 9.992562e-01 1.857783e+02
9.992288e-01 2.565968e-03 -3.918297e-02 7.474653e+01 -2.904651e-03 9.999589e-01 -8.589158e-03 -4.526955e+00 3.915932e-02 8.696346e-03 9.991951e-01 1.866538e+02
9.991703e-01 1.041050e-04 -4.072692e-02 7.469998e+01 -8.274810e-04 9.998422e-01 -1.774517e-02 -4.554528e+00 4.071864e-02 1.776414e-02 9.990127e-01 1.875261e+02
9.990281e-01 -1.025410e-02 -4.286851e-02 7.468486e+01 8.984977e-03 9.995187e-01 -2.969364e-02 -4.586105e+00 4.315236e-02 2.927961e-02 9.986394e-01 1.883962e+02
9.987756e-01 -2.062941e-02 -4.496349e-02 7.466729e+01 1.910428e-02 9.992362e-01 -3.408914e-02 -4.621297e+00 4.563238e-02 3.318841e-02 9.984068e-01 1.892462e+02
9.987324e-01 -1.904716e-02 -4.659144e-02 7.463792e+01 1.767403e-02 9.994023e-01 -2.970834e-02 -4.655447e+00 4.712945e-02 2.884722e-02 9.984722e-01 1.901372e+02
9.987566e-01 -1.258152e-02 -4.823819e-02 7.461038e+01 1.168414e-02 9.997542e-01 -1.884013e-02 -4.700152e+00 4.846337e-02 1.825308e-02 9.986582e-01 1.911073e+02
9.986984e-01 -1.124306e-02 -4.974969e-02 7.457767e+01 1.048653e-02 9.998258e-01 -1.544159e-02 -4.740257e+00 4.991464e-02 1.489979e-02 9.986423e-01 1.920478e+02
9.986415e-01 -9.671651e-03 -5.120178e-02 7.457574e+01 8.700280e-03 9.997786e-01 -1.916044e-02 -4.777051e+00 5.137576e-02 1.868894e-02 9.985045e-01 1.930214e+02
9.986594e-01 -9.818469e-03 -5.082420e-02 7.452711e+01 8.516755e-03 9.996317e-01 -2.576560e-02 -4.803249e+00 5.105846e-02 2.529820e-02 9.983752e-01 1.938869e+02
9.986550e-01 -2.582774e-03 -5.178349e-02 7.448331e+01 1.239897e-03 9.996625e-01 -2.594790e-02 -4.839197e+00 5.183303e-02 2.584880e-02 9.983212e-01 1.947743e+02
9.986472e-01 -8.149778e-04 -5.199157e-02 7.442535e+01 -3.614966e-04 9.997442e-01 -2.261476e-02 -4.878107e+00 5.199670e-02 2.260296e-02 9.983914e-01 1.956335e+02
9.985870e-01 2.191773e-03 -5.309560e-02 7.437551e+01 -3.200244e-03 9.998160e-01 -1.891594e-02 -4.919944e+00 5.304436e-02 1.905913e-02 9.984103e-01 1.964731e+02
9.985667e-01 4.916777e-03 -5.329453e-02 7.432333e+01 -5.770036e-03 9.998574e-01 -1.586822e-02 -4.953037e+00 5.320891e-02 1.615298e-02 9.984527e-01 1.973155e+02
9.985046e-01 7.562469e-03 -5.414188e-02 7.426967e+01 -8.456317e-03 9.998314e-01 -1.629935e-02 -4.978713e+00 5.400949e-02 1.673282e-02 9.984002e-01 1.981570e+02
9.984874e-01 4.977806e-03 -5.475439e-02 7.422210e+01 -6.063432e-03 9.997880e-01 -1.967898e-02 -5.026119e+00 5.464482e-02 1.998121e-02 9.983059e-01 1.990038e+02
9.984165e-01 6.760042e-03 -5.584678e-02 7.416191e+01 -8.159152e-03 9.996576e-01 -2.486275e-02 -5.056244e+00 5.565958e-02 2.527904e-02 9.981297e-01 1.998868e+02
9.983568e-01 7.990675e-03 -5.674309e-02 7.407437e+01 -9.420405e-03 9.996437e-01 -2.497392e-02 -5.070060e+00 5.652331e-02 2.546743e-02 9.980764e-01 2.008648e+02
9.983445e-01 7.297765e-03 -5.705338e-02 7.394817e+01 -8.239176e-03 9.998335e-01 -1.628275e-02 -5.073978e+00 5.692505e-02 1.672587e-02 9.982383e-01 2.018491e+02
9.983364e-01 5.416481e-03 -5.740313e-02 7.384109e+01 -5.894119e-03 9.999494e-01 -8.154736e-03 -5.090316e+00 5.735605e-02 8.479511e-03 9.983178e-01 2.027642e+02
9.983771e-01 -2.750165e-04 -5.694826e-02 7.376484e+01 -8.568924e-05 9.999800e-01 -6.331383e-03 -5.129959e+00 5.694886e-02 6.325987e-03 9.983571e-01 2.035747e+02
9.985451e-01 -1.645434e-03 -5.389782e-02 7.358919e+01 9.307307e-04 9.999113e-01 -1.328276e-02 -5.165944e+00 5.391490e-02 1.321327e-02 9.984581e-01 2.044698e+02
9.985867e-01 9.672093e-04 -5.313761e-02 7.352872e+01 -1.918080e-03 9.998389e-01 -1.784640e-02 -5.192195e+00 5.311179e-02 1.792310e-02 9.984277e-01 2.052473e+02
9.986430e-01 7.367799e-04 -5.207323e-02 7.347657e+01 -1.967436e-03 9.997199e-01 -2.358588e-02 -5.224424e+00 5.204127e-02 2.365633e-02 9.983647e-01 2.059758e+02
9.986660e-01 -1.429100e-03 -5.161664e-02 7.343878e+01 2.090483e-05 9.996280e-01 -2.727204e-02 -5.253039e+00 5.163642e-02 2.723458e-02 9.982945e-01 2.066717e+02
9.988023e-01 -4.266181e-03 -4.874137e-02 7.340676e+01 2.696504e-03 9.994770e-01 -3.222468e-02 -5.279790e+00 4.885335e-02 3.205465e-02 9.982915e-01 2.073662e+02
9.989955e-01 -6.235830e-03 -4.437473e-02 7.338188e+01 4.726242e-03 9.994092e-01 -3.404305e-02 -5.299036e+00 4.456080e-02 3.379913e-02 9.984348e-01 2.080420e+02
9.992160e-01 -4.660938e-03 -3.931591e-02 7.335016e+01 3.520528e-03 9.995725e-01 -2.902586e-02 -5.328242e+00 3.943439e-02 2.886469e-02 9.988052e-01 2.087157e+02
9.994511e-01 -2.788515e-04 -3.312760e-02 7.332096e+01 -3.626744e-04 9.998126e-01 -1.935771e-02 -5.362602e+00 3.312679e-02 1.935910e-02 9.992636e-01 2.094021e+02
9.996203e-01 5.809930e-03 -2.693428e-02 7.327827e+01 -6.206481e-03 9.998732e-01 -1.466274e-02 -5.393274e+00 2.684568e-02 1.482434e-02 9.995297e-01 2.100853e+02
9.997570e-01 6.944156e-03 -2.092291e-02 7.326293e+01 -7.285014e-03 9.998413e-01 -1.625922e-02 -5.413819e+00 2.080669e-02 1.640769e-02 9.996489e-01 2.107464e+02
9.998871e-01 5.756146e-03 -1.387754e-02 7.326031e+01 -6.086438e-03 9.996964e-01 -2.387691e-02 -5.443284e+00 1.373588e-02 2.395868e-02 9.996186e-01 2.114218e+02
9.999530e-01 6.859581e-03 -6.849790e-03 7.326570e+01 -7.083407e-03 9.994235e-01 -3.320508e-02 -5.459438e+00 6.618067e-03 3.325204e-02 9.994251e-01 2.120775e+02
9.999522e-01 9.780452e-03 1.422105e-04 7.326361e+01 -9.767941e-03 9.992268e-01 -3.808452e-02 -5.490760e+00 -5.145844e-04 3.808131e-02 9.992745e-01 2.127248e+02
9.999256e-01 9.747656e-03 7.334175e-03 7.327730e+01 -9.470639e-03 9.992740e-01 -3.690188e-02 -5.519699e+00 -7.688557e-03 3.682967e-02 9.992920e-01 2.133937e+02
9.998930e-01 6.352517e-03 1.317637e-02 7.329510e+01 -5.931835e-03 9.994791e-01 -3.172404e-02 -5.545550e+00 -1.337103e-02 3.164249e-02 9.994098e-01 2.140542e+02
9.998153e-01 -9.125803e-04 1.919867e-02 7.333103e+01 1.411183e-03 9.996616e-01 -2.597318e-02 -5.575909e+00 -1.916848e-02 2.599547e-02 9.994783e-01 2.147190e+02
9.996689e-01 -6.420706e-03 2.491892e-02 7.335742e+01 7.029289e-03 9.996773e-01 -2.441229e-02 -5.606399e+00 -2.475413e-02 2.457937e-02 9.993914e-01 2.153651e+02
9.995735e-01 -5.049982e-03 2.876243e-02 7.337208e+01 5.721433e-03 9.997119e-01 -2.331048e-02 -5.636160e+00 -2.863643e-02 2.346510e-02 9.993144e-01 2.160296e+02
9.995596e-01 -1.546073e-03 2.963427e-02 7.338675e+01 2.203725e-03 9.997517e-01 -2.217250e-02 -5.653443e+00 -2.959263e-02 2.222805e-02 9.993149e-01 2.166903e+02
9.995642e-01 -1.407278e-03 2.948451e-02 7.340603e+01 1.998080e-03 9.997976e-01 -2.001786e-02 -5.683024e+00 -2.945037e-02 2.006805e-02 9.993648e-01 2.173633e+02
9.996043e-01 -1.545522e-03 2.808516e-02 7.343479e+01 2.026195e-03 9.998518e-01 -1.709446e-02 -5.709775e+00 -2.805457e-02 1.714460e-02 9.994594e-01 2.180314e+02
9.995996e-01 -2.882253e-04 2.829344e-02 7.344465e+01 7.195185e-04 9.998837e-01 -1.523458e-02 -5.734925e+00 -2.828575e-02 1.524884e-02 9.994836e-01 2.186891e+02
9.995769e-01 8.136721e-03 2.792559e-02 7.345319e+01 -7.560518e-03 9.997576e-01 -2.067746e-02 -5.751419e+00 -2.808707e-02 2.045758e-02 9.993961e-01 2.193531e+02
9.995659e-01 1.302535e-02 2.642686e-02 7.347624e+01 -1.223914e-02 9.994840e-01 -2.969722e-02 -5.774791e+00 -2.680004e-02 2.936089e-02 9.992095e-01 2.200341e+02
9.996546e-01 1.049423e-02 2.409352e-02 7.350219e+01 -9.567353e-03 9.992217e-01 -3.826809e-02 -5.811379e+00 -2.447636e-02 3.802436e-02 9.989770e-01 2.207453e+02
9.997856e-01 4.384983e-03 2.023557e-02 7.353937e+01 -3.521755e-03 9.990903e-01 -4.249912e-02 -5.842865e+00 -2.040352e-02 4.241875e-02 9.988916e-01 2.214363e+02
9.998537e-01 5.475280e-03 1.620294e-02 7.354385e+01 -4.870764e-03 9.992991e-01 -3.711612e-02 -5.864729e+00 -1.639480e-02 3.703177e-02 9.991796e-01 2.221277e+02
9.998572e-01 1.218381e-02 1.171031e-02 7.354093e+01 -1.188817e-02 9.996169e-01 -2.499284e-02 -5.894358e+00 -1.201033e-02 2.485006e-02 9.996190e-01 2.228324e+02
9.999479e-01 7.166959e-03 7.267263e-03 7.354471e+01 -7.085843e-03 9.999130e-01 -1.112693e-02 -5.919091e+00 -7.346376e-03 1.107485e-02 9.999117e-01 2.235242e+02
9.999965e-01 4.023107e-04 2.632255e-03 7.355813e+01 -3.979485e-04 9.999985e-01 -1.657525e-03 -5.946179e+00 -2.632918e-03 1.656472e-03 9.999952e-01 2.242208e+02
9.999985e-01 -1.537412e-03 -8.571536e-04 7.356480e+01 1.534089e-03 9.999914e-01 -3.864661e-03 -5.960469e+00 8.630878e-04 3.863340e-03 9.999922e-01 2.249441e+02
9.999894e-01 3.161987e-03 -3.358908e-03 7.354961e+01 -3.195827e-03 9.999437e-01 -1.011742e-02 -5.979550e+00 3.326727e-03 1.012804e-02 9.999432e-01 2.256494e+02
9.999713e-01 1.122304e-03 -7.498866e-03 7.352721e+01 -1.264724e-03 9.998184e-01 -1.901464e-02 -5.994112e+00 7.476164e-03 1.902357e-02 9.997911e-01 2.263889e+02
9.999344e-01 -6.675033e-03 -9.310794e-03 7.352114e+01 6.445978e-03 9.996811e-01 -2.441779e-02 -6.000955e+00 9.470814e-03 2.435617e-02 9.996585e-01 2.270991e+02
9.998463e-01 -1.440209e-02 -9.998613e-03 7.351742e+01 1.420348e-02 9.997059e-01 -1.965864e-02 -6.020151e+00 1.027880e-02 1.951360e-02 9.997568e-01 2.278195e+02
9.996887e-01 -2.187068e-02 -1.200611e-02 7.352804e+01 2.168514e-02 9.996467e-01 -1.537214e-02 -6.050369e+00 1.233807e-02 1.510700e-02 9.998098e-01 2.285554e+02
9.995752e-01 -2.582098e-02 -1.351875e-02 7.351505e+01 2.565347e-02 9.995937e-01 -1.242078e-02 -6.080143e+00 1.383397e-02 1.206870e-02 9.998315e-01 2.292669e+02
9.995037e-01 -2.788494e-02 -1.465628e-02 7.349886e+01 2.765651e-02 9.994963e-01 -1.556429e-02 -6.100702e+00 1.508291e-02 1.515122e-02 9.997714e-01 2.299728e+02
9.993370e-01 -3.282747e-02 -1.574584e-02 7.350104e+01 3.250501e-02 9.992651e-01 -2.031542e-02 -6.129612e+00 1.640117e-02 1.979013e-02 9.996696e-01 2.306868e+02
9.989841e-01 -4.180071e-02 -1.683862e-02 7.348902e+01 4.143269e-02 9.989069e-01 -2.164201e-02 -6.151307e+00 1.772486e-02 2.092236e-02 9.996240e-01 2.314477e+02
9.988876e-01 -4.325292e-02 -1.878365e-02 7.349960e+01 4.290024e-02 9.989027e-01 -1.878967e-02 -6.177752e+00 1.957574e-02 1.796294e-02 9.996470e-01 2.322081e+02
9.987992e-01 -4.505229e-02 -1.924506e-02 7.348466e+01 4.477746e-02 9.988920e-01 -1.448048e-02 -6.203424e+00 1.987612e-02 1.360135e-02 9.997099e-01 2.329379e+02
9.987150e-01 -4.614715e-02 -2.094774e-02 7.349224e+01 4.590729e-02 9.988761e-01 -1.179027e-02 -6.223762e+00 2.146828e-02 1.081347e-02 9.997110e-01 2.336683e+02
9.986449e-01 -4.745944e-02 -2.135519e-02 7.347290e+01 4.715878e-02 9.987840e-01 -1.436957e-02 -6.248062e+00 2.201120e-02 1.334301e-02 9.996687e-01 2.343622e+02
9.985619e-01 -4.944821e-02 -2.071210e-02 7.344496e+01 4.901123e-02 9.985753e-01 -2.109927e-02 -6.296695e+00 2.172591e-02 2.005380e-02 9.995628e-01 2.350481e+02
9.985093e-01 -5.033002e-02 -2.112264e-02 7.342989e+01 4.967628e-02 9.983023e-01 -3.041063e-02 -6.327853e+00 2.261735e-02 2.931600e-02 9.993143e-01 2.357339e+02
9.986312e-01 -4.786602e-02 -2.108437e-02 7.340633e+01 4.709264e-02 9.982501e-01 -3.576445e-02 -6.362146e+00 2.275937e-02 3.472258e-02 9.991378e-01 2.364008e+02
9.988071e-01 -4.406855e-02 -2.102956e-02 7.339183e+01 4.332829e-02 9.984669e-01 -3.444630e-02 -6.392842e+00 2.251532e-02 3.349403e-02 9.991853e-01 2.370485e+02
9.987463e-01 -4.552188e-02 -2.082084e-02 7.337912e+01 4.493511e-02 9.986021e-01 -2.783133e-02 -6.429931e+00 2.205867e-02 2.686085e-02 9.993958e-01 2.376954e+02
9.986548e-01 -4.714802e-02 -2.157990e-02 7.337457e+01 4.672219e-02 9.987111e-01 -1.982884e-02 -6.471640e+00 2.248698e-02 1.879391e-02 9.995705e-01 2.383356e+02
9.986716e-01 -4.665171e-02 -2.187633e-02 7.336904e+01 4.633268e-02 9.988154e-01 -1.487080e-02 -6.504984e+00 2.254417e-02 1.383746e-02 9.996501e-01 2.389693e+02
9.987455e-01 -4.475114e-02 -2.246633e-02 7.335500e+01 4.450504e-02 9.989448e-01 -1.133724e-02 -6.536961e+00 2.294997e-02 1.032315e-02 9.996833e-01 2.395633e+02
9.985726e-01 -4.698140e-02 -2.540565e-02 7.335280e+01 4.678458e-02 9.988706e-01 -8.287076e-03 -6.565427e+00 2.576629e-02 7.086654e-03 9.996429e-01 2.401661e+02
9.980985e-01 -5.351890e-02 -3.057964e-02 7.335240e+01 5.328187e-02 9.985432e-01 -8.514771e-03 -6.594521e+00 3.099079e-02 6.869239e-03 9.994961e-01 2.407323e+02
9.976003e-01 -5.744766e-02 -3.864402e-02 7.333718e+01 5.708365e-02 9.983146e-01 -1.045875e-02 -6.618913e+00 3.917972e-02 8.227707e-03 9.991983e-01 2.412850e+02
9.969950e-01 -5.960556e-02 -4.947857e-02 7.330936e+01 5.898188e-02 9.981613e-01 -1.397209e-02 -6.646100e+00 5.022040e-02 1.101176e-02 9.986775e-01 2.418218e+02
9.961453e-01 -6.004536e-02 -6.394568e-02 7.327548e+01 5.905070e-02 9.981045e-01 -1.733454e-02 -6.664402e+00 6.486533e-02 1.349168e-02 9.978028e-01 2.423414e+02
9.946873e-01 -6.087758e-02 -8.301317e-02 7.322908e+01 5.948183e-02 9.980450e-01 -1.918661e-02 -6.684208e+00 8.401891e-02 1.414690e-02 9.963637e-01 2.428449e+02
9.923965e-01 -6.452025e-02 -1.048152e-01 7.316565e+01 6.297978e-02 9.978535e-01 -1.794435e-02 -6.704362e+00 1.057480e-01 1.120667e-02 9.943298e-01 2.433425e+02
9.895779e-01 -6.260907e-02 -1.296750e-01 7.308931e+01 6.131651e-02 9.980210e-01 -1.394026e-02 -6.739188e+00 1.302912e-01 5.843754e-03 9.914586e-01 2.438360e+02
9.853865e-01 -6.365049e-02 -1.579937e-01 7.300662e+01 6.272960e-02 9.979720e-01 -1.081374e-02 -6.756929e+00 1.583616e-01 7.448364e-04 9.873809e-01 2.442974e+02
9.795949e-01 -6.461550e-02 -1.903121e-01 7.290913e+01 6.390368e-02 9.979071e-01 -9.881416e-03 -6.789671e+00 1.905523e-01 -2.481857e-03 9.816739e-01 2.447557e+02
9.721590e-01 -6.100201e-02 -2.262424e-01 7.279288e+01 6.011175e-02 9.981329e-01 -1.082884e-02 -6.816714e+00 2.264806e-01 -3.072470e-03 9.740108e-01 2.451857e+02
9.623894e-01 -5.663934e-02 -2.657040e-01 7.262582e+01 5.511433e-02 9.983928e-01 -1.319838e-02 -6.826480e+00 2.660245e-01 -1.942112e-03 9.639643e-01 2.456230e+02
9.497783e-01 -5.179988e-02 -3.086066e-01 7.245568e+01 4.990322e-02 9.986554e-01 -1.404126e-02 -6.838844e+00 3.089190e-01 -2.064376e-03 9.510861e-01 2.460440e+02
9.344623e-01 -4.553586e-02 -3.531384e-01 7.225144e+01 4.415903e-02 9.989529e-01 -1.195916e-02 -6.861114e+00 3.533132e-01 -4.418866e-03 9.354947e-01 2.464486e+02
9.158148e-01 -3.399279e-02 -4.001597e-01 7.204473e+01 3.369161e-02 9.994019e-01 -7.789857e-03 -6.884480e+00 4.001852e-01 -6.347962e-03 9.164123e-01 2.468365e+02
8.936945e-01 -1.961137e-02 -4.482472e-01 7.180008e+01 2.078853e-02 9.997813e-01 -2.294468e-03 -6.887817e+00 4.481941e-01 -7.267844e-03 8.939067e-01 2.472188e+02
8.674405e-01 -6.073582e-03 -4.975038e-01 7.154218e+01 9.889416e-03 9.999384e-01 5.035685e-03 -6.896922e+00 4.974426e-01 -9.288180e-03 8.674472e-01 2.475869e+02
8.368339e-01 3.911241e-03 -5.474429e-01 7.128057e+01 2.650736e-03 9.999338e-01 1.119607e-02 -6.900109e+00 5.474504e-01 -1.082038e-02 8.367681e-01 2.479337e+02
8.026152e-01 1.111467e-02 -5.963936e-01 7.098295e+01 -1.667249e-03 9.998643e-01 1.639018e-02 -6.885950e+00 5.964948e-01 -1.216067e-02 8.025248e-01 2.482728e+02
7.659553e-01 1.700957e-02 -6.426688e-01 7.066989e+01 -1.898016e-03 9.997054e-01 2.419717e-02 -6.874674e+00 6.428910e-01 -1.731415e-02 7.657619e-01 2.485861e+02
7.271525e-01 2.409496e-02 -6.860530e-01 7.033692e+01 9.774976e-04 9.993465e-01 3.613425e-02 -6.859367e+00 6.864753e-01 -2.694572e-02 7.266537e-01 2.488921e+02
6.869300e-01 3.256938e-02 -7.259934e-01 6.999194e+01 2.683368e-03 9.988747e-01 4.735031e-02 -6.839579e+00 7.267186e-01 -3.447446e-02 6.860696e-01 2.491611e+02
6.446128e-01 4.155266e-02 -7.633791e-01 6.967133e+01 2.690061e-03 9.983924e-01 5.661657e-02 -6.836130e+00 7.645045e-01 -3.854930e-02 6.434647e-01 2.493958e+02
5.997968e-01 4.752057e-02 -7.987400e-01 6.923515e+01 1.723060e-03 9.981559e-01 6.067860e-02 -6.805277e+00 8.001505e-01 -3.777111e-02 5.986088e-01 2.496804e+02
5.523494e-01 5.216073e-02 -8.319792e-01 6.880329e+01 1.745968e-03 9.979659e-01 6.372637e-02 -6.789214e+00 8.336109e-01 -3.665183e-02 5.511348e-01 2.499214e+02
5.018575e-01 5.220627e-02 -8.633733e-01 6.824735e+01 2.950432e-04 9.981664e-01 6.052842e-02 -6.726329e+00 8.649502e-01 -3.063137e-02 5.009219e-01 2.502084e+02
4.493409e-01 4.761001e-02 -8.920908e-01 6.782485e+01 -4.733823e-04 9.985915e-01 5.305541e-02 -6.701985e+00 8.933602e-01 -2.341766e-02 4.487305e-01 2.504153e+02
3.946246e-01 4.302087e-02 -9.178348e-01 6.730071e+01 -3.759688e-03 9.989705e-01 4.520739e-02 -6.666667e+00 9.188348e-01 -1.438917e-02 3.943801e-01 2.506356e+02
3.407426e-01 4.232614e-02 -9.392034e-01 6.680954e+01 -8.296929e-03 9.990825e-01 4.201453e-02 -6.640375e+00 9.401200e-01 -6.523636e-03 3.407811e-01 2.507741e+02
2.893103e-01 4.500920e-02 -9.561766e-01 6.623669e+01 -1.226909e-02 9.989863e-01 4.331208e-02 -6.607486e+00 9.571567e-01 -7.992129e-04 2.895693e-01 2.508909e+02
2.399047e-01 4.825202e-02 -9.695966e-01 6.560864e+01 -1.378254e-02 9.988326e-01 4.629677e-02 -6.569824e+00 9.706986e-01 2.256694e-03 2.402897e-01 2.509971e+02
1.937944e-01 4.885814e-02 -9.798248e-01 6.489260e+01 -1.374862e-02 9.987963e-01 4.708486e-02 -6.529185e+00 9.809458e-01 4.346458e-03 1.942329e-01 2.510700e+02
1.510254e-01 4.730323e-02 -9.873975e-01 6.440271e+01 -1.433239e-02 9.988542e-01 4.565990e-02 -6.512357e+00 9.884260e-01 7.255959e-03 1.515303e-01 2.511028e+02
1.116401e-01 4.822605e-02 -9.925778e-01 6.382792e+01 -1.572119e-02 9.987825e-01 4.675928e-02 -6.485537e+00 9.936243e-01 1.038429e-02 1.122624e-01 2.511116e+02
7.646659e-02 4.839975e-02 -9.958967e-01 6.332397e+01 -1.686149e-02 9.987411e-01 4.724333e-02 -6.476887e+00 9.969296e-01 1.317977e-02 7.718642e-02 2.511121e+02
4.778498e-02 4.993538e-02 -9.976087e-01 6.278074e+01 -2.009560e-02 9.985955e-01 4.902220e-02 -6.445382e+00 9.986555e-01 1.770501e-02 4.872135e-02 2.510868e+02
2.320996e-02 5.042103e-02 -9.984583e-01 6.223727e+01 -2.237665e-02 9.985034e-01 4.990314e-02 -6.420592e+00 9.994802e-01 2.118390e-02 2.430348e-02 2.510502e+02
1.082485e-03 5.214563e-02 -9.986389e-01 6.171245e+01 -2.372358e-02 9.983598e-01 5.210534e-02 -6.393564e+00 9.997180e-01 2.363489e-02 2.317790e-03 2.510212e+02
-1.664334e-02 5.518978e-02 -9.983372e-01 6.114997e+01 -2.443777e-02 9.981547e-01 5.558709e-02 -6.393235e+00 9.995628e-01 2.532229e-02 -1.526391e-02 2.509584e+02
-3.212899e-02 5.832278e-02 -9.977806e-01 6.060177e+01 -2.451549e-02 9.979497e-01 5.912207e-02 -6.378202e+00 9.991830e-01 2.636061e-02 -3.063330e-02 2.509332e+02
-4.240618e-02 6.047556e-02 -9.972685e-01 6.002230e+01 -2.608010e-02 9.977592e-01 6.161430e-02 -6.354306e+00 9.987600e-01 2.862168e-02 -4.073395e-02 2.508956e+02
-4.834737e-02 6.042387e-02 -9.970012e-01 5.944377e+01 -2.812700e-02 9.976903e-01 6.182959e-02 -6.314490e+00 9.984345e-01 3.103195e-02 -4.653617e-02 2.508512e+02
-5.193658e-02 6.106094e-02 -9.967819e-01 5.885783e+01 -2.850212e-02 9.976318e-01 6.259808e-02 -6.277788e+00 9.982436e-01 3.166153e-02 -5.007322e-02 2.508144e+02
-5.377317e-02 6.072435e-02 -9.967051e-01 5.823420e+01 -2.794220e-02 9.976668e-01 6.229045e-02 -6.244325e+00 9.981622e-01 3.119969e-02 -5.195094e-02 2.507745e+02
-5.480398e-02 6.029785e-02 -9.966748e-01 5.759647e+01 -2.745143e-02 9.977066e-01 6.186974e-02 -6.213719e+00 9.981197e-01 3.075086e-02 -5.302304e-02 2.507312e+02
-5.465206e-02 6.011887e-02 -9.966940e-01 5.693366e+01 -2.676782e-02 9.977388e-01 6.164967e-02 -6.181022e+00 9.981466e-01 3.004860e-02 -5.291924e-02 2.506866e+02
-5.380915e-02 5.946172e-02 -9.967793e-01 5.624651e+01 -2.680169e-02 9.977798e-01 6.096825e-02 -6.142464e+00 9.981915e-01 2.999602e-02 -5.209601e-02 2.506510e+02
-5.337703e-02 5.808492e-02 -9.968837e-01 5.553632e+01 -2.879485e-02 9.978021e-01 5.968022e-02 -6.114518e+00 9.981592e-01 3.189067e-02 -5.158717e-02 2.506213e+02
-5.223912e-02 5.630787e-02 -9.970459e-01 5.478614e+01 -3.165221e-02 9.978141e-01 5.800964e-02 -6.065692e+00 9.981329e-01 3.458908e-02 -5.034266e-02 2.505832e+02
-5.085025e-02 5.558312e-02 -9.971583e-01 5.403947e+01 -3.282189e-02 9.978177e-01 5.729363e-02 -6.026383e+00 9.981668e-01 3.564201e-02 -4.891494e-02 2.505457e+02
-4.996514e-02 5.617880e-02 -9.971697e-01 5.326358e+01 -3.332380e-02 9.977671e-01 5.788221e-02 -5.988370e+00 9.981949e-01 3.612158e-02 -4.798148e-02 2.505138e+02
-4.850508e-02 5.598938e-02 -9.972524e-01 5.245890e+01 -3.340530e-02 9.977782e-01 5.764368e-02 -5.946765e+00 9.982642e-01 3.610952e-02 -4.652697e-02 2.504615e+02
-4.703683e-02 5.396399e-02 -9.974344e-01 5.162086e+01 -3.258955e-02 9.979252e-01 5.552739e-02 -5.908169e+00 9.983614e-01 3.511778e-02 -4.518057e-02 2.504192e+02
-4.580113e-02 5.103902e-02 -9.976459e-01 5.079332e+01 -3.218903e-02 9.980999e-01 5.254002e-02 -5.875008e+00 9.984318e-01 3.451964e-02 -4.407121e-02 2.503842e+02
-4.399097e-02 4.812284e-02 -9.978722e-01 4.992087e+01 -3.276636e-02 9.982323e-01 4.958471e-02 -5.829455e+00 9.984944e-01 3.487792e-02 -4.233639e-02 2.503513e+02
-4.292355e-02 4.667884e-02 -9.979873e-01 4.904880e+01 -3.236453e-02 9.983187e-01 4.808635e-02 -5.795584e+00 9.985540e-01 3.436343e-02 -4.134064e-02 2.503105e+02
-4.178197e-02 4.572088e-02 -9.980801e-01 4.817074e+01 -3.000267e-02 9.984445e-01 4.699355e-02 -5.753515e+00 9.986762e-01 3.190855e-02 -4.034523e-02 2.502712e+02
-4.087701e-02 4.367308e-02 -9.982093e-01 4.727692e+01 -2.580024e-02 9.986650e-01 4.474955e-02 -5.714014e+00 9.988310e-01 2.758327e-02 -3.969566e-02 2.502333e+02
-3.992390e-02 4.268871e-02 -9.982904e-01 4.638719e+01 -2.143381e-02 9.988205e-01 4.356856e-02 -5.682916e+00 9.989728e-01 2.313660e-02 -3.896183e-02 2.501939e+02
-3.959214e-02 4.145622e-02 -9.983556e-01 4.550804e+01 -2.050046e-02 9.988950e-01 4.229161e-02 -5.660749e+00 9.990056e-01 2.214117e-02 -3.869852e-02 2.501551e+02
-4.006253e-02 4.197886e-02 -9.983150e-01 4.463335e+01 -2.365510e-02 9.987972e-01 4.294842e-02 -5.633086e+00 9.989171e-01 2.533586e-02 -3.902133e-02 2.501066e+02
-4.113588e-02 4.071678e-02 -9.983236e-01 4.374902e+01 -2.833096e-02 9.987200e-01 4.190032e-02 -5.605797e+00 9.987518e-01 3.000707e-02 -3.992969e-02 2.500586e+02
-4.297379e-02 3.781953e-02 -9.983601e-01 4.286479e+01 -2.948956e-02 9.987998e-01 3.910555e-02 -5.574727e+00 9.986409e-01 3.112172e-02 -4.180693e-02 2.500127e+02
-4.518935e-02 3.536240e-02 -9.983524e-01 4.196336e+01 -2.476346e-02 9.990265e-01 3.650717e-02 -5.543656e+00 9.986715e-01 2.637239e-02 -4.426966e-02 2.499640e+02
-4.825972e-02 3.370632e-02 -9.982659e-01 4.107971e+01 -1.860904e-02 9.992266e-01 3.463839e-02 -5.528768e+00 9.986615e-01 2.024841e-02 -4.759515e-02 2.499130e+02
-5.103241e-02 3.133559e-02 -9.982053e-01 4.017752e+01 -1.480547e-02 9.993741e-01 3.212920e-02 -5.514232e+00 9.985872e-01 1.641852e-02 -5.053653e-02 2.498611e+02
-5.383803e-02 2.925553e-02 -9.981210e-01 3.929298e+01 -1.520913e-02 9.994307e-01 3.011429e-02 -5.502232e+00 9.984338e-01 1.680185e-02 -5.336244e-02 2.498067e+02
-5.670717e-02 2.883040e-02 -9.979745e-01 3.839100e+01 -1.701955e-02 9.994098e-01 2.983895e-02 -5.487983e+00 9.982458e-01 1.867716e-02 -5.618303e-02 2.497517e+02
-5.960459e-02 3.096933e-02 -9.977415e-01 3.750930e+01 -1.961126e-02 9.992894e-01 3.218894e-02 -5.476318e+00 9.980294e-01 2.148558e-02 -5.895489e-02 2.496941e+02
-6.188069e-02 3.202275e-02 -9.975697e-01 3.657225e+01 -2.146394e-02 9.992113e-01 3.340688e-02 -5.455043e+00 9.978527e-01 2.347902e-02 -6.114455e-02 2.496171e+02
-6.349832e-02 3.254534e-02 -9.974511e-01 3.569354e+01 -2.183675e-02 9.991835e-01 3.399201e-02 -5.440526e+00 9.977430e-01 2.393952e-02 -6.273579e-02 2.495601e+02
-6.509490e-02 3.651353e-02 -9.972108e-01 3.481702e+01 -2.300587e-02 9.990098e-01 3.808115e-02 -5.418846e+00 9.976138e-01 2.542059e-02 -6.419042e-02 2.494976e+02
-6.615760e-02 4.052728e-02 -9.969858e-01 3.392510e+01 -2.609651e-02 9.987628e-01 4.233122e-02 -5.395510e+00 9.974679e-01 2.881838e-02 -6.501812e-02 2.494262e+02
-6.591331e-02 4.175119e-02 -9.969515e-01 3.294909e+01 -2.914653e-02 9.986173e-01 4.374798e-02 -5.365874e+00 9.973996e-01 3.194125e-02 -6.460528e-02 2.492849e+02
-6.413546e-02 4.115394e-02 -9.970923e-01 3.188315e+01 -2.994883e-02 9.986199e-01 4.314338e-02 -5.331556e+00 9.974917e-01 3.262876e-02 -6.281444e-02 2.491016e+02
-6.109237e-02 3.913751e-02 -9.973645e-01 3.079138e+01 -2.932133e-02 9.987294e-01 4.098711e-02 -5.321432e+00 9.977013e-01 3.174806e-02 -5.986718e-02 2.489040e+02
-5.917013e-02 3.800128e-02 -9.975243e-01 2.990211e+01 -2.960189e-02 9.987689e-01 3.980459e-02 -5.304845e+00 9.978089e-01 3.188385e-02 -5.797237e-02 2.488381e+02
-5.713600e-02 3.729554e-02 -9.976695e-01 2.903316e+01 -2.865924e-02 9.988289e-01 3.898018e-02 -5.282044e+00 9.979550e-01 3.081963e-02 -5.600023e-02 2.487829e+02
-5.539041e-02 3.469806e-02 -9.978617e-01 2.818481e+01 -2.767482e-02 9.989587e-01 3.627241e-02 -5.262943e+00 9.980812e-01 2.962479e-02 -5.437247e-02 2.487340e+02
-5.370848e-02 2.998029e-02 -9.981065e-01 2.734554e+01 -2.604280e-02 9.991671e-01 3.141352e-02 -5.254181e+00 9.982170e-01 2.768066e-02 -5.288298e-02 2.486956e+02
-5.207486e-02 2.487326e-02 -9.983334e-01 2.650790e+01 -2.658125e-02 9.993011e-01 2.628389e-02 -5.237730e+00 9.982894e-01 2.790568e-02 -5.137730e-02 2.486650e+02
-5.011261e-02 2.561917e-02 -9.984149e-01 2.568003e+01 -2.837730e-02 9.992308e-01 2.706442e-02 -5.222825e+00 9.983404e-01 2.968859e-02 -4.934706e-02 2.486179e+02
-4.822240e-02 2.522105e-02 -9.985182e-01 2.485763e+01 -2.890732e-02 9.992272e-01 2.663501e-02 -5.212101e+00 9.984182e-01 3.014888e-02 -4.745606e-02 2.485682e+02
-4.703198e-02 2.257270e-02 -9.986383e-01 2.403408e+01 -2.873426e-02 9.993003e-01 2.394094e-02 -5.206773e+00 9.984800e-01 2.982112e-02 -4.635046e-02 2.485133e+02
-4.696778e-02 1.974380e-02 -9.987013e-01 2.319893e+01 -2.507971e-02 9.994662e-01 2.093839e-02 -5.198649e+00 9.985815e-01 2.603056e-02 -4.644754e-02 2.484756e+02
-4.754093e-02 2.124417e-02 -9.986434e-01 2.236718e+01 -2.069518e-02 9.995383e-01 2.224842e-02 -5.190459e+00 9.986549e-01 2.172481e-02 -4.707932e-02 2.484297e+02
-4.932525e-02 2.383232e-02 -9.984984e-01 2.154233e+01 -1.824767e-02 9.995269e-01 2.475829e-02 -5.188873e+00 9.986161e-01 1.944148e-02 -4.886703e-02 2.483898e+02
-5.184147e-02 2.489891e-02 -9.983449e-01 2.071583e+01 -1.982603e-02 9.994665e-01 2.595640e-02 -5.184549e+00 9.984585e-01 2.113883e-02 -5.132016e-02 2.483425e+02
-5.406176e-02 2.595710e-02 -9.982002e-01 1.988045e+01 -2.290636e-02 9.993668e-01 2.722802e-02 -5.176913e+00 9.982748e-01 2.433713e-02 -5.343294e-02 2.482655e+02
-5.746289e-02 2.676207e-02 -9.979889e-01 1.906097e+01 -2.666850e-02 9.992428e-01 2.833124e-02 -5.154346e+00 9.979914e-01 2.824286e-02 -5.670568e-02 2.482028e+02
-6.117721e-02 2.894640e-02 -9.977071e-01 1.819432e+01 -2.825684e-02 9.991285e-01 3.072029e-02 -5.155524e+00 9.977269e-01 3.007143e-02 -6.030596e-02 2.480928e+02
-6.562332e-02 3.061375e-02 -9.973747e-01 1.733861e+01 -2.868976e-02 9.990582e-01 3.255309e-02 -5.155823e+00 9.974319e-01 3.075069e-02 -6.468321e-02 2.479920e+02
-6.991477e-02 3.238645e-02 -9.970271e-01 1.649292e+01 -2.807808e-02 9.990130e-01 3.441988e-02 -5.148428e+00 9.971577e-01 3.040106e-02 -6.893641e-02 2.478902e+02
-7.423836e-02 3.526390e-02 -9.966168e-01 1.569726e+01 -2.613600e-02 9.989625e-01 3.729377e-02 -5.140725e+00 9.968980e-01 2.881620e-02 -7.323968e-02 2.478105e+02
-7.826639e-02 3.718069e-02 -9.962389e-01 1.489324e+01 -2.297851e-02 9.989715e-01 3.908791e-02 -5.120729e+00 9.966676e-01 2.595136e-02 -7.733154e-02 2.477183e+02
-8.195152e-02 4.195136e-02 -9.957530e-01 1.410424e+01 -2.090984e-02 9.988214e-01 4.380153e-02 -5.104543e+00 9.964169e-01 2.441063e-02 -8.097773e-02 2.476256e+02
-8.505022e-02 4.651527e-02 -9.952903e-01 1.331284e+01 -2.074026e-02 9.986106e-01 4.844275e-02 -5.085861e+00 9.961608e-01 2.476265e-02 -8.396732e-02 2.475438e+02
-8.704394e-02 5.047556e-02 -9.949249e-01 1.249821e+01 -2.165599e-02 9.983837e-01 5.254568e-02 -5.067712e+00 9.959691e-01 2.611987e-02 -8.581015e-02 2.474521e+02
-8.820679e-02 5.594375e-02 -9.945300e-01 1.171758e+01 -2.165859e-02 9.980779e-01 5.806427e-02 -5.040457e+00 9.958667e-01 2.666178e-02 -8.682558e-02 2.473592e+02
