9.999847e-01 5.096228e-04 -5.517100e-03 -3.310267e-02 -5.104177e-04 9.999999e-01 -1.426814e-04 7.637337e-03 5.517026e-03 1.454952e-04 9.999848e-01 9.926602e-02
9.999220e-01 9.317993e-04 -1.245442e-02 -4.255461e-02 -9.361117e-04 9.999995e-01 -3.404326e-04 9.625287e-03 1.245410e-02 3.520648e-04 9.999224e-01 1.951076e-01
9.998101e-01 6.314978e-04 -1.947926e-02 -6.770628e-02 -6.581627e-04 9.999989e-01 -1.362507e-03 1.194003e-02 1.947838e-02 1.375069e-03 9.998093e-01 2.890874e-01
9.996274e-01 3.518384e-03 -2.706872e-02 -1.366333e-01 -3.637247e-03 9.999840e-01 -4.343186e-03 1.613834e-02 2.705301e-02 4.440023e-03 9.996241e-01 4.418297e-01
9.993371e-01 3.670048e-03 -3.622139e-02 -2.025021e-01 -3.910496e-03 9.999708e-01 -6.569676e-03 2.922120e-02 3.619622e-02 6.706965e-03 9.993222e-01 5.305570e-01
9.987677e-01 3.314208e-03 -4.951829e-02 -2.317122e-01 -3.716359e-03 9.999608e-01 -8.031407e-03 3.741045e-02 4.948973e-02 8.205537e-03 9.987409e-01 6.489556e-01
9.978603e-01 3.170684e-03 -6.530444e-02 -2.693724e-01 -3.790634e-03 9.999489e-01 -9.371506e-03 5.039486e-02 6.527138e-02 9.598999e-03 9.978214e-01 8.084953e-01
9.964419e-01 1.827988e-03 -8.426253e-02 -2.878589e-01 -2.612142e-03 9.999543e-01 -9.196773e-03 3.655245e-02 8.424187e-02 9.384155e-03 9.964011e-01 9.487961e-01
9.945721e-01 5.860414e-04 -1.040480e-01 -3.268175e-01 -1.634636e-03 9.999487e-01 -9.993001e-03 4.015142e-02 1.040368e-01 1.010884e-02 9.945221e-01 1.115636e+00
9.921055e-01 1.556086e-04 -1.254060e-01 -3.936177e-01 -1.562954e-03 9.999369e-01 -1.112399e-02 4.963789e-02 1.253964e-01 1.123218e-02 9.920431e-01 1.276988e+00
9.885233e-01 2.189611e-03 -1.510526e-01 -4.163480e-01 -3.949488e-03 9.999278e-01 -1.135173e-02 3.575117e-02 1.510168e-01 1.181803e-02 9.884605e-01 1.460977e+00
9.847106e-01 6.354591e-03 -1.740821e-01 -5.352634e-01 -8.663733e-03 9.998842e-01 -1.250798e-02 3.276159e-02 1.739825e-01 1.382494e-02 9.846517e-01 1.625090e+00
9.796490e-01 9.293234e-03 -2.005033e-01 -6.108318e-01 -1.201821e-02 9.998512e-01 -1.237774e-02 1.026300e-02 2.003584e-01 1.453553e-02 9.796148e-01 1.788083e+00
9.728027e-01 9.094976e-03 -2.314568e-01 -6.564940e-01 -1.249769e-02 9.998343e-01 -1.323927e-02 6.523160e-03 2.312980e-01 1.577187e-02 9.727551e-01 1.987116e+00
9.653208e-01 1.064950e-02 -2.608492e-01 -7.625023e-01 -1.421127e-02 9.998297e-01 -1.177213e-02 -1.434131e-02 2.606794e-01 1.507088e-02 9.653078e-01 2.150373e+00
9.560908e-01 1.119172e-02 -2.928568e-01 -8.594534e-01 -1.509164e-02 9.998249e-01 -1.106074e-02 -1.686790e-02 2.926817e-01 1.499476e-02 9.560923e-01 2.356138e+00
9.441412e-01 1.242791e-02 -3.293069e-01 -9.138794e-01 -1.635636e-02 9.998243e-01 -9.161624e-03 -3.982682e-02 3.291351e-01 1.403613e-02 9.441785e-01 2.578035e+00
9.319700e-01 1.461910e-02 -3.622406e-01 -1.035817e+00 -1.901174e-02 9.997826e-01 -8.564611e-03 -4.112242e-02 3.620367e-01 1.486879e-02 9.320453e-01 2.769249e+00
9.185032e-01 1.725279e-02 -3.950370e-01 -1.175651e+00 -2.184217e-02 9.997361e-01 -7.123031e-03 -5.049124e-02 3.948098e-01 1.517099e-02 9.186376e-01 2.972779e+00
9.035532e-01 1.612525e-02 -4.281725e-01 -1.366596e+00 -2.311378e-02 9.996709e-01 -1.112773e-02 4.294414e-03 4.278521e-01 1.995118e-02 9.036285e-01 3.204493e+00
8.860121e-01 1.073837e-02 -4.635377e-01 -1.549306e+00 -2.024127e-02 9.996745e-01 -1.553087e-02 1.542905e-02 4.632200e-01 2.314313e-02 8.859411e-01 3.430967e+00
8.652555e-01 5.097331e-03 -5.013052e-01 -1.724850e+00 -1.769453e-02 9.996358e-01 -2.037643e-02 2.898799e-02 5.010187e-01 2.650118e-02 8.650306e-01 3.662010e+00
8.416818e-01 5.522421e-03 -5.399457e-01 -1.971396e+00 -1.747639e-02 9.997024e-01 -1.701797e-02 3.137215e-03 5.396910e-01 2.376002e-02 8.415278e-01 3.892691e+00
8.123788e-01 1.058966e-02 -5.830339e-01 -2.158392e+00 -2.124406e-02 9.997088e-01 -1.144298e-02 -1.532292e-02 5.827430e-01 2.168204e-02 8.123672e-01 4.097396e+00
7.807886e-01 1.335069e-02 -6.246526e-01 -2.417901e+00 -2.441309e-02 9.996601e-01 -9.149575e-03 -2.078347e-02 6.243181e-01 2.239358e-02 7.808492e-01 4.299218e+00
7.445062e-01 1.106482e-02 -6.675238e-01 -2.673618e+00 -2.427534e-02 9.996501e-01 -1.050478e-02 -2.384395e-02 6.671740e-01 2.402524e-02 7.445143e-01 4.516232e+00
7.051583e-01 3.557495e-03 -7.090409e-01 -2.935002e+00 -2.042923e-02 9.996742e-01 -1.530166e-02 -2.299979e-02 7.087555e-01 2.527525e-02 7.050013e-01 4.719156e+00
6.622915e-01 -2.613630e-03 -7.492417e-01 -3.167250e+00 -1.717438e-02 9.996782e-01 -1.866852e-02 -4.221066e-02 7.490494e-01 2.523176e-02 6.620335e-01 4.896994e+00
6.174411e-01 -5.823962e-03 -7.865955e-01 -3.436348e+00 -1.510930e-02 9.997003e-01 -1.926190e-02 -5.544913e-02 7.864720e-01 2.377800e-02 6.171681e-01 5.070896e+00
5.699442e-01 -8.530081e-03 -8.216391e-01 -3.734833e+00 -1.291977e-02 9.997295e-01 -1.934100e-02 -6.296299e-02 8.215818e-01 2.163868e-02 5.696798e-01 5.223506e+00
5.184169e-01 -9.752482e-03 -8.550724e-01 -4.039089e+00 -1.255811e-02 9.997403e-01 -1.901627e-02 -6.782790e-02 8.550358e-01 2.059645e-02 5.181598e-01 5.371596e+00
4.653151e-01 -1.204463e-02 -8.850632e-01 -4.399630e+00 -1.071970e-02 9.997574e-01 -1.924127e-02 -7.829445e-02 8.850802e-01 1.844086e-02 4.650731e-01 5.518211e+00
4.105790e-01 -1.349137e-02 -9.117252e-01 -4.723998e+00 -7.866434e-03 9.998009e-01 -1.833718e-02 -9.973366e-02 9.117911e-01 1.470089e-02 4.103911e-01 5.627101e+00
3.550623e-01 -1.414914e-02 -9.347356e-01 -5.033273e+00 -6.144856e-03 9.998285e-01 -1.746860e-02 -1.040375e-01 9.348225e-01 1.194626e-02 3.549145e-01 5.710250e+00
2.998682e-01 -1.460908e-02 -9.538688e-01 -5.572953e+00 -3.749538e-03 9.998570e-01 -1.649216e-02 -1.059415e-01 9.539733e-01 8.522040e-03 2.997705e-01 5.809193e+00
2.450957e-01 -1.788227e-02 -9.693340e-01 -6.127509e+00 -2.878688e-04 9.998285e-01 -1.851762e-02 -1.315674e-01 9.694988e-01 4.817630e-03 2.450485e-01 5.893734e+00
1.931777e-01 -1.934001e-02 -9.809732e-01 -6.492286e+00 2.132652e-04 9.998065e-01 -1.966931e-02 -1.407017e-01 9.811638e-01 3.590466e-03 1.931445e-01 5.958742e+00
1.440383e-01 -1.674797e-02 -9.894304e-01 -6.925470e+00 1.634473e-03 9.998594e-01 -1.668656e-02 -1.930272e-01 9.895708e-01 7.863067e-04 1.440454e-01 6.025813e+00
1.015697e-01 -1.312776e-02 -9.947418e-01 -7.327144e+00 1.250316e-03 9.999138e-01 -1.306835e-02 -2.118437e-01 9.948276e-01 8.360643e-05 1.015773e-01 6.033695e+00
6.365145e-02 -1.135797e-02 -9.979076e-01 -7.782344e+00 -8.991363e-04 9.999342e-01 -1.143839e-02 -2.126396e-01 9.979718e-01 1.625325e-03 6.363705e-02 6.026522e+00
2.909157e-02 -1.143596e-02 -9.995113e-01 -8.214938e+00 -3.492255e-03 9.999273e-01 -1.154236e-02 -2.230928e-01 9.995707e-01 3.826334e-03 2.904952e-02 6.014930e+00
-2.047504e-03 -1.116268e-02 -9.999356e-01 -8.675141e+00 -6.373693e-03 9.999175e-01 -1.114943e-02 -2.312808e-01 9.999776e-01 6.350454e-03 -2.118483e-03 5.981850e+00
-2.867666e-02 -1.060121e-02 -9.995325e-01 -9.158010e+00 -8.375107e-03 9.999112e-01 -1.036494e-02 -2.357957e-01 9.995537e-01 8.073959e-03 -2.876290e-02 5.946468e+00
-4.994486e-02 -1.023563e-02 -9.986995e-01 -9.660485e+00 -1.052485e-02 9.998974e-01 -9.721561e-03 -2.474410e-01 9.986965e-01 1.002562e-02 -5.004747e-02 5.910272e+00
-6.624681e-02 -1.004345e-02 -9.977527e-01 -1.016894e+01 -1.134309e-02 9.998923e-01 -9.311849e-03 -2.532077e-01 9.977388e-01 1.070072e-02 -6.635360e-02 5.863513e+00
-7.942621e-02 -1.124230e-02 -9.967774e-01 -1.070323e+01 -1.118945e-02 9.998835e-01 -1.038573e-02 -2.535768e-01 9.967779e-01 1.032849e-02 -7.954275e-02 5.812563e+00
-8.887046e-02 -1.052286e-02 -9.959876e-01 -1.125860e+01 -9.645787e-03 9.999064e-01 -9.703587e-03 -2.701458e-01 9.959965e-01 8.744722e-03 -8.896365e-02 5.747427e+00
-9.613517e-02 -8.885505e-03 -9.953286e-01 -1.182498e+01 -7.565475e-03 9.999378e-01 -8.195930e-03 -2.896979e-01 9.953395e-01 6.742217e-03 -9.619641e-02 5.694089e+00
-1.005683e-01 -9.553385e-03 -9.948843e-01 -1.249618e+01 -6.853172e-03 9.999368e-01 -8.909147e-03 -2.960971e-01 9.949066e-01 5.922136e-03 -1.006274e-01 5.623786e+00
-1.029161e-01 -1.226859e-02 -9.946144e-01 -1.312270e+01 -6.776424e-03 9.999094e-01 -1.163272e-02 -3.088722e-01 9.946670e-01 5.542734e-03 -1.029899e-01 5.580738e+00
-1.029909e-01 -1.524756e-02 -9.945654e-01 -1.374879e+01 -5.389964e-03 9.998764e-01 -1.477083e-02 -3.101480e-01 9.946677e-01 3.839410e-03 -1.030604e-01 5.534197e+00
-1.018171e-01 -1.462015e-02 -9.946957e-01 -1.438187e+01 -2.627103e-03 9.998925e-01 -1.442762e-02 -3.376712e-01 9.947997e-01 1.144190e-03 -1.018445e-01 5.485569e+00
-1.000248e-01 -1.127653e-02 -9.949210e-01 -1.508579e+01 -1.795097e-03 9.999362e-01 -1.115290e-02 -3.692761e-01 9.949833e-01 6.704137e-04 -1.000387e-01 5.418122e+00
-9.856610e-02 -9.769372e-03 -9.950826e-01 -1.576194e+01 -4.071424e-03 9.999474e-01 -9.413846e-03 -3.863415e-01 9.951222e-01 3.123517e-03 -9.860069e-02 5.341895e+00
-9.749259e-02 -9.254493e-03 -9.951932e-01 -1.652389e+01 -4.395840e-03 9.999510e-01 -8.868105e-03 -3.954817e-01 9.952265e-01 3.510136e-03 -9.752849e-02 5.292518e+00
-9.531846e-02 -4.732924e-03 -9.954356e-01 -1.723877e+01 -8.907920e-04 9.999887e-01 -4.669274e-03 -4.256447e-01 9.954464e-01 4.416581e-04 -9.532160e-02 5.218503e+00
-9.296342e-02 -3.991864e-03 -9.956615e-01 -1.796361e+01 2.839105e-03 9.999868e-01 -4.274289e-03 -4.389388e-01 9.956655e-01 -3.224140e-03 -9.295086e-02 5.134245e+00
-9.081686e-02 -4.218840e-03 -9.958587e-01 -1.869856e+01 4.523319e-03 9.999790e-01 -4.648797e-03 -4.497857e-01 9.958573e-01 -4.926775e-03 -9.079587e-02 5.054202e+00
-8.941420e-02 -2.786250e-03 -9.959906e-01 -1.944471e+01 3.936405e-03 9.999873e-01 -3.150818e-03 -4.601768e-01 9.959867e-01 -4.202350e-03 -8.940210e-02 4.985446e+00
-8.764449e-02 -6.613635e-04 -9.961516e-01 -2.020055e+01 6.748239e-04 9.999995e-01 -7.232913e-04 -4.638701e-01 9.961516e-01 -7.356194e-04 -8.764400e-02 4.908771e+00
-8.656694e-02 2.623448e-04 -9.962460e-01 -2.097762e+01 -5.480687e-04 9.999998e-01 3.109567e-04 -4.564411e-01 9.962459e-01 5.729298e-04 -8.656678e-02 4.844661e+00
-8.490308e-02 1.616671e-03 -9.963879e-01 -2.159258e+01 2.341495e-03 9.999962e-01 1.423004e-03 -4.957426e-01 9.963865e-01 -2.212220e-03 -8.490655e-02 4.824698e+00
-8.305753e-02 -8.365077e-05 -9.965448e-01 -2.240894e+01 6.975199e-03 9.999755e-01 -6.652903e-04 -5.536589e-01 9.965203e-01 -7.006356e-03 -8.305491e-02 4.725363e+00
-8.125107e-02 -1.290641e-03 -9.966928e-01 -2.321496e+01 8.674523e-03 9.999604e-01 -2.002025e-03 -5.698140e-01 9.966559e-01 -8.808502e-03 -8.123666e-02 4.640940e+00
-8.003850e-02 -3.870472e-03 -9.967843e-01 -2.402068e+01 4.129738e-03 9.999826e-01 -4.214495e-03 -6.267331e-01 9.967832e-01 -4.453780e-03 -8.002112e-02 4.526266e+00
-8.035531e-02 -4.474007e-03 -9.967562e-01 -2.483289e+01 -3.383962e-03 9.999854e-01 -4.215697e-03 -6.407876e-01 9.967605e-01 3.034232e-03 -8.036927e-02 4.468466e+00
-8.022279e-02 -9.533823e-03 -9.967314e-01 -2.547077e+01 -8.405748e-03 9.999252e-01 -8.887828e-03 -6.509760e-01 9.967415e-01 7.665267e-03 -8.029693e-02 4.354355e+00
-8.021351e-02 -1.058171e-02 -9.967215e-01 -2.631010e+01 -7.622712e-03 9.999209e-01 -1.000222e-02 -6.673916e-01 9.967486e-01 6.795407e-03 -8.028783e-02 4.266503e+00
-7.980049e-02 -9.566626e-03 -9.967649e-01 -2.722880e+01 2.897553e-05 9.999539e-01 -9.599552e-03 -6.899905e-01 9.968109e-01 -7.949308e-04 -7.979654e-02 4.171293e+00
-7.995512e-02 -7.585524e-03 -9.967696e-01 -2.810016e+01 7.327909e-03 9.999395e-01 -8.197450e-03 -7.075133e-01 9.967715e-01 -7.959665e-03 -7.989470e-02 4.086971e+00
-8.109871e-02 -4.591470e-03 -9.966955e-01 -2.910491e+01 1.419761e-02 9.998826e-01 -5.761377e-03 -8.453095e-01 9.966050e-01 -1.461794e-02 -8.102400e-02 4.086950e+00
-8.153513e-02 -2.417556e-03 -9.966675e-01 -2.994029e+01 1.533459e-02 9.998756e-01 -3.679826e-03 -8.818532e-01 9.965525e-01 -1.558352e-02 -8.148792e-02 4.016427e+00
-8.339146e-02 3.349550e-03 -9.965112e-01 -3.095083e+01 9.728253e-03 9.999494e-01 2.547013e-03 -7.905943e-01 9.964694e-01 -9.481915e-03 -8.341983e-02 4.049791e+00
-8.487621e-02 2.121260e-03 -9.963892e-01 -3.184589e+01 6.356286e-03 9.999785e-01 1.587449e-03 -7.946215e-01 9.963712e-01 -6.198598e-03 -8.488787e-02 4.013606e+00
-8.546684e-02 3.168535e-03 -9.963360e-01 -3.266848e+01 7.614552e-03 9.999678e-01 2.526900e-03 -8.009643e-01 9.963119e-01 -7.370686e-03 -8.548821e-02 3.942554e+00
-8.599010e-02 3.886094e-03 -9.962884e-01 -3.348569e+01 1.060860e-02 9.999393e-01 2.984702e-03 -8.238418e-01 9.962395e-01 -1.031257e-02 -8.602611e-02 3.886559e+00
-8.534351e-02 5.302649e-03 -9.963375e-01 -3.431011e+01 9.221047e-03 9.999472e-01 4.532011e-03 -8.457366e-01 9.963089e-01 -8.800497e-03 -8.538790e-02 3.794483e+00
-8.461123e-02 6.503602e-03 -9.963928e-01 -3.514860e+01 4.324741e-03 9.999717e-01 6.159715e-03 -8.654964e-01 9.964047e-01 -3.787960e-03 -8.463696e-02 3.702626e+00
-8.445128e-02 7.613522e-03 -9.963985e-01 -3.597382e+01 4.687743e-04 9.999710e-01 7.601087e-03 -8.722437e-01 9.964275e-01 1.748356e-04 -8.445240e-02 3.623321e+00
-8.428526e-02 6.857756e-03 -9.964181e-01 -3.681637e+01 9.538400e-04 9.999764e-01 6.801562e-03 -8.766770e-01 9.964412e-01 -3.771520e-04 -8.428981e-02 3.550708e+00
-8.477324e-02 6.082986e-03 -9.963817e-01 -3.763313e+01 3.345628e-03 9.999775e-01 5.820288e-03 -8.901464e-01 9.963947e-01 -2.840117e-03 -8.479168e-02 3.507367e+00
-8.490863e-02 5.167064e-03 -9.963753e-01 -3.846309e+01 8.085020e-03 9.999572e-01 4.496653e-03 -8.948088e-01 9.963559e-01 -7.673910e-03 -8.494677e-02 3.442223e+00
-8.452521e-02 4.117484e-03 -9.964128e-01 -3.928883e+01 1.368020e-02 9.999020e-01 2.971418e-03 -9.108282e-01 9.963274e-01 -1.337996e-02 -8.457325e-02 3.372263e+00
-8.482839e-02 4.299176e-03 -9.963863e-01 -4.010999e+01 1.722535e-02 9.998476e-01 2.847612e-03 -9.309244e-01 9.962467e-01 -1.692154e-02 -8.488952e-02 3.301278e+00
-8.449585e-02 4.065474e-03 -9.964155e-01 -4.093864e+01 1.685288e-02 9.998545e-01 2.650384e-03 -9.423189e-01 9.962813e-01 -1.656853e-02 -8.455206e-02 3.224540e+00
-8.516692e-02 4.021656e-03 -9.963586e-01 -4.176111e+01 1.191740e-02 9.999244e-01 3.017371e-03 -9.492178e-01 9.962954e-01 -1.161703e-02 -8.520841e-02 3.164218e+00
-8.612671e-02 5.069847e-03 -9.962713e-01 -4.257216e+01 8.460304e-03 9.999547e-01 4.357206e-03 -9.731480e-01 9.962483e-01 -8.053486e-03 -8.616570e-02 3.115269e+00
-8.552003e-02 8.662527e-03 -9.962988e-01 -4.338608e+01 6.081163e-03 9.999481e-01 8.172263e-03 -9.811393e-01 9.963179e-01 -5.359763e-03 -8.556827e-02 3.027057e+00
-8.606346e-02 1.178692e-02 -9.962199e-01 -4.422129e+01 5.131565e-03 9.999220e-01 1.138741e-02 -9.906860e-01 9.962764e-01 -4.132128e-03 -8.611723e-02 2.945171e+00
-8.749274e-02 9.671041e-03 -9.961182e-01 -4.503315e+01 3.331083e-03 9.999501e-01 9.415663e-03 -1.006331e+00 9.961596e-01 -2.494350e-03 -8.752060e-02 2.881747e+00
-9.072008e-02 5.625426e-03 -9.958605e-01 -4.584324e+01 -3.140569e-03 9.999775e-01 5.934778e-03 -9.811105e-01 9.958715e-01 3.665972e-03 -9.070037e-02 2.837548e+00
-9.188317e-02 1.224206e-03 -9.957690e-01 -4.665809e+01 -5.553414e-03 9.999831e-01 1.741821e-03 -9.826936e-01 9.957543e-01 5.689962e-03 -9.187482e-02 2.768231e+00
-9.391563e-02 8.529071e-04 -9.955798e-01 -4.747874e+01 -2.488960e-03 9.999963e-01 1.091481e-03 -9.858959e-01 9.955770e-01 2.580466e-03 -9.391316e-02 2.687381e+00
-9.583855e-02 -1.460240e-03 -9.953958e-01 -4.829886e+01 3.260603e-03 9.999931e-01 -1.780921e-03 -9.963149e-01 9.953916e-01 -3.416271e-03 -9.583312e-02 2.610953e+00
-9.825857e-02 -3.714488e-04 -9.951608e-01 -4.908269e+01 7.688430e-03 9.999698e-01 -1.132371e-03 -1.038910e+00 9.951312e-01 -7.762489e-03 -9.825275e-02 2.560228e+00
-1.001559e-01 2.601570e-04 -9.949717e-01 -4.988009e+01 6.603963e-03 9.999781e-01 -4.033023e-04 -1.051985e+00 9.949498e-01 -6.611150e-03 -1.001554e-01 2.491278e+00
-1.011641e-01 3.216483e-03 -9.948646e-01 -5.065663e+01 2.911817e-03 9.999914e-01 2.936967e-03 -1.058242e+00 9.948655e-01 -2.599748e-03 -1.011726e-01 2.401766e+00
-1.022888e-01 7.805257e-03 -9.947241e-01 -5.144858e+01 2.072095e-04 9.999694e-01 7.825107e-03 -1.072861e+00 9.947547e-01 5.943045e-04 -1.022873e-01 2.298309e+00
-1.070207e-01 2.611058e-02 -9.939139e-01 -5.182329e+01 4.392881e-03 9.996578e-01 2.578847e-02 -1.263013e+00 9.942471e-01 -1.606244e-03 -1.070988e-01 2.598108e+00
-1.077875e-01 2.765804e-02 -9.937892e-01 -5.262859e+01 5.696166e-03 9.996137e-01 2.720233e-02 -1.261348e+00 9.941576e-01 -2.728715e-03 -1.079035e-01 2.491831e+00
-1.089031e-01 2.342112e-02 -9.937764e-01 -5.339875e+01 7.024852e-03 9.997156e-01 2.279127e-02 -1.280790e+00 9.940276e-01 -4.499093e-03 -1.090366e-01 2.394811e+00
-1.096023e-01 2.608361e-02 -9.936332e-01 -5.423126e+01 7.179460e-03 9.996503e-01 2.544963e-02 -1.286933e+00 9.939496e-01 -4.344412e-03 -1.097512e-01 2.289895e+00
-1.084986e-01 2.735681e-02 -9.937201e-01 -5.510588e+01 7.755053e-03 9.996141e-01 2.667234e-02 -1.327648e+00 9.940663e-01 -4.812440e-03 -1.086689e-01 2.092787e+00
-1.090513e-01 2.588331e-02 -9.936991e-01 -5.591237e+01 8.518337e-03 9.996486e-01 2.510345e-02 -1.301897e+00 9.939996e-01 -5.727098e-03 -1.092335e-01 1.997019e+00
-1.097300e-01 2.423178e-02 -9.936660e-01 -5.669440e+01 1.098040e-02 9.996713e-01 2.316567e-02 -1.294479e+00 9.939008e-01 -8.368881e-03 -1.099601e-01 1.913344e+00
-1.098234e-01 2.413872e-02 -9.936580e-01 -5.746497e+01 1.517585e-02 9.996293e-01 2.260648e-02 -1.291719e+00 9.938353e-01 -1.259688e-02 -1.101490e-01 1.814158e+00
-1.101241e-01 2.485117e-02 -9.936071e-01 -5.821406e+01 1.712575e-02 9.995864e-01 2.310263e-02 -1.288042e+00 9.937703e-01 -1.447211e-02 -1.105041e-01 1.722487e+00
-1.104754e-01 2.349425e-02 -9.936011e-01 -5.893458e+01 1.726814e-02 9.996150e-01 2.171646e-02 -1.300600e+00 9.937288e-01 -1.475851e-02 -1.108386e-01 1.614545e+00
-1.107854e-01 2.258784e-02 -9.935876e-01 -5.969245e+01 1.510341e-02 9.996645e-01 2.104195e-02 -1.301687e+00 9.937296e-01 -1.267542e-02 -1.110893e-01 1.522504e+00
-1.105989e-01 2.198600e-02 -9.936219e-01 -6.036376e+01 1.178686e-02 9.997140e-01 2.080882e-02 -1.307370e+00 9.937952e-01 -9.410247e-03 -1.108264e-01 1.416041e+00
-1.104317e-01 2.178988e-02 -9.936448e-01 -6.108273e+01 8.829838e-03 9.997417e-01 2.094224e-02 -1.308060e+00 9.938445e-01 -6.461035e-03 -1.105956e-01 1.330318e+00
-1.086930e-01 2.230882e-02 -9.938250e-01 -6.179971e+01 6.402348e-03 9.997431e-01 2.174145e-02 -1.299827e+00 9.940547e-01 -3.999671e-03 -1.088079e-01 1.235210e+00
-1.072420e-01 2.380368e-02 -9.939480e-01 -6.249837e+01 6.645232e-03 9.997082e-01 2.322464e-02 -1.312820e+00 9.942107e-01 -4.114359e-03 -1.073689e-01 1.170030e+00
-1.028749e-01 2.325439e-02 -9.944224e-01 -6.315471e+01 7.348838e-03 9.997172e-01 2.261796e-02 -1.313351e+00 9.946672e-01 -4.981029e-03 -1.030167e-01 1.080445e+00
-9.672756e-02 2.484061e-02 -9.950009e-01 -6.354956e+01 1.046814e-02 9.996586e-01 2.393924e-02 -1.373858e+00 9.952558e-01 -8.100227e-03 -9.695457e-02 1.056583e+00
-8.986763e-02 2.331681e-02 -9.956807e-01 -6.420463e+01 1.167159e-02 9.996819e-01 2.235706e-02 -1.372313e+00 9.958853e-01 -9.611996e-03 -9.011119e-02 1.003568e+00
-8.131644e-02 2.387357e-02 -9.964024e-01 -6.484329e+01 1.332949e-02 9.996497e-01 2.286356e-02 -1.380406e+00 9.965992e-01 -1.142236e-02 -8.160618e-02 9.540385e-01
-6.950294e-02 2.581554e-02 -9.972477e-01 -6.547296e+01 1.561596e-02 9.995708e-01 2.478732e-02 -1.385072e+00 9.974595e-01 -1.385019e-02 -6.987624e-02 9.076560e-01
-5.465728e-02 2.802039e-02 -9.981119e-01 -6.608873e+01 1.764634e-02 9.994772e-01 2.709240e-02 -1.388022e+00 9.983492e-01 -1.613223e-02 -5.512316e-02 8.736452e-01
-3.627887e-02 2.887781e-02 -9.989244e-01 -6.668125e+01 1.903939e-02 9.994209e-01 2.820070e-02 -1.388062e+00 9.991603e-01 -1.799582e-02 -3.680768e-02 8.544673e-01
-1.406865e-02 2.868937e-02 -9.994894e-01 -6.725007e+01 1.996610e-02 9.993971e-01 2.840568e-02 -1.385431e+00 9.997017e-01 -1.955627e-02 -1.463298e-02 8.521483e-01
1.134198e-02 2.685472e-02 -9.995750e-01 -6.780021e+01 2.032040e-02 9.994267e-01 2.708130e-02 -1.384282e+00 9.997292e-01 -2.061892e-02 1.078978e-02 8.703276e-01
4.032366e-02 2.367942e-02 -9.989060e-01 -6.833131e+01 2.020138e-02 9.994955e-01 2.450888e-02 -1.381847e+00 9.989824e-01 -2.116757e-02 3.982496e-02 9.140886e-01
7.451348e-02 2.102785e-02 -9.969983e-01 -6.883812e+01 2.029315e-02 9.995387e-01 2.259810e-02 -1.377762e+00 9.970135e-01 -2.191610e-02 7.405238e-02 9.712766e-01
1.122522e-01 1.867800e-02 -9.935042e-01 -6.931807e+01 2.068705e-02 9.995627e-01 2.112925e-02 -1.370473e+00 9.934644e-01 -2.292447e-02 1.118167e-01 1.044990e+00
1.533111e-01 1.639677e-02 -9.880419e-01 -6.978397e+01 2.071415e-02 9.995893e-01 1.980255e-02 -1.366508e+00 9.879608e-01 -2.350240e-02 1.529085e-01 1.137333e+00
1.989902e-01 1.284508e-02 -9.799173e-01 -7.023829e+01 2.230837e-02 9.995956e-01 1.763316e-02 -1.362427e+00 9.797475e-01 -2.536918e-02 1.986231e-01 1.246585e+00
2.468937e-01 7.212921e-03 -9.690157e-01 -7.072002e+01 2.260294e-02 9.996574e-01 1.319996e-02 -1.359558e+00 9.687789e-01 -2.516159e-02 2.466461e-01 1.407083e+00
2.970696e-01 -2.855630e-03 -9.548515e-01 -7.115826e+01 2.225489e-02 9.997446e-01 3.933965e-03 -1.356292e+00 9.545964e-01 -2.241878e-02 2.970573e-01 1.578631e+00
3.487250e-01 -1.084112e-02 -9.371624e-01 -7.155715e+01 2.261314e-02 9.997393e-01 -3.150493e-03 -1.382484e+00 9.369522e-01 -2.009353e-02 3.488793e-01 1.752161e+00
4.016690e-01 -1.878769e-02 -9.155922e-01 -7.197266e+01 2.307375e-02 9.996798e-01 -1.039072e-02 -1.398838e+00 9.154942e-01 -1.695252e-02 4.019739e-01 1.953622e+00
4.559559e-01 -2.186736e-02 -8.897337e-01 -7.238214e+01 2.600745e-02 9.995986e-01 -1.123969e-02 -1.448299e+00 8.896223e-01 -1.801491e-02 4.563416e-01 2.134463e+00
5.053066e-01 -2.595679e-02 -8.625494e-01 -7.278049e+01 2.828272e-02 9.995087e-01 -1.350948e-02 -1.468972e+00 8.624762e-01 -1.756881e-02 5.057925e-01 2.374646e+00
5.504804e-01 -3.541159e-02 -8.340968e-01 -7.314294e+01 3.376696e-02 9.992268e-01 -2.013695e-02 -1.486802e+00 8.341650e-01 -1.707992e-02 5.512505e-01 2.654314e+00
5.949512e-01 -4.817789e-02 -8.023166e-01 -7.348279e+01 4.136134e-02 9.987145e-01 -2.930013e-02 -1.515362e+00 8.026969e-01 -1.575275e-02 5.961791e-01 2.939765e+00
6.380106e-01 -5.159075e-02 -7.682974e-01 -7.380947e+01 3.942506e-02 9.986330e-01 -3.431824e-02 -1.527910e+00 7.690176e-01 -8.394770e-03 6.391724e-01 3.247542e+00
6.796095e-01 -5.011974e-02 -7.318599e-01 -7.409555e+01 3.228090e-02 9.987401e-01 -3.842018e-02 -1.539681e+00 7.328635e-01 2.485618e-03 6.803712e-01 3.547695e+00
7.203602e-01 -4.684070e-02 -6.920167e-01 -7.436997e+01 2.202639e-02 9.987587e-01 -4.467467e-02 -1.573637e+00 6.932504e-01 1.693923e-02 7.204977e-01 3.879388e+00
7.599405e-01 -4.087256e-02 -6.487063e-01 -7.464774e+01 1.223578e-02 9.987437e-01 -4.859325e-02 -1.583900e+00 6.498775e-01 2.899054e-02 7.594859e-01 4.245709e+00
7.968392e-01 -3.773188e-02 -6.030121e-01 -7.489178e+01 8.964785e-03 9.986766e-01 -5.064318e-02 -1.604122e+00 6.041249e-01 3.494860e-02 7.961229e-01 4.641899e+00
8.310152e-01 -3.578633e-02 -5.550974e-01 -7.513493e+01 7.887432e-03 9.985861e-01 -5.256944e-02 -1.636473e+00 5.561938e-01 3.930771e-02 8.301225e-01 5.066293e+00
8.619460e-01 -2.991151e-02 -5.061170e-01 -7.537205e+01 3.588187e-03 9.985931e-01 -5.290595e-02 -1.668909e+00 5.069874e-01 4.378603e-02 8.608406e-01 5.521722e+00
8.882250e-01 -2.629137e-02 -4.586558e-01 -7.559304e+01 3.015003e-03 9.986732e-01 -5.140779e-02 -1.699727e+00 4.593989e-01 4.427883e-02 8.871257e-01 6.007157e+00
9.103244e-01 -1.738210e-02 -4.135303e-01 -7.587207e+01 -2.705522e-03 9.988465e-01 -4.794075e-02 -1.712463e+00 4.138866e-01 4.476045e-02 9.092273e-01 6.499580e+00
9.282139e-01 -9.242557e-03 -3.719321e-01 -7.606992e+01 -8.994697e-03 9.988417e-01 -4.726899e-02 -1.730409e+00 3.719382e-01 4.722115e-02 9.270556e-01 7.000798e+00
9.422476e-01 -1.037384e-03 -3.349155e-01 -7.629776e+01 -1.359002e-02 9.990532e-01 -4.132855e-02 -1.865434e+00 3.346412e-01 4.349323e-02 9.413414e-01 7.548854e+00
9.524721e-01 6.202856e-04 -3.046253e-01 -7.646504e+01 -1.320133e-02 9.991425e-01 -3.924212e-02 -1.897729e+00 3.043397e-01 4.139848e-02 9.516635e-01 8.104815e+00
9.599030e-01 -9.575231e-06 -2.803325e-01 -7.660785e+01 -1.100861e-02 9.992274e-01 -3.772935e-02 -1.949761e+00 2.801163e-01 3.930258e-02 9.591612e-01 8.681242e+00
9.657068e-01 7.128175e-04 -2.596342e-01 -7.674359e+01 -1.054660e-02 9.992786e-01 -3.648449e-02 -1.959299e+00 2.594209e-01 3.797157e-02 9.650176e-01 9.284423e+00
9.704027e-01 2.831054e-03 -2.414760e-01 -7.687290e+01 -1.134880e-02 9.993611e-01 -3.389015e-02 -1.966396e+00 2.412258e-01 3.562755e-02 9.698148e-01 9.854406e+00
9.739376e-01 4.322197e-03 -2.267750e-01 -7.700313e+01 -1.202552e-02 9.993962e-01 -3.259848e-02 -2.029886e+00 2.264972e-01 3.447597e-02 9.734015e-01 1.067994e+01
9.769052e-01 8.730724e-03 -2.134946e-01 -7.714992e+01 -1.561794e-02 9.994099e-01 -3.059411e-02 -2.058395e+00 2.131015e-01 3.322190e-02 9.764651e-01 1.133109e+01
9.798377e-01 7.818505e-03 -1.996423e-01 -7.729602e+01 -1.416635e-02 9.994378e-01 -3.038744e-02 -2.100268e+00 1.992924e-01 3.260296e-02 9.793976e-01 1.199196e+01
9.825939e-01 7.647246e-03 -1.856094e-01 -7.743186e+01 -1.351962e-02 9.994466e-01 -3.039331e-02 -2.134113e+00 1.852742e-01 3.237365e-02 9.821535e-01 1.267804e+01
9.852293e-01 8.929236e-03 -1.710073e-01 -7.755234e+01 -1.416733e-02 9.994663e-01 -2.943498e-02 -2.163212e+00 1.706532e-01 3.142292e-02 9.848300e-01 1.336766e+01
9.875765e-01 1.123517e-02 -1.567369e-01 -7.766943e+01 -1.585034e-02 9.994759e-01 -2.822653e-02 -2.198587e+00 1.563376e-01 3.036019e-02 9.872370e-01 1.407312e+01
9.895297e-01 1.210308e-02 -1.438209e-01 -7.778030e+01 -1.665091e-02 9.993973e-01 -3.045998e-02 -2.239625e+00 1.433656e-01 3.253581e-02 9.891348e-01 1.480001e+01
9.910501e-01 1.400365e-02 -1.327536e-01 -7.787899e+01 -1.885513e-02 9.991968e-01 -3.535855e-02 -2.274109e+00 1.321518e-01 3.754519e-02 9.905182e-01 1.553904e+01
9.923632e-01 1.283190e-02 -1.226809e-01 -7.797385e+01 -1.806929e-02 9.989678e-01 -4.167433e-02 -2.302242e+00 1.220195e-01 4.357283e-02 9.915708e-01 1.627519e+01
9.934212e-01 1.338240e-02 -1.137328e-01 -7.807979e+01 -1.820657e-02 9.989733e-01 -4.148432e-02 -2.341063e+00 1.130609e-01 4.328209e-02 9.926449e-01 1.704036e+01
9.941707e-01 1.540077e-02 -1.067115e-01 -7.817242e+01 -1.921203e-02 9.992103e-01 -3.478004e-02 -2.383979e+00 1.060916e-01 3.662744e-02 9.936815e-01 1.780520e+01
9.946353e-01 1.916928e-02 -1.016522e-01 -7.826448e+01 -2.191904e-02 9.994215e-01 -2.600295e-02 -2.427664e+00 1.010949e-01 2.809157e-02 9.944801e-01 1.857675e+01
9.950810e-01 1.977786e-02 -9.707039e-02 -7.835225e+01 -2.202840e-02 9.995115e-01 -2.216793e-02 -2.464281e+00 9.658454e-02 2.419719e-02 9.950306e-01 1.934649e+01
9.954473e-01 1.883626e-02 -9.343414e-02 -7.843034e+01 -2.115366e-02 9.994911e-01 -2.387437e-02 -2.488624e+00 9.293689e-02 2.574215e-02 9.953392e-01 2.011637e+01
9.956986e-01 1.933447e-02 -9.061127e-02 -7.850080e+01 -2.161456e-02 9.994722e-01 -2.425001e-02 -2.527054e+00 9.009459e-02 2.610423e-02 9.955910e-01 2.088750e+01
9.959852e-01 1.864496e-02 -8.755519e-02 -7.857847e+01 -2.062078e-02 9.995515e-01 -2.171646e-02 -2.565699e+00 8.711101e-02 2.343473e-02 9.959229e-01 2.166793e+01
9.962410e-01 1.708424e-02 -8.492374e-02 -7.865620e+01 -1.882661e-02 9.996275e-01 -1.975843e-02 -2.594359e+00 8.455455e-02 2.128298e-02 9.961915e-01 2.249303e+01
9.961500e-01 2.112948e-02 -8.508099e-02 -7.856868e+01 -2.247644e-02 9.996363e-01 -1.490473e-02 -2.731938e+00 8.473512e-02 1.675967e-02 9.962626e-01 2.317307e+01
9.963901e-01 2.009563e-02 -8.248010e-02 -7.864109e+01 -2.165156e-02 9.996033e-01 -1.801340e-02 -2.771733e+00 8.208539e-02 1.973419e-02 9.964299e-01 2.392187e+01
9.964640e-01 2.219509e-02 -8.103595e-02 -7.868572e+01 -2.429123e-02 9.993930e-01 -2.497313e-02 -2.794133e+00 8.043248e-02 2.685329e-02 9.963983e-01 2.460236e+01
9.965594e-01 2.355901e-02 -7.946329e-02 -7.874678e+01 -2.619479e-02 9.991352e-01 -3.229199e-02 -2.829543e+00 7.863380e-02 3.426241e-02 9.963146e-01 2.536977e+01
9.959436e-01 2.418178e-02 -8.666886e-02 -7.857752e+01 -2.716183e-02 9.990739e-01 -3.337150e-02 -2.943219e+00 8.578161e-02 3.559022e-02 9.956781e-01 2.612678e+01
9.961373e-01 2.564953e-02 -8.397962e-02 -7.865597e+01 -2.829610e-02 9.991349e-01 -3.047720e-02 -3.007708e+00 8.312524e-02 3.273578e-02 9.960013e-01 2.683337e+01
9.962758e-01 2.541901e-02 -8.239164e-02 -7.871495e+01 -2.763561e-02 9.992831e-01 -2.587526e-02 -3.056390e+00 8.167485e-02 2.805584e-02 9.962641e-01 2.759799e+01
9.964619e-01 2.199822e-02 -8.111586e-02 -7.877966e+01 -2.339953e-02 9.995922e-01 -1.636548e-02 -3.139588e+00 8.072278e-02 1.820565e-02 9.965703e-01 2.833404e+01
9.964588e-01 2.488194e-02 -8.031657e-02 -7.878294e+01 -2.735532e-02 9.991802e-01 -2.984316e-02 -2.886915e+00 7.950817e-02 3.193456e-02 9.963226e-01 2.914785e+01
9.964465e-01 2.490403e-02 -8.046160e-02 -7.867279e+01 -2.741553e-02 9.991660e-01 -3.026098e-02 -2.878728e+00 7.964088e-02 3.235934e-02 9.962983e-01 2.954221e+01
9.964691e-01 2.551861e-02 -7.998868e-02 -7.869910e+01 -2.784216e-02 9.992182e-01 -2.806888e-02 -2.978309e+00 7.920986e-02 3.019683e-02 9.964005e-01 3.022444e+01
9.964838e-01 2.948617e-02 -7.842585e-02 -7.877591e+01 -3.186947e-02 9.990621e-01 -2.931303e-02 -3.046449e+00 7.748797e-02 3.170935e-02 9.964889e-01 3.102861e+01
9.966539e-01 2.750049e-02 -7.697285e-02 -7.885563e+01 -2.995357e-02 9.990736e-01 -3.089831e-02 -3.076894e+00 7.605183e-02 3.310053e-02 9.965543e-01 3.179015e+01
9.965512e-01 3.294829e-02 -7.615881e-02 -7.890687e+01 -3.527835e-02 9.989434e-01 -2.945426e-02 -3.185065e+00 7.510787e-02 3.203944e-02 9.966606e-01 3.259799e+01
9.965261e-01 3.567824e-02 -7.525138e-02 -7.897820e+01 -3.788832e-02 9.988854e-01 -2.814874e-02 -3.217375e+00 7.416321e-02 3.090210e-02 9.967672e-01 3.336907e+01
9.965622e-01 3.526031e-02 -7.497011e-02 -7.905086e+01 -3.752440e-02 9.988746e-01 -2.900859e-02 -3.254429e+00 7.386288e-02 3.172207e-02 9.967638e-01 3.413934e+01
9.964662e-01 3.508319e-02 -7.631714e-02 -7.912389e+01 -3.744954e-02 9.988541e-01 -2.979943e-02 -3.281389e+00 7.518423e-02 3.255216e-02 9.966382e-01 3.492877e+01
9.963474e-01 3.321688e-02 -7.866692e-02 -7.918448e+01 -3.563909e-02 9.989266e-01 -2.958918e-02 -3.315861e+00 7.759962e-02 3.228472e-02 9.964617e-01 3.570755e+01
9.960179e-01 3.475781e-02 -8.209921e-02 -7.924847e+01 -3.732032e-02 9.988563e-01 -2.988626e-02 -3.347884e+00 8.096654e-02 3.283122e-02 9.961760e-01 3.649333e+01
9.956647e-01 3.766500e-02 -8.504823e-02 -7.932692e+01 -4.031508e-02 9.987467e-01 -2.965970e-02 -3.388319e+00 8.382451e-02 3.295984e-02 9.959353e-01 3.727455e+01
9.953957e-01 3.957791e-02 -8.729841e-02 -7.940585e+01 -4.269835e-02 9.985035e-01 -3.417096e-02 -3.430591e+00 8.581535e-02 3.774112e-02 9.955960e-01 3.805906e+01
9.951713e-01 4.085865e-02 -8.924476e-02 -7.948779e+01 -4.429274e-02 9.983390e-01 -3.684337e-02 -3.475242e+00 8.759115e-02 4.061836e-02 9.953281e-01 3.882933e+01
9.948559e-01 4.168551e-02 -9.232586e-02 -7.952808e+01 -4.542030e-02 9.982170e-01 -3.872666e-02 -3.523008e+00 9.054690e-02 4.272091e-02 9.949755e-01 3.958232e+01
9.946548e-01 4.107788e-02 -9.473363e-02 -7.961429e+01 -4.482091e-02 9.982824e-01 -3.772696e-02 -3.556072e+00 9.302117e-02 4.177134e-02 9.947875e-01 4.043188e+01
9.945343e-01 3.897733e-02 -9.686226e-02 -7.970198e+01 -4.274028e-02 9.983978e-01 -3.708149e-02 -3.602742e+00 9.526173e-02 4.101874e-02 9.946068e-01 4.125198e+01
9.942447e-01 3.720770e-02 -1.004643e-01 -7.973112e+01 -4.095839e-02 9.985289e-01 -3.553207e-02 -3.668932e+00 9.899440e-02 3.944243e-02 9.943060e-01 4.214252e+01
9.941256e-01 3.721427e-02 -1.016332e-01 -7.981630e+01 -4.062811e-02 9.986705e-01 -3.172832e-02 -3.718473e+00 1.003174e-01 3.567111e-02 9.943158e-01 4.300402e+01
9.941803e-01 3.712433e-02 -1.011304e-01 -7.995083e+01 -3.990171e-02 9.988761e-01 -2.557974e-02 -3.805737e+00 1.000671e-01 2.946615e-02 9.945443e-01 4.387618e+01
9.942479e-01 3.672168e-02 -1.006116e-01 -8.003723e+01 -3.927642e-02 9.989513e-01 -2.352935e-02 -3.843136e+00 9.964205e-02 2.734567e-02 9.946475e-01 4.473489e+01
9.944115e-01 4.008421e-02 -9.766750e-02 -8.015432e+01 -4.245436e-02 9.988493e-01 -2.231064e-02 -3.895021e+00 9.666081e-02 2.633237e-02 9.949690e-01 4.558702e+01
9.945870e-01 4.040192e-02 -9.573125e-02 -8.024291e+01 -4.284241e-02 9.988036e-01 -2.357562e-02 -3.927533e+00 9.466423e-02 2.754936e-02 9.951280e-01 4.644782e+01
9.948303e-01 3.809564e-02 -9.413485e-02 -8.032190e+01 -4.069047e-02 9.988386e-01 -2.580039e-02 -3.963910e+00 9.304264e-02 2.949740e-02 9.952251e-01 4.730148e+01
9.953253e-01 3.372927e-02 -9.049812e-02 -8.045252e+01 -3.649978e-02 9.989089e-01 -2.913529e-02 -3.964668e+00 8.941666e-02 3.230225e-02 9.954704e-01 4.817927e+01
9.954786e-01 3.346475e-02 -8.889552e-02 -8.052648e+01 -3.620553e-02 9.989118e-01 -2.939973e-02 -4.005200e+00 8.781493e-02 3.248531e-02 9.956070e-01 4.905961e+01
9.957125e-01 3.108461e-02 -8.712292e-02 -8.061786e+01 -3.362792e-02 9.990455e-01 -2.787783e-02 -4.031984e+00 8.617319e-02 3.068807e-02 9.958074e-01 4.993343e+01
9.959494e-01 2.801670e-02 -8.543879e-02 -8.070863e+01 -3.021515e-02 9.992419e-01 -2.454746e-02 -4.087543e+00 8.468629e-02 2.702958e-02 9.960410e-01 5.080294e+01
9.958645e-01 2.826538e-02 -8.634193e-02 -8.074779e+01 -3.037792e-02 9.992680e-01 -2.325170e-02 -4.149384e+00 8.562151e-02 2.577843e-02 9.959942e-01 5.169303e+01
9.964773e-01 2.561459e-02 -7.985543e-02 -8.095709e+01 -2.755047e-02 9.993503e-01 -2.323538e-02 -4.239734e+00 7.920838e-02 2.535359e-02 9.965356e-01 5.249836e+01
9.970066e-01 2.861638e-02 -7.182540e-02 -8.111756e+01 -3.090950e-02 9.990407e-01 -3.102033e-02 -4.251708e+00 7.086881e-02 3.314756e-02 9.969347e-01 5.317387e+01
9.970262e-01 2.996899e-02 -7.099698e-02 -8.118433e+01 -3.260068e-02 9.988126e-01 -3.620339e-02 -4.296311e+00 6.982769e-02 3.841027e-02 9.968193e-01 5.403757e+01
9.969593e-01 3.451335e-02 -6.986393e-02 -8.126581e+01 -3.749383e-02 9.984219e-01 -4.180899e-02 -4.340732e+00 6.831071e-02 4.430132e-02 9.966800e-01 5.488838e+01
9.970183e-01 3.458571e-02 -6.898007e-02 -8.132524e+01 -3.759129e-02 9.983779e-01 -4.276002e-02 -4.387922e+00 6.738930e-02 4.522558e-02 9.967012e-01 5.573203e+01
9.972656e-01 3.018460e-02 -6.745535e-02 -8.140992e+01 -3.276759e-02 9.987585e-01 -3.751906e-02 -4.425793e+00 6.623911e-02 3.962682e-02 9.970166e-01 5.659660e+01
9.971774e-01 3.028392e-02 -6.870367e-02 -8.141631e+01 -3.232887e-02 9.990608e-01 -2.885064e-02 -4.452800e+00 6.776543e-02 3.099031e-02 9.972199e-01 5.746869e+01
9.970584e-01 2.827827e-02 -7.123790e-02 -8.146615e+01 -2.989399e-02 9.993171e-01 -2.171735e-02 -4.489137e+00 7.057512e-02 2.378305e-02 9.972229e-01 5.835360e+01
9.969434e-01 2.715363e-02 -7.325689e-02 -8.153947e+01 -2.901121e-02 9.992809e-01 -2.441312e-02 -4.520633e+00 7.254131e-02 2.646377e-02 9.970143e-01 5.923283e+01
9.968319e-01 2.299384e-02 -7.614050e-02 -8.158708e+01 -2.573128e-02 9.990501e-01 -3.516874e-02 -4.470706e+00 7.525950e-02 3.701652e-02 9.964767e-01 6.004870e+01
9.964894e-01 2.158434e-02 -8.088855e-02 -8.162877e+01 -2.456958e-02 9.990463e-01 -3.609375e-02 -4.525404e+00 8.003235e-02 3.795444e-02 9.960694e-01 6.086906e+01
9.961553e-01 2.415429e-02 -8.420895e-02 -8.169611e+01 -2.750198e-02 9.988675e-01 -3.882373e-02 -4.561716e+00 8.317583e-02 4.099038e-02 9.956915e-01 6.170303e+01
9.956392e-01 3.318654e-02 -8.718539e-02 -8.180448e+01 -3.682175e-02 9.985040e-01 -4.042294e-02 -4.679713e+00 8.571346e-02 4.345698e-02 9.953716e-01 6.263890e+01
9.953222e-01 3.391001e-02 -9.046409e-02 -8.188307e+01 -3.807679e-02 9.982728e-01 -4.473852e-02 -4.706065e+00 8.879076e-02 4.797383e-02 9.948943e-01 6.333713e+01
9.949059e-01 3.572788e-02 -9.426479e-02 -8.195491e+01 -4.039500e-02 9.980265e-01 -4.807575e-02 -4.767641e+00 9.236112e-02 5.163867e-02 9.943857e-01 6.415496e+01
9.923508e-01 4.927220e-02 -1.131905e-01 -8.127054e+01 -5.548073e-02 9.970854e-01 -5.236978e-02 -4.863814e+00 1.102802e-01 5.824908e-02 9.921922e-01 6.659187e+01
9.914624e-01 5.074537e-02 -1.201132e-01 -8.129712e+01 -5.712016e-02 9.971026e-01 -5.023724e-02 -4.946852e+00 1.172158e-01 5.666922e-02 9.914883e-01 6.752475e+01
9.905232e-01 5.222941e-02 -1.270268e-01 -8.133027e+01 -5.874450e-02 9.971139e-01 -4.809315e-02 -5.028034e+00 1.241484e-01 5.509951e-02 9.907327e-01 6.845758e+01
9.897556e-01 4.719151e-02 -1.347472e-01 -8.139045e+01 -5.386979e-02 9.974716e-01 -4.635147e-02 -5.060526e+00 1.322191e-01 5.313543e-02 9.897953e-01 6.944611e+01
9.932882e-01 4.679680e-02 -1.057766e-01 -8.199529e+01 -5.239403e-02 9.973351e-01 -5.077007e-02 -4.989246e+00 1.031188e-01 5.597137e-02 9.930930e-01 7.066731e+01
9.924445e-01 4.428712e-02 -1.144224e-01 -8.206720e+01 -5.038518e-02 9.974288e-01 -5.096243e-02 -5.046481e+00 1.118712e-01 5.634258e-02 9.921242e-01 7.176054e+01
9.918200e-01 4.144254e-02 -1.207295e-01 -8.215441e+01 -4.760861e-02 9.976809e-01 -4.864383e-02 -5.064735e+00 1.184336e-01 5.399369e-02 9.914929e-01 7.260547e+01
9.908570e-01 4.451290e-02 -1.273615e-01 -8.228415e+01 -5.129437e-02 9.974075e-01 -5.046961e-02 -5.089209e+00 1.247847e-01 5.654110e-02 9.905715e-01 7.345301e+01
9.896976e-01 4.818543e-02 -1.348215e-01 -8.236956e+01 -5.531063e-02 9.972360e-01 -4.961043e-02 -5.170519e+00 1.320583e-01 5.655638e-02 9.896272e-01 7.420871e+01
9.887527e-01 5.119733e-02 -1.405237e-01 -8.250754e+01 -5.916696e-02 9.968331e-01 -5.313201e-02 -5.233295e+00 1.373585e-01 6.084878e-02 9.886506e-01 7.496688e+01
9.877928e-01 5.056219e-02 -1.473391e-01 -8.259793e+01 -5.948190e-02 9.966137e-01 -5.677257e-02 -5.266149e+00 1.439697e-01 6.484355e-02 9.874553e-01 7.579263e+01
9.869202e-01 5.223898e-02 -1.525112e-01 -8.273340e+01 -6.165468e-02 9.964299e-01 -5.767289e-02 -5.335589e+00 1.489539e-01 6.632157e-02 9.866175e-01 7.659563e+01
9.860897e-01 5.310655e-02 -1.575019e-01 -8.286605e+01 -6.210797e-02 9.966725e-01 -5.278784e-02 -5.388130e+00 1.541745e-01 6.183567e-02 9.861068e-01 7.735697e+01
9.850443e-01 5.553231e-02 -1.631073e-01 -8.307053e+01 -6.457278e-02 9.966266e-01 -5.065419e-02 -5.346189e+00 1.597441e-01 6.042891e-02 9.853071e-01 7.819841e+01
9.837205e-01 5.474565e-02 -1.711634e-01 -8.323360e+01 -6.426094e-02 9.966520e-01 -5.055080e-02 -5.368095e+00 1.678229e-01 6.072698e-02 9.839450e-01 7.938407e+01
9.828923e-01 5.091793e-02 -1.770030e-01 -8.339358e+01 -6.135502e-02 9.966543e-01 -5.399792e-02 -5.446380e+00 1.736614e-01 6.393416e-02 9.827279e-01 8.014221e+01
9.817082e-01 4.986753e-02 -1.837451e-01 -8.356426e+01 -6.211939e-02 9.961700e-01 -6.153403e-02 -5.491268e+00 1.799728e-01 7.182260e-02 9.810460e-01 8.087286e+01
9.804426e-01 4.590403e-02 -1.913767e-01 -8.373809e+01 -5.911614e-02 9.962034e-01 -6.390656e-02 -5.557804e+00 1.877166e-01 7.397017e-02 9.794340e-01 8.161457e+01
9.786945e-01 4.283417e-02 -2.008041e-01 -8.392224e+01 -5.576020e-02 9.966899e-01 -5.916123e-02 -5.661377e+00 1.976053e-01 6.909765e-02 9.778434e-01 8.233361e+01
9.764205e-01 4.033813e-02 -2.120753e-01 -8.409014e+01 -5.281930e-02 9.971690e-01 -5.351829e-02 -5.717066e+00 2.093161e-01 6.345802e-02 9.757868e-01 8.306517e+01
9.739248e-01 3.930094e-02 -2.234410e-01 -8.427828e+01 -5.070463e-02 9.976754e-01 -4.552846e-02 -5.784268e+00 2.211322e-01 5.567078e-02 9.736536e-01 8.379993e+01
9.533290e-01 2.124353e-01 -2.145578e-01 -8.458218e+01 -2.239767e-01 9.741107e-01 -3.070504e-02 -6.731440e+00 2.024802e-01 7.732796e-02 9.762285e-01 8.444904e+01
9.500492e-01 2.150039e-01 -2.262294e-01 -8.476956e+01 -2.283284e-01 9.729848e-01 -3.415848e-02 -6.786872e+00 2.127735e-01 8.410682e-02 9.734749e-01 8.517769e+01
9.470067e-01 2.154179e-01 -2.382718e-01 -8.495372e+01 -2.318376e-01 9.718110e-01 -4.283446e-02 -6.828235e+00 2.223278e-01 9.580488e-02 9.702534e-01 8.588050e+01
9.445356e-01 2.122453e-01 -2.506083e-01 -8.514548e+01 -2.311633e-01 9.717162e-01 -4.828156e-02 -6.864212e+00 2.332726e-01 1.035351e-01 9.668838e-01 8.658956e+01
9.418949e-01 2.085822e-01 -2.633011e-01 -8.534058e+01 -2.278879e-01 9.726613e-01 -4.468886e-02 -6.908332e+00 2.467815e-01 1.020954e-01 9.636781e-01 8.736637e+01
9.393127e-01 2.063759e-01 -2.740451e-01 -8.557743e+01 -2.250274e-01 9.736071e-01 -3.810359e-02 -6.949270e+00 2.589486e-01 9.745886e-02 9.609617e-01 8.808789e+01
9.352538e-01 2.047835e-01 -2.887283e-01 -8.578068e+01 -2.238215e-01 9.740311e-01 -3.416506e-02 -6.983763e+00 2.742339e-01 9.657660e-02 9.568013e-01 8.896904e+01
9.327419e-01 1.992532e-01 -3.004843e-01 -8.608148e+01 -2.202105e-01 9.747427e-01 -3.720320e-02 -7.027561e+00 2.854820e-01 1.008708e-01 9.530609e-01 8.972400e+01
9.293932e-01 1.980047e-01 -3.114842e-01 -8.632354e+01 -2.217300e-01 9.741896e-01 -4.231444e-02 -7.052876e+00 2.950662e-01 1.083921e-01 9.493087e-01 9.041686e+01
9.307609e-01 1.948454e-01 -3.093855e-01 -8.676639e+01 -2.199038e-01 9.743430e-01 -4.793873e-02 -7.077770e+00 2.921069e-01 1.126545e-01 9.497276e-01 9.109502e+01
9.292205e-01 1.917202e-01 -3.158996e-01 -8.701893e+01 -2.196184e-01 9.740421e-01 -5.486024e-02 -7.087777e+00 2.971817e-01 1.203546e-01 9.472053e-01 9.174584e+01
9.272392e-01 1.916862e-01 -3.216891e-01 -8.733127e+01 -2.210843e-01 9.735803e-01 -5.712409e-02 -7.113453e+00 3.022403e-01 1.240881e-01 9.451206e-01 9.251874e+01
9.236630e-01 1.955761e-01 -3.295400e-01 -8.760856e+01 -2.256281e-01 9.726507e-01 -5.515901e-02 -7.180223e+00 3.097395e-01 1.253018e-01 9.425290e-01 9.323382e+01
9.212718e-01 1.925555e-01 -3.379063e-01 -8.793479e+01 -2.245356e-01 9.727467e-01 -5.785788e-02 -7.039212e+00 3.175564e-01 1.291748e-01 9.393997e-01 9.423235e+01
9.184788e-01 1.906758e-01 -3.464672e-01 -8.818622e+01 -2.218682e-01 9.736722e-01 -5.231521e-02 -7.093062e+00 3.273702e-01 1.249204e-01 9.366022e-01 9.500359e+01
9.161858e-01 1.890530e-01 -3.533589e-01 -8.846037e+01 -2.183364e-01 9.748568e-01 -4.453597e-02 -7.150372e+00 3.360546e-01 1.179543e-01 9.344271e-01 9.569703e+01
9.116163e-01 1.977864e-01 -3.603279e-01 -8.866613e+01 -2.248360e-01 9.737925e-01 -3.430545e-02 -7.220091e+00 3.440995e-01 1.122881e-01 9.321947e-01 9.630896e+01
9.075019e-01 2.048980e-01 -3.666839e-01 -8.895498e+01 -2.332781e-01 9.718047e-01 -3.430618e-02 -7.257777e+00 3.493159e-01 1.166723e-01 9.297129e-01 9.699903e+01
9.054479e-01 2.045168e-01 -3.719368e-01 -8.929128e+01 -2.362907e-01 9.707994e-01 -4.141578e-02 -7.313815e+00 3.526058e-01 1.253850e-01 9.273337e-01 9.775336e+01
9.042911e-01 1.987490e-01 -3.778311e-01 -8.955251e+01 -2.341689e-01 9.709236e-01 -4.972272e-02 -7.373987e+00 3.569628e-01 1.334401e-01 9.245384e-01 9.844689e+01
9.026990e-01 1.998088e-01 -3.810655e-01 -8.985892e+01 -2.357522e-01 9.705482e-01 -4.956944e-02 -7.409877e+00 3.599380e-01 1.345833e-01 9.232183e-01 9.912142e+01
8.994504e-01 2.036478e-01 -3.866736e-01 -9.010335e+01 -2.379426e-01 9.703519e-01 -4.243248e-02 -7.472765e+00 3.665682e-01 1.301720e-01 9.212399e-01 9.975486e+01
8.981838e-01 2.024037e-01 -3.902546e-01 -9.044163e+01 -2.368841e-01 9.706392e-01 -4.177908e-02 -7.454799e+00 3.703402e-01 1.299704e-01 9.197586e-01 1.004698e+02
8.968444e-01 1.956715e-01 -3.967150e-01 -9.069677e+01 -2.358683e-01 9.702461e-01 -5.466817e-02 -7.376335e+00 3.742141e-01 1.426013e-01 9.163125e-01 1.012071e+02
8.936967e-01 1.982620e-01 -4.024903e-01 -9.093720e+01 -2.411950e-01 9.687195e-01 -5.837400e-02 -7.484688e+00 3.783268e-01 1.492473e-01 9.135612e-01 1.018639e+02
8.917292e-01 1.973681e-01 -4.072650e-01 -9.125298e+01 -2.435134e-01 9.677713e-01 -6.418630e-02 -7.541829e+00 3.814711e-01 1.564113e-01 9.110518e-01 1.025443e+02
8.893816e-01 1.977569e-01 -4.121803e-01 -9.157893e+01 -2.453106e-01 9.672461e-01 -6.525087e-02 -7.593247e+00 3.857760e-01 1.591451e-01 9.087628e-01 1.032373e+02
8.875223e-01 1.997512e-01 -4.152152e-01 -9.192946e+01 -2.463364e-01 9.672488e-01 -6.122114e-02 -7.619866e+00 3.893875e-01 1.566178e-01 9.076609e-01 1.039089e+02
8.877248e-01 1.932065e-01 -4.178707e-01 -9.227599e+01 -2.389777e-01 9.691962e-01 -5.956745e-02 -7.658592e+00 3.934899e-01 1.527413e-01 9.065516e-01 1.045660e+02
8.913370e-01 1.918447e-01 -4.107481e-01 -9.289216e+01 -2.392956e-01 9.686417e-01 -6.686393e-02 -7.568174e+00 3.850403e-01 1.578885e-01 9.092938e-01 1.053838e+02
8.899297e-01 1.911398e-01 -4.141143e-01 -9.327216e+01 -2.388754e-01 9.687922e-01 -6.618374e-02 -7.691203e+00 3.885403e-01 1.578206e-01 9.078155e-01 1.060487e+02
8.872209e-01 1.880686e-01 -4.212710e-01 -9.345995e+01 -2.378361e-01 9.688974e-01 -6.835030e-02 -7.744032e+00 3.953138e-01 1.608353e-01 9.043556e-01 1.067344e+02
8.831961e-01 1.864162e-01 -4.303646e-01 -9.361395e+01 -2.367232e-01 9.693378e-01 -6.592719e-02 -7.919884e+00 4.048788e-01 1.601039e-01 9.002444e-01 1.074274e+02
8.811350e-01 1.842202e-01 -4.355043e-01 -9.388774e+01 -2.350257e-01 9.697939e-01 -6.528923e-02 -8.000324e+00 4.103218e-01 1.598833e-01 8.978159e-01 1.080224e+02
8.789316e-01 1.840132e-01 -4.400208e-01 -9.420570e+01 -2.354472e-01 9.697266e-01 -6.476856e-02 -8.070439e+00 4.147816e-01 1.605288e-01 8.956488e-01 1.086726e+02
8.767725e-01 1.805698e-01 -4.457180e-01 -9.447670e+01 -2.364224e-01 9.689396e-01 -7.252902e-02 -8.033348e+00 4.187773e-01 1.689692e-01 8.922304e-01 1.093599e+02
8.744059e-01 1.787280e-01 -4.510772e-01 -9.473919e+01 -2.355370e-01 9.691512e-01 -7.258286e-02 -8.237196e+00 4.241894e-01 1.697123e-01 8.895286e-01 1.099076e+02
8.718511e-01 1.786487e-01 -4.560265e-01 -9.504620e+01 -2.363596e-01 9.689731e-01 -7.228643e-02 -8.383590e+00 4.289636e-01 1.708092e-01 8.870256e-01 1.105381e+02
8.710923e-01 1.770034e-01 -4.581134e-01 -9.541431e+01 -2.342222e-01 9.696062e-01 -7.073705e-02 -8.387230e+00 4.316689e-01 1.689188e-01 8.860747e-01 1.111510e+02
8.691385e-01 1.779380e-01 -4.614502e-01 -9.575036e+01 -2.311071e-01 9.710232e-01 -6.085643e-02 -8.488455e+00 4.372502e-01 1.595371e-01 8.850764e-01 1.117630e+02
8.684294e-01 1.757245e-01 -4.636283e-01 -9.610331e+01 -2.242259e-01 9.731944e-01 -5.114057e-02 -8.620904e+00 4.422138e-01 1.483694e-01 8.845527e-01 1.123652e+02
8.685176e-01 1.706992e-01 -4.653375e-01 -9.645569e+01 -2.195032e-01 9.742079e-01 -5.231876e-02 -8.569791e+00 4.444048e-01 1.475829e-01 8.835857e-01 1.129907e+02
8.672436e-01 1.658587e-01 -4.694458e-01 -9.673536e+01 -2.176123e-01 9.743238e-01 -5.777627e-02 -8.544326e+00 4.478095e-01 1.522633e-01 8.810690e-01 1.136386e+02
8.665246e-01 1.635546e-01 -4.715772e-01 -9.707324e+01 -2.200953e-01 9.731814e-01 -6.690253e-02 -8.445984e+00 4.479880e-01 1.617646e-01 8.792832e-01 1.142520e+02
8.662907e-01 1.623801e-01 -4.724121e-01 -9.746543e+01 -2.200017e-01 9.730586e-01 -6.896547e-02 -8.517346e+00 4.484860e-01 1.636756e-01 8.786755e-01 1.148016e+02
8.653271e-01 1.611770e-01 -4.745851e-01 -9.778015e+01 -2.194801e-01 9.731243e-01 -6.969628e-02 -8.590387e+00 4.505969e-01 1.644721e-01 8.774459e-01 1.153417e+02
8.651844e-01 1.584320e-01 -4.757681e-01 -9.810352e+01 -2.184062e-01 9.731145e-01 -7.312210e-02 -8.590006e+00 4.513919e-01 1.671748e-01 8.765260e-01 1.158936e+02
8.642132e-01 1.583606e-01 -4.775537e-01 -9.841014e+01 -2.184627e-01 9.731376e-01 -7.264468e-02 -8.633389e+00 4.532214e-01 1.671081e-01 8.755942e-01 1.164091e+02
8.627919e-01 1.565252e-01 -4.807182e-01 -9.866569e+01 -2.167738e-01 9.735581e-01 -7.206786e-02 -8.692789e+00 4.567266e-01 1.663867e-01 8.739086e-01 1.169320e+02
8.615733e-01 1.535778e-01 -4.838443e-01 -9.893002e+01 -2.149430e-01 9.738467e-01 -7.363517e-02 -8.732321e+00 4.598815e-01 1.674411e-01 8.720508e-01 1.174483e+02
8.608125e-01 1.509200e-01 -4.860299e-01 -9.919128e+01 -2.143394e-01 9.736981e-01 -7.726997e-02 -8.722594e+00 4.615848e-01 1.706903e-01 8.705196e-01 1.179379e+02
8.604370e-01 1.495073e-01 -4.871300e-01 -9.947070e+01 -2.145857e-01 9.734002e-01 -8.028050e-02 -8.736026e+00 4.621700e-01 1.736074e-01 8.696317e-01 1.183923e+02
8.588352e-01 1.506865e-01 -4.895873e-01 -9.971046e+01 -2.185192e-01 9.722019e-01 -8.410007e-02 -8.748605e+00 4.633050e-01 1.792123e-01 8.678891e-01 1.188293e+02
8.578080e-01 1.494260e-01 -4.917696e-01 -9.996122e+01 -2.202028e-01 9.713904e-01 -8.894564e-02 -8.778609e+00 4.644095e-01 1.845873e-01 8.661705e-01 1.192456e+02
8.566040e-01 1.452567e-01 -4.951061e-01 -1.001906e+02 -2.191105e-01 9.711447e-01 -9.417317e-02 -8.791239e+00 4.671404e-01 1.891521e-01 8.637137e-01 1.196475e+02
8.556878e-01 1.399506e-01 -4.982091e-01 -1.004359e+02 -2.143579e-01 9.721154e-01 -9.509110e-02 -8.861916e+00 4.710087e-01 1.881633e-01 8.618268e-01 1.200120e+02
8.520718e-01 1.388829e-01 -5.046635e-01 -1.006234e+02 -2.140442e-01 9.723087e-01 -9.381310e-02 -8.907504e+00 4.776597e-01 1.879558e-01 8.582039e-01 1.203705e+02
8.488187e-01 1.405866e-01 -5.096492e-01 -1.008744e+02 -2.160922e-01 9.720515e-01 -9.176052e-02 -8.923815e+00 4.825050e-01 1.880193e-01 8.554751e-01 1.207015e+02
8.452722e-01 1.430457e-01 -5.148328e-01 -1.011025e+02 -2.178211e-01 9.720547e-01 -8.754267e-02 -8.933114e+00 4.879231e-01 1.861388e-01 8.528091e-01 1.210227e+02
8.408535e-01 1.428751e-01 -5.220652e-01 -1.012744e+02 -2.162294e-01 9.728921e-01 -8.201126e-02 -8.952556e+00 4.961957e-01 1.818453e-01 8.489535e-01 1.213354e+02
8.371840e-01 1.405868e-01 -5.285436e-01 -1.014787e+02 -2.136542e-01 9.736749e-01 -7.942965e-02 -8.980808e+00 5.034629e-01 1.794228e-01 8.451820e-01 1.216174e+02
8.332685e-01 1.345075e-01 -5.362568e-01 -1.016556e+02 -2.100830e-01 9.742323e-01 -8.207636e-02 -8.991705e+00 5.113988e-01 1.810501e-01 8.400549e-01 1.218890e+02
8.278051e-01 1.286708e-01 -5.460609e-01 -1.018199e+02 -2.085755e-01 9.741606e-01 -8.664564e-02 -8.959606e+00 5.208023e-01 1.856206e-01 8.332527e-01 1.221587e+02
8.200222e-01 1.231274e-01 -5.589304e-01 -1.019691e+02 -2.071627e-01 9.742203e-01 -8.932191e-02 -8.957491e+00 5.335234e-01 1.890355e-01 8.243897e-01 1.224135e+02
8.108313e-01 1.197522e-01 -5.728980e-01 -1.021322e+02 -2.087183e-01 9.736501e-01 -9.188130e-02 -8.928110e+00 5.467992e-01 1.940745e-01 8.144604e-01 1.226433e+02
7.987625e-01 1.179310e-01 -5.899752e-01 -1.022809e+02 -2.110257e-01 9.732197e-01 -9.116763e-02 -8.950335e+00 5.634240e-01 1.973212e-01 8.022579e-01 1.228491e+02
7.856290e-01 1.133972e-01 -6.082172e-01 -1.024213e+02 -2.136143e-01 9.723229e-01 -9.464200e-02 -8.951644e+00 5.806514e-01 2.042774e-01 7.881083e-01 1.230411e+02
7.701460e-01 1.102830e-01 -6.282617e-01 -1.025408e+02 -2.152284e-01 9.721068e-01 -9.319435e-02 -9.064575e+00 6.004597e-01 2.069930e-01 7.724002e-01 1.232098e+02
7.554166e-01 1.053696e-01 -6.467171e-01 -1.026662e+02 -2.193867e-01 9.706929e-01 -9.810602e-02 -9.074368e+00 6.174263e-01 2.159920e-01 7.563942e-01 1.233825e+02
7.393061e-01 1.038581e-01 -6.653120e-01 -1.027890e+02 -2.268176e-01 9.687044e-01 -1.008246e-01 -9.051517e+00 6.340192e-01 2.254447e-01 7.397259e-01 1.235583e+02
7.225824e-01 1.059261e-01 -6.831210e-01 -1.029362e+02 -2.347997e-01 9.670494e-01 -9.841058e-02 -9.050419e+00 6.501875e-01 2.315064e-01 7.236443e-01 1.237055e+02
7.058065e-01 1.019750e-01 -7.010266e-01 -1.030909e+02 -2.403435e-01 9.653608e-01 -1.015559e-01 -8.983762e+00 6.663874e-01 2.401660e-01 7.058669e-01 1.238732e+02
6.876607e-01 9.278382e-02 -7.200792e-01 -1.032250e+02 -2.373116e-01 9.660479e-01 -1.021502e-01 -9.022190e+00 6.861531e-01 2.411278e-01 6.863318e-01 1.240304e+02
6.694703e-01 8.386082e-02 -7.380900e-01 -1.033756e+02 -2.346263e-01 9.666147e-01 -1.029877e-01 -9.043421e+00 7.048120e-01 2.421225e-01 6.667958e-01 1.241597e+02
6.457195e-01 7.586682e-02 -7.597964e-01 -1.035335e+02 -2.351625e-01 9.664453e-01 -1.033538e-01 -9.038472e+00 7.264606e-01 2.454132e-01 6.418936e-01 1.243541e+02
6.249477e-01 7.151865e-02 -7.773837e-01 -1.037056e+02 -2.356351e-01 9.666311e-01 -1.005006e-01 -9.008068e+00 7.442556e-01 2.459865e-01 6.209462e-01 1.244183e+02
6.026583e-01 6.638948e-02 -7.952329e-01 -1.038783e+02 -2.352997e-01 9.670111e-01 -9.758898e-02 -8.996770e+00 7.625202e-01 2.459309e-01 5.983987e-01 1.245001e+02
5.782777e-01 6.164334e-02 -8.135079e-01 -1.040499e+02 -2.337719e-01 9.678492e-01 -9.283696e-02 -9.041349e+00 7.816301e-01 2.438608e-01 5.740960e-01 1.245820e+02
5.531343e-01 5.792658e-02 -8.310758e-01 -1.042496e+02 -2.394222e-01 9.665487e-01 -9.198167e-02 -8.989740e+00 7.979471e-01 2.498562e-01 5.485001e-01 1.246915e+02
5.240077e-01 5.387747e-02 -8.500077e-01 -1.044341e+02 -2.419930e-01 9.662851e-01 -8.793471e-02 -8.990142e+00 8.166121e-01 2.517744e-01 5.193788e-01 1.248327e+02
4.900871e-01 4.509326e-02 -8.705063e-01 -1.046214e+02 -2.457066e-01 9.653117e-01 -8.832627e-02 -8.958982e+00 8.363270e-01 2.571767e-01 4.841666e-01 1.250569e+02
4.615730e-01 3.486649e-02 -8.864168e-01 -1.048136e+02 -2.493470e-01 9.640419e-01 -9.191963e-02 -8.911666e+00 8.513380e-01 2.634530e-01 4.536696e-01 1.251553e+02
4.292206e-01 2.543820e-02 -9.028414e-01 -1.050298e+02 -2.557260e-01 9.621228e-01 -9.446643e-02 -8.891274e+00 8.662412e-01 2.714270e-01 4.194681e-01 1.252640e+02
3.978624e-01 1.495774e-02 -9.173232e-01 -1.052395e+02 -2.603216e-01 9.606125e-01 -9.724333e-02 -8.883183e+00 8.797376e-01 2.774885e-01 3.860854e-01 1.253072e+02
3.553059e-01 9.348676e-04 -9.347496e-01 -1.054871e+02 -2.661150e-01 9.587200e-01 -1.001936e-01 -8.867802e+00 8.960695e-01 2.843503e-01 3.408876e-01 1.254731e+02
3.155671e-01 -1.329728e-02 -9.488101e-01 -1.057673e+02 -2.716895e-01 9.567740e-01 -1.037708e-01 -8.809862e+00 9.091767e-01 2.905283e-01 2.983136e-01 1.255588e+02
2.688138e-01 -2.743872e-02 -9.628013e-01 -1.060760e+02 -2.768246e-01 9.552201e-01 -1.045120e-01 -8.814343e+00 9.225548e-01 2.946213e-01 2.491806e-01 1.256864e+02
2.230222e-01 -4.228960e-02 -9.738956e-01 -1.063770e+02 -2.802555e-01 9.540984e-01 -1.056085e-01 -8.823711e+00 9.336584e-01 2.964926e-01 2.009333e-01 1.257330e+02
1.755531e-01 -5.713297e-02 -9.828107e-01 -1.066855e+02 -2.830757e-01 9.532245e-01 -1.059770e-01 -8.831345e+00 9.428941e-01 2.968145e-01 1.511686e-01 1.257602e+02
1.211706e-01 -7.379173e-02 -9.898851e-01 -1.070323e+02 -2.846327e-01 9.527730e-01 -1.058667e-01 -8.867091e+00 9.509479e-01 2.945816e-01 9.444450e-02 1.258510e+02
6.959054e-02 -8.902013e-02 -9.935958e-01 -1.073925e+02 -2.825329e-01 9.534701e-01 -1.052135e-01 -8.910459e+00 9.567300e-01 2.880454e-01 4.120139e-02 1.258474e+02
1.760991e-02 -1.064297e-01 -9.941643e-01 -1.077758e+02 -2.816163e-01 9.535348e-01 -1.070685e-01 -8.929784e+00 9.593655e-01 2.818584e-01 -1.318070e-02 1.258370e+02
-3.460738e-02 -1.242220e-01 -9.916508e-01 -1.081560e+02 -2.800410e-01 9.537002e-01 -1.096950e-01 -8.960980e+00 9.593640e-01 2.739066e-01 -6.779234e-02 1.258001e+02
-9.062967e-02 -1.431617e-01 -9.855410e-01 -1.085626e+02 -2.805239e-01 9.532115e-01 -1.126687e-01 -8.994182e+00 9.555588e-01 2.662566e-01 -1.265495e-01 1.257919e+02
-1.417723e-01 -1.600096e-01 -9.768815e-01 -1.089465e+02 -2.790787e-01 9.532796e-01 -1.156417e-01 -9.036775e+00 9.497451e-01 2.562320e-01 -1.798039e-01 1.256980e+02
-1.909926e-01 -1.713198e-01 -9.665254e-01 -1.092960e+02 -2.788592e-01 9.535517e-01 -1.139155e-01 -9.052630e+00 9.411479e-01 2.477675e-01 -2.298954e-01 1.255686e+02
-2.378624e-01 -1.860840e-01 -9.533070e-01 -1.096832e+02 -2.790038e-01 9.532033e-01 -1.164488e-01 -9.069161e+00 9.303646e-01 2.382775e-01 -2.786494e-01 1.254237e+02
-2.740191e-01 -2.036495e-01 -9.399151e-01 -1.095636e+02 -2.780437e-01 9.523628e-01 -1.252868e-01 -9.035481e+00 9.206548e-01 2.270066e-01 -3.175891e-01 1.252165e+02
-3.213749e-01 -2.116461e-01 -9.229974e-01 -1.101229e+02 -2.801754e-01 9.523158e-01 -1.208157e-01 -9.018599e+00 9.045551e-01 2.197741e-01 -3.653484e-01 1.250215e+02
-3.544907e-01 -2.268194e-01 -9.071325e-01 -1.103550e+02 -2.821144e-01 9.508694e-01 -1.275102e-01 -8.951505e+00 8.914863e-01 2.107140e-01 -4.010634e-01 1.246096e+02
-3.959223e-01 -2.414032e-01 -8.859853e-01 -1.106537e+02 -2.842174e-01 9.496650e-01 -1.317450e-01 -8.968256e+00 8.731930e-01 1.996517e-01 -4.446046e-01 1.245783e+02
-4.367093e-01 -2.658222e-01 -8.594321e-01 -1.111590e+02 -2.968165e-01 9.444247e-01 -1.412869e-01 -8.992731e+00 8.492261e-01 1.933923e-01 -4.913395e-01 1.244210e+02
-4.698984e-01 -2.740307e-01 -8.391082e-01 -1.115914e+02 -2.967513e-01 9.443072e-01 -1.422060e-01 -9.060661e+00 8.313448e-01 1.821841e-01 -5.250474e-01 1.241497e+02
-4.969975e-01 -2.794692e-01 -8.215172e-01 -1.119971e+02 -2.960545e-01 9.445254e-01 -1.422093e-01 -9.134006e+00 8.156870e-01 1.725362e-01 -5.521648e-01 1.238316e+02
-5.189476e-01 -2.820944e-01 -8.069177e-01 -1.123867e+02 -2.956193e-01 9.449572e-01 -1.402326e-01 -9.163876e+00 8.020614e-01 1.657671e-01 -5.737758e-01 1.235159e+02
-5.365207e-01 -2.835626e-01 -7.948193e-01 -1.128410e+02 -2.951265e-01 9.454285e-01 -1.380775e-01 -9.239585e+00 7.905984e-01 1.604908e-01 -5.909288e-01 1.231557e+02
-5.501733e-01 -2.848145e-01 -7.849777e-01 -1.132667e+02 -2.933647e-01 9.460403e-01 -1.376403e-01 -9.328036e+00 7.818225e-01 1.545587e-01 -6.040407e-01 1.227981e+02
-5.605031e-01 -2.877381e-01 -7.765585e-01 -1.137404e+02 -2.935053e-01 9.458535e-01 -1.386212e-01 -9.400011e+00 7.743971e-01 1.502264e-01 -6.146065e-01 1.224003e+02
-5.689415e-01 -2.885266e-01 -7.701025e-01 -1.140970e+02 -2.931648e-01 9.460691e-01 -1.378679e-01 -9.408305e+00 7.683488e-01 1.473282e-01 -6.228439e-01 1.220747e+02
-5.760047e-01 -2.909518e-01 -7.639147e-01 -1.146040e+02 -2.931299e-01 9.458802e-01 -1.392320e-01 -9.499913e+00 7.630815e-01 1.437279e-01 -6.301181e-01 1.216320e+02
-5.825620e-01 -2.915087e-01 -7.587122e-01 -1.151193e+02 -2.921902e-01 9.461780e-01 -1.391836e-01 -9.594869e+00 7.584500e-01 1.406052e-01 -6.363833e-01 1.211953e+02
-5.878620e-01 -2.922444e-01 -7.543285e-01 -1.156465e+02 -2.917982e-01 9.462947e-01 -1.392129e-01 -9.690290e+00 7.545012e-01 1.382737e-01 -6.415671e-01 1.207279e+02
-5.921769e-01 -2.933323e-01 -7.505216e-01 -1.161817e+02 -2.921753e-01 9.461703e-01 -1.392670e-01 -9.783855e+00 7.509728e-01 1.368131e-01 -6.460047e-01 1.202674e+02
-5.956781e-01 -2.947163e-01 -7.472014e-01 -1.167230e+02 -2.922972e-01 9.460085e-01 -1.401083e-01 -9.890825e+00 7.481510e-01 1.349455e-01 -6.496613e-01 1.198108e+02
-5.975010e-01 -2.963541e-01 -7.450952e-01 -1.172817e+02 -2.926609e-01 9.456959e-01 -1.414526e-01 -9.998485e+00 7.465535e-01 1.335422e-01 -6.517855e-01 1.193135e+02
-5.982998e-01 -2.972626e-01 -7.440916e-01 -1.178383e+02 -2.928293e-01 9.455199e-01 -1.422781e-01 -1.011371e+01 7.458474e-01 1.327669e-01 -6.527515e-01 1.188209e+02
-6.028495e-01 -2.979318e-01 -7.401413e-01 -1.187114e+02 -2.996115e-01 9.443067e-01 -1.360800e-01 -1.016471e+01 7.394630e-01 1.397191e-01 -6.585386e-01 1.182911e+02
-6.035339e-01 -2.989208e-01 -7.391841e-01 -1.193184e+02 -3.006308e-01 9.439556e-01 -1.362679e-01 -1.028865e+01 7.384903e-01 1.399792e-01 -6.595740e-01 1.177399e+02
-6.042034e-01 -2.997471e-01 -7.383021e-01 -1.199170e+02 -3.020790e-01 9.435512e-01 -1.358653e-01 -1.040026e+01 7.373511e-01 1.409353e-01 -6.606441e-01 1.172046e+02
-6.051474e-01 -2.991964e-01 -7.377520e-01 -1.205030e+02 -3.008281e-01 9.439238e-01 -1.360528e-01 -1.053089e+01 7.370882e-01 1.396045e-01 -6.612198e-01 1.166920e+02
-6.056563e-01 -2.991747e-01 -7.373432e-01 -1.211253e+02 -2.991303e-01 9.442644e-01 -1.374257e-01 -1.063776e+01 7.373612e-01 1.373290e-01 -6.613919e-01 1.161274e+02
-6.066503e-01 -2.997208e-01 -7.363035e-01 -1.217705e+02 -2.973398e-01 9.445260e-01 -1.394980e-01 -1.078360e+01 7.372682e-01 1.343059e-01 -6.621159e-01 1.155397e+02
-6.072853e-01 -3.002534e-01 -7.355627e-01 -1.224069e+02 -2.976954e-01 9.443822e-01 -1.397134e-01 -1.091955e+01 7.366017e-01 1.341277e-01 -6.628935e-01 1.149541e+02
-6.088410e-01 -2.982606e-01 -7.350872e-01 -1.230886e+02 -2.976831e-01 9.448127e-01 -1.367983e-01 -1.109377e+01 7.353213e-01 1.355346e-01 -6.640278e-01 1.143229e+02
-6.091610e-01 -3.000614e-01 -7.340885e-01 -1.237610e+02 -2.996506e-01 9.441238e-01 -1.372581e-01 -1.123259e+01 7.342563e-01 1.363578e-01 -6.650370e-01 1.137137e+02
-6.101979e-01 -3.021382e-01 -7.323736e-01 -1.244503e+02 -3.012001e-01 9.434819e-01 -1.382767e-01 -1.136947e+01 7.327599e-01 1.362149e-01 -6.667147e-01 1.131090e+02
-6.067008e-01 -3.029496e-01 -7.349392e-01 -1.250143e+02 -3.039983e-01 9.426789e-01 -1.376280e-01 -1.140803e+01 7.345061e-01 1.399212e-01 -6.640202e-01 1.124180e+02
-6.079210e-01 -3.035405e-01 -7.336861e-01 -1.256999e+02 -3.064293e-01 9.421451e-01 -1.358815e-01 -1.154005e+01 7.324843e-01 1.422177e-01 -6.657634e-01 1.117933e+02
-6.089041e-01 -3.046611e-01 -7.324052e-01 -1.264065e+02 -3.101463e-01 9.412428e-01 -1.336839e-01 -1.167534e+01 7.300994e-01 1.457521e-01 -6.676160e-01 1.111329e+02
-6.052522e-01 -3.017099e-01 -7.366416e-01 -1.269351e+02 -3.106672e-01 9.415353e-01 -1.303735e-01 -1.178317e+01 7.329090e-01 1.499416e-01 -6.635977e-01 1.103944e+02
-5.998865e-01 -2.973919e-01 -7.427612e-01 -1.274458e+02 -3.096082e-01 9.423129e-01 -1.272366e-01 -1.183315e+01 7.377526e-01 1.536374e-01 -6.573558e-01 1.096726e+02
-5.957304e-01 -2.953971e-01 -7.468908e-01 -1.280204e+02 -3.052048e-01 9.434147e-01 -1.296871e-01 -1.198980e+01 7.429369e-01 1.506961e-01 -6.521774e-01 1.089357e+02
-6.357456e-01 -2.956093e-01 -7.130517e-01 -1.296090e+02 -2.801934e-01 9.491322e-01 -1.436650e-01 -1.314608e+01 7.192490e-01 1.084580e-01 -6.862344e-01 1.087504e+02
-6.355836e-01 -2.941040e-01 -7.138181e-01 -1.303131e+02 -2.772758e-01 9.498661e-01 -1.444730e-01 -1.332681e+01 7.205218e-01 1.060998e-01 -6.852673e-01 1.079811e+02
-6.349124e-01 -2.937647e-01 -7.145548e-01 -1.309716e+02 -2.745968e-01 9.503039e-01 -1.466939e-01 -1.351981e+01 7.221377e-01 1.030767e-01 -6.840266e-01 1.072767e+02
-6.352150e-01 -2.937310e-01 -7.142997e-01 -1.316943e+02 -2.743285e-01 9.503579e-01 -1.468460e-01 -1.367839e+01 7.219736e-01 1.026740e-01 -6.842603e-01 1.065565e+02
-6.349846e-01 -2.942404e-01 -7.142949e-01 -1.323973e+02 -2.743740e-01 9.502397e-01 -1.475241e-01 -1.383829e+01 7.221589e-01 1.023084e-01 -6.841195e-01 1.058548e+02
-6.362208e-01 -2.912456e-01 -7.144222e-01 -1.330857e+02 -2.702222e-01 9.514728e-01 -1.472397e-01 -1.405594e+01 7.226362e-01 9.937577e-02 -6.840478e-01 1.051499e+02
-6.363794e-01 -2.913661e-01 -7.142318e-01 -1.338062e+02 -2.697560e-01 9.515162e-01 -1.478125e-01 -1.421882e+01 7.226707e-01 9.860348e-02 -6.841231e-01 1.044300e+02
-6.374259e-01 -2.879242e-01 -7.146943e-01 -1.345019e+02 -2.652492e-01 9.528616e-01 -1.473011e-01 -1.443154e+01 7.234163e-01 9.567856e-02 -6.837503e-01 1.037212e+02
-6.371975e-01 -2.882874e-01 -7.147515e-01 -1.352095e+02 -2.652483e-01 9.527805e-01 -1.478263e-01 -1.458554e+01 7.236178e-01 9.539207e-02 -6.835771e-01 1.030104e+02
-6.375602e-01 -2.887864e-01 -7.142264e-01 -1.359114e+02 -2.658352e-01 9.526097e-01 -1.478729e-01 -1.474735e+01 7.230827e-01 9.558859e-02 -6.841156e-01 1.023177e+02
-6.379020e-01 -2.878840e-01 -7.142856e-01 -1.366030e+02 -2.647756e-01 9.529453e-01 -1.476116e-01 -1.494148e+01 7.231701e-01 9.496363e-02 -6.841103e-01 1.016054e+02
-6.384843e-01 -2.877392e-01 -7.138235e-01 -1.372983e+02 -2.643241e-01 9.530501e-01 -1.477440e-01 -1.512336e+01 7.228213e-01 9.434853e-02 -6.845639e-01 1.009025e+02
-6.394349e-01 -2.881884e-01 -7.127906e-01 -1.379927e+02 -2.638382e-01 9.530454e-01 -1.486401e-01 -1.530131e+01 7.221581e-01 9.301571e-02 -6.854456e-01 1.002253e+02
-6.401070e-01 -2.881879e-01 -7.121873e-01 -1.386762e+02 -2.640811e-01 9.530322e-01 -1.482928e-01 -1.545994e+01 7.214736e-01 9.315193e-02 -6.861476e-01 9.954626e+01
-6.406210e-01 -2.881932e-01 -7.117228e-01 -1.393634e+02 -2.644511e-01 9.529971e-01 -1.478587e-01 -1.562409e+01 7.208817e-01 9.349453e-02 -6.867229e-01 9.885871e+01
-6.411737e-01 -2.876395e-01 -7.114491e-01 -1.400522e+02 -2.647683e-01 9.530853e-01 -1.467182e-01 -1.578081e+01 7.202736e-01 9.429727e-02 -6.872510e-01 9.816639e+01
-6.412943e-01 -2.864862e-01 -7.118057e-01 -1.407387e+02 -2.640030e-01 9.534258e-01 -1.458820e-01 -1.593776e+01 7.204471e-01 9.436556e-02 -6.870597e-01 9.746899e+01
-6.421299e-01 -2.829410e-01 -7.124700e-01 -1.414242e+02 -2.610260e-01 9.545574e-01 -1.438248e-01 -1.610274e+01 7.207875e-01 9.361902e-02 -6.868048e-01 9.678208e+01
-6.418670e-01 -2.814230e-01 -7.133077e-01 -1.421139e+02 -2.603096e-01 9.549487e-01 -1.425196e-01 -1.626012e+01 7.212806e-01 9.420225e-02 -6.862071e-01 9.610806e+01
-6.419610e-01 -2.784403e-01 -7.143928e-01 -1.428091e+02 -2.592017e-01 9.556862e-01 -1.395650e-01 -1.641153e+01 7.215959e-01 9.557653e-02 -6.856854e-01 9.543481e+01
-6.410432e-01 -2.781062e-01 -7.153465e-01 -1.435021e+02 -2.599343e-01 9.556296e-01 -1.385865e-01 -1.657216e+01 7.221480e-01 9.710316e-02 -6.848892e-01 9.476004e+01
-6.395638e-01 -2.794119e-01 -7.161614e-01 -1.441910e+02 -2.603473e-01 9.552813e-01 -1.402033e-01 -1.673104e+01 7.233101e-01 9.678176e-02 -6.837074e-01 9.410432e+01
-6.379833e-01 -2.800237e-01 -7.173312e-01 -1.448632e+02 -2.590681e-01 9.552887e-01 -1.425036e-01 -1.688393e+01 7.251628e-01 9.492270e-02 -6.820034e-01 9.344914e+01
-6.361586e-01 -2.829784e-01 -7.177921e-01 -1.455596e+02 -2.578514e-01 9.547993e-01 -1.478886e-01 -1.702542e+01 7.271967e-01 9.100309e-02 -6.803701e-01 9.278400e+01
-6.351786e-01 -2.848157e-01 -7.179333e-01 -1.462687e+02 -2.544008e-01 9.548054e-01 -1.537102e-01 -1.718689e+01 7.292657e-01 8.500934e-02 -6.789293e-01 9.210835e+01
-6.346751e-01 -2.856811e-01 -7.180347e-01 -1.469764e+02 -2.537036e-01 9.546870e-01 -1.555867e-01 -1.736622e+01 7.299466e-01 8.342097e-02 -6.783944e-01 9.143262e+01
-6.358101e-01 -2.895477e-01 -7.154772e-01 -1.476427e+02 -2.540905e-01 9.538199e-01 -1.602050e-01 -1.773067e+01 7.288234e-01 7.993599e-02 -6.800196e-01 9.081360e+01
-6.352176e-01 -2.902693e-01 -7.157111e-01 -1.483462e+02 -2.582197e-01 9.531778e-01 -1.573995e-01 -1.789449e+01 7.278882e-01 8.482783e-02 -6.804286e-01 9.009177e+01
-6.348615e-01 -2.908011e-01 -7.158111e-01 -1.490397e+02 -2.584672e-01 9.530227e-01 -1.579316e-01 -1.806204e+01 7.281109e-01 8.474898e-02 -6.802000e-01 8.941073e+01
-6.343268e-01 -2.902607e-01 -7.165042e-01 -1.497314e+02 -2.560260e-01 9.534086e-01 -1.595704e-01 -1.822523e+01 7.294382e-01 8.222394e-02 -6.790869e-01 8.871288e+01
-6.344152e-01 -2.909840e-01 -7.161324e-01 -1.504165e+02 -2.552598e-01 9.533343e-01 -1.612332e-01 -1.840432e+01 7.296299e-01 8.051106e-02 -6.790863e-01 8.805259e+01
-6.334667e-01 -2.926247e-01 -7.163035e-01 -1.510766e+02 -2.572756e-01 9.527164e-01 -1.616811e-01 -1.857169e+01 7.297459e-01 8.186782e-02 -6.787993e-01 8.737364e+01
-6.353681e-01 -2.929702e-01 -7.144760e-01 -1.517965e+02 -2.596595e-01 9.524159e-01 -1.596276e-01 -1.872931e+01 7.272444e-01 8.409816e-02 -6.812071e-01 8.673446e+01
-6.349741e-01 -2.926047e-01 -7.149758e-01 -1.524444e+02 -2.581588e-01 9.526595e-01 -1.606047e-01 -1.889383e+01 7.281222e-01 8.259745e-02 -6.804526e-01 8.606187e+01
-6.357003e-01 -2.926695e-01 -7.143036e-01 -1.531390e+02 -2.552637e-01 9.529833e-01 -1.632890e-01 -1.906700e+01 7.285091e-01 7.853289e-02 -6.805197e-01 8.539935e+01
-6.355133e-01 -2.934232e-01 -7.141608e-01 -1.538141e+02 -2.537477e-01 9.529657e-01 -1.657360e-01 -1.923408e+01 7.292016e-01 7.588919e-02 -6.800779e-01 8.472551e+01
-6.364704e-01 -2.945639e-01 -7.128377e-01 -1.545136e+02 -2.541023e-01 9.526863e-01 -1.667960e-01 -1.941294e+01 7.282428e-01 7.497299e-02 -6.812059e-01 8.407126e+01
-6.362046e-01 -2.977369e-01 -7.117559e-01 -1.552049e+02 -2.570645e-01 9.516264e-01 -1.683002e-01 -1.962552e+01 7.274349e-01 7.589388e-02 -6.819667e-01 8.333978e+01
-6.347539e-01 -3.066207e-01 -7.092752e-01 -1.558065e+02 -2.634166e-01 9.487831e-01 -1.744200e-01 -1.985527e+01 7.264291e-01 7.612107e-02 -6.830127e-01 8.268683e+01
-6.355567e-01 -3.041726e-01 -7.096103e-01 -1.564755e+02 -2.625325e-01 9.494945e-01 -1.718632e-01 -2.003469e+01 7.260471e-01 7.706691e-02 -6.833127e-01 8.203182e+01
-6.357969e-01 -3.017156e-01 -7.104436e-01 -1.571499e+02 -2.612217e-01 9.502313e-01 -1.697752e-01 -2.022126e+01 7.263096e-01 7.764079e-02 -6.829688e-01 8.136401e+01
-6.359994e-01 -2.979944e-01 -7.118315e-01 -1.577172e+02 -2.591755e-01 9.513367e-01 -1.666933e-01 -2.035005e+01 7.268650e-01 7.847240e-02 -6.822824e-01 8.077585e+01
-6.359146e-01 -2.960825e-01 -7.127046e-01 -1.583887e+02 -2.575541e-01 9.519553e-01 -1.656715e-01 -2.053039e+01 7.275153e-01 7.820707e-02 -6.816195e-01 8.010014e+01
-6.351233e-01 -2.966014e-01 -7.131942e-01 -1.585412e+02 -2.533339e-01 9.522500e-01 -1.704169e-01 -2.126511e+01 7.296851e-01 7.244053e-02 -6.799354e-01 7.961242e+01
-6.346386e-01 -2.984443e-01 -7.128568e-01 -1.593071e+02 -2.545133e-01 9.516791e-01 -1.718427e-01 -2.147813e+01 7.296964e-01 7.237356e-02 -6.799303e-01 7.889646e+01
-6.344351e-01 -2.974140e-01 -7.134683e-01 -1.599833e+02 -2.547356e-01 9.518991e-01 -1.702877e-01 -2.165589e+01 7.297958e-01 7.370927e-02 -6.796801e-01 7.822441e+01
-6.339089e-01 -2.972168e-01 -7.140180e-01 -1.606540e+02 -2.556585e-01 9.518390e-01 -1.692371e-01 -2.182647e+01 7.299303e-01 7.526384e-02 -6.793652e-01 7.757332e+01
-6.355649e-01 -2.992583e-01 -7.116893e-01 -1.614879e+02 -2.578639e-01 9.511661e-01 -1.696738e-01 -2.204192e+01 7.277111e-01 7.568026e-02 -6.816958e-01 7.688407e+01
-6.341686e-01 -3.033709e-01 -7.111935e-01 -1.621561e+02 -2.595274e-01 9.499672e-01 -1.738040e-01 -2.222870e+01 7.283376e-01 7.435315e-02 -6.811724e-01 7.623977e+01
-6.339334e-01 -3.040105e-01 -7.111301e-01 -1.628125e+02 -2.600264e-01 9.497538e-01 -1.742237e-01 -2.240492e+01 7.283644e-01 7.446641e-02 -6.811315e-01 7.561107e+01
-6.329570e-01 -3.048162e-01 -7.116548e-01 -1.634342e+02 -2.620940e-01 9.493176e-01 -1.735015e-01 -2.259207e+01 7.284725e-01 7.670148e-02 -6.807678e-01 7.497030e+01
-6.330841e-01 -3.068490e-01 -7.106675e-01 -1.640891e+02 -2.664192e-01 9.483602e-01 -1.721447e-01 -2.276440e+01 7.267912e-01 8.035340e-02 -6.821422e-01 7.435575e+01
-6.324601e-01 -3.076705e-01 -7.108678e-01 -1.647415e+02 -2.696377e-01 9.477813e-01 -1.703119e-01 -2.291307e+01 7.261472e-01 8.396130e-02 -6.823934e-01 7.373862e+01
-6.341076e-01 -3.009748e-01 -7.122652e-01 -1.653259e+02 -2.620711e-01 9.502717e-01 -1.682331e-01 -2.323066e+01 7.274794e-01 7.998622e-02 -6.814513e-01 7.316035e+01
-6.361341e-01 -2.997304e-01 -7.109817e-01 -1.660486e+02 -2.612437e-01 9.507080e-01 -1.670508e-01 -2.338488e+01 7.260062e-01 7.947282e-02 -6.830805e-01 7.259038e+01
-6.361171e-01 -3.020465e-01 -7.100162e-01 -1.666869e+02 -2.626463e-01 9.500069e-01 -1.688306e-01 -2.357229e+01 7.255150e-01 7.908712e-02 -6.836470e-01 7.198147e+01
-6.358062e-01 -3.029837e-01 -7.098953e-01 -1.672674e+02 -2.637867e-01 9.496509e-01 -1.690553e-01 -2.372276e+01 7.253738e-01 7.977458e-02 -6.837170e-01 7.140517e+01
-6.358007e-01 -3.038471e-01 -7.095311e-01 -1.678698e+02 -2.646353e-01 9.493514e-01 -1.694110e-01 -2.387754e+01 7.250694e-01 8.005535e-02 -6.840069e-01 7.082077e+01
-6.365031e-01 -3.032330e-01 -7.091640e-01 -1.684320e+02 -2.622972e-01 9.497707e-01 -1.706922e-01 -2.412861e+01 7.253027e-01 7.736563e-02 -6.840691e-01 7.024858e+01
-6.370833e-01 -3.017009e-01 -7.092964e-01 -1.690031e+02 -2.608904e-01 9.503029e-01 -1.698843e-01 -2.429386e+01 7.253007e-01 7.681822e-02 -6.841330e-01 6.969111e+01
-6.371525e-01 -3.019268e-01 -7.091382e-01 -1.695676e+02 -2.612358e-01 9.502139e-01 -1.698513e-01 -2.444229e+01 7.251156e-01 7.703113e-02 -6.843052e-01 6.913190e+01
-6.366589e-01 -3.017860e-01 -7.096412e-01 -1.701133e+02 -2.607923e-01 9.502821e-01 -1.701508e-01 -2.458056e+01 7.257085e-01 7.674095e-02 -6.837091e-01 6.856325e+01
-6.370072e-01 -3.022219e-01 -7.091430e-01 -1.706860e+02 -2.594270e-01 9.503279e-01 -1.719724e-01 -2.474001e+01 7.258922e-01 7.442319e-02 -6.837702e-01 6.800293e+01
-6.370851e-01 -3.012061e-01 -7.095051e-01 -1.712877e+02 -2.572674e-01 9.507951e-01 -1.726331e-01 -2.488598e+01 7.265921e-01 7.255052e-02 -6.832279e-01 6.741512e+01
-6.371722e-01 -3.023460e-01 -7.089418e-01 -1.718352e+02 -2.572122e-01 9.505239e-01 -1.742013e-01 -2.502202e+01 7.265352e-01 7.135225e-02 -6.834145e-01 6.689375e+01
-6.369740e-01 -3.047483e-01 -7.080909e-01 -1.723794e+02 -2.575703e-01 9.498889e-01 -1.771120e-01 -2.518326e+01 7.265822e-01 6.956745e-02 -6.835486e-01 6.635347e+01
-6.371593e-01 -3.071817e-01 -7.068716e-01 -1.729178e+02 -2.582288e-01 9.492172e-01 -1.797345e-01 -2.534799e+01 7.261859e-01 6.801513e-02 -6.841257e-01 6.583200e+01
-6.379489e-01 -3.081994e-01 -7.057155e-01 -1.734569e+02 -2.590271e-01 9.489020e-01 -1.802497e-01 -2.549955e+01 7.252077e-01 6.780933e-02 -6.851830e-01 6.532190e+01
-6.394761e-01 -3.086825e-01 -7.041203e-01 -1.739940e+02 -2.586931e-01 9.488454e-01 -1.810257e-01 -2.566600e+01 7.239808e-01 6.638950e-02 -6.866180e-01 6.481749e+01
-6.403624e-01 -3.103523e-01 -7.025792e-01 -1.744950e+02 -2.602553e-01 9.482923e-01 -1.816834e-01 -2.579573e+01 7.226363e-01 6.650669e-02 -6.880216e-01 6.433734e+01
-6.424031e-01 -3.124552e-01 -6.997786e-01 -1.749774e+02 -2.622671e-01 9.476099e-01 -1.823498e-01 -2.594620e+01 7.200932e-01 6.638684e-02 -6.906942e-01 6.386986e+01
-6.456414e-01 -3.157928e-01 -6.952856e-01 -1.754562e+02 -2.651611e-01 9.465461e-01 -1.836849e-01 -2.608976e+01 7.161262e-01 6.576815e-02 -6.948654e-01 6.340539e+01
-6.504553e-01 -3.192552e-01 -6.891909e-01 -1.759251e+02 -2.680593e-01 9.454766e-01 -1.849817e-01 -2.620807e+01 7.106702e-01 6.442173e-02 -7.005696e-01 6.294928e+01
-6.579831e-01 -3.227393e-01 -6.803658e-01 -1.763994e+02 -2.711526e-01 9.444388e-01 -1.857731e-01 -2.631121e+01 7.025201e-01 6.224739e-02 -7.089364e-01 6.250173e+01
-6.659320e-01 -3.260224e-01 -6.710022e-01 -1.768336e+02 -2.729441e-01 9.435667e-01 -1.875726e-01 -2.642723e+01 6.942882e-01 5.823550e-02 -7.173371e-01 6.204788e+01
-6.748662e-01 -3.288983e-01 -6.605918e-01 -1.772429e+02 -2.742703e-01 9.428502e-01 -1.892334e-01 -2.654427e+01 6.850776e-01 5.347350e-02 -7.265048e-01 6.157877e+01
-6.857317e-01 -3.321581e-01 -6.476442e-01 -1.776409e+02 -2.755703e-01 9.420398e-01 -1.913687e-01 -2.666755e+01 6.736713e-01 4.724393e-02 -7.375195e-01 6.111191e+01
-6.984479e-01 -3.363716e-01 -6.316841e-01 -1.780199e+02 -2.777412e-01 9.408795e-01 -1.939219e-01 -2.679397e+01 6.595683e-01 4.000035e-02 -7.505795e-01 6.066039e+01
-7.139043e-01 -3.403696e-01 -6.119552e-01 -1.784093e+02 -2.803424e-01 9.397509e-01 -1.956433e-01 -2.690950e+01 6.416765e-01 3.188636e-02 -7.663123e-01 6.022759e+01
-7.317644e-01 -3.418188e-01 -5.896446e-01 -1.787749e+02 -2.803645e-01 9.395228e-01 -1.967046e-01 -2.702879e+01 6.212219e-01 2.137401e-02 -7.833432e-01 5.978634e+01
-7.516497e-01 -3.399492e-01 -5.652055e-01 -1.791145e+02 -2.778860e-01 9.403938e-01 -1.960583e-01 -2.713443e+01 5.981656e-01 9.695533e-03 -8.013138e-01 5.934112e+01
-7.718915e-01 -3.365680e-01 -5.393566e-01 -1.794229e+02 -2.739304e-01 9.416537e-01 -1.955774e-01 -2.723844e+01 5.737122e-01 -3.218346e-03 -8.190506e-01 5.886657e+01
-7.916715e-01 -3.327996e-01 -5.123482e-01 -1.796662e+02 -2.706872e-01 9.428775e-01 -1.941920e-01 -2.731672e+01 5.477086e-01 -1.505015e-02 -8.365338e-01 5.839447e+01
-8.149256e-01 -3.291631e-01 -4.770197e-01 -1.799658e+02 -2.676615e-01 9.437835e-01 -1.939847e-01 -2.743100e+01 5.140560e-01 -3.040329e-02 -8.572176e-01 5.795571e+01
-8.362202e-01 -3.275594e-01 -4.398188e-01 -1.801926e+02 -2.664207e-01 9.436638e-01 -1.962616e-01 -2.753010e+01 4.793284e-01 -4.694110e-02 -8.763794e-01 5.750058e+01
-8.592856e-01 -3.202013e-01 -3.988727e-01 -1.803995e+02 -2.619035e-01 9.452682e-01 -1.946141e-01 -2.761693e+01 4.393573e-01 -6.276292e-02 -8.961171e-01 5.703940e+01
-8.817735e-01 -3.094810e-01 -3.559451e-01 -1.805706e+02 -2.560430e-01 9.478439e-01 -1.898263e-01 -2.769075e+01 3.961280e-01 -7.624654e-02 -9.150241e-01 5.658803e+01
-9.030824e-01 -2.932233e-01 -3.137870e-01 -1.806997e+02 -2.450784e-01 9.518558e-01 -1.841387e-01 -2.778458e+01 3.526737e-01 -8.939006e-02 -9.314669e-01 5.612587e+01
-9.210562e-01 -2.810560e-01 -2.695608e-01 -1.808225e+02 -2.388663e-01 9.544220e-01 -1.789457e-01 -2.785861e+01 3.075685e-01 -1.004300e-01 -9.462111e-01 5.565361e+01
-9.369396e-01 -2.690398e-01 -2.230737e-01 -1.809071e+02 -2.331456e-01 9.566510e-01 -1.745336e-01 -2.795119e+01 2.603601e-01 -1.115187e-01 -9.590496e-01 5.518980e+01
-9.497448e-01 -2.607821e-01 -1.731399e-01 -1.809857e+02 -2.314365e-01 9.574268e-01 -1.725431e-01 -2.803042e+01 2.107650e-01 -1.238010e-01 -9.696656e-01 5.472662e+01
-9.596739e-01 -2.523805e-01 -1.238144e-01 -1.810164e+02 -2.295743e-01 9.578013e-01 -1.729520e-01 -2.810733e+01 1.622393e-01 -1.375530e-01 -9.771170e-01 5.425349e+01
-9.668719e-01 -2.443800e-01 -7.373668e-02 -1.810337e+02 -2.287604e-01 9.577192e-01 -1.744781e-01 -2.817730e+01 1.132580e-01 -1.518300e-01 -9.818963e-01 5.377335e+01
-9.732295e-01 -2.284625e-01 -2.508319e-02 -1.810108e+02 -2.204990e-01 9.589078e-01 -1.785385e-01 -2.825468e+01 6.484182e-02 -1.682281e-01 -9.836132e-01 5.332714e+01
-9.773951e-01 -2.100027e-01 2.444850e-02 -1.809684e+02 -2.108587e-01 9.598267e-01 -1.851250e-01 -2.834954e+01 1.541044e-02 -1.860955e-01 -9.824108e-01 5.285445e+01
-9.776342e-01 -1.967939e-01 7.418652e-02 -1.808991e+02 -2.075425e-01 9.598067e-01 -1.889371e-01 -2.843009e+01 -3.402307e-02 -2.001082e-01 -9.791829e-01 5.240093e+01
-9.733239e-01 -1.875121e-01 1.322110e-01 -1.809002e+02 -2.101585e-01 9.598419e-01 -1.858411e-01 -2.850842e+01 -9.205425e-02 -2.086688e-01 -9.736444e-01 5.191955e+01
-9.654589e-01 -1.840955e-01 1.843855e-01 -1.807970e+02 -2.177525e-01 9.586979e-01 -1.829814e-01 -2.858938e+01 -1.430839e-01 -2.168115e-01 -9.656706e-01 5.146574e+01
-9.564939e-01 -1.747384e-01 2.336364e-01 -1.806578e+02 -2.192066e-01 9.588811e-01 -1.802650e-01 -2.866514e+01 -1.925303e-01 -2.236370e-01 -9.554677e-01 5.104500e+01
-9.451830e-01 -1.638974e-01 2.824301e-01 -1.805053e+02 -2.197341e-01 9.590294e-01 -1.788281e-01 -2.874311e+01 -2.415493e-01 -2.310848e-01 -9.424721e-01 5.062720e+01
-9.323321e-01 -1.512148e-01 3.284676e-01 -1.803149e+02 -2.181105e-01 9.596861e-01 -1.772861e-01 -2.880774e+01 -2.884175e-01 -2.369318e-01 -9.277277e-01 5.023638e+01
-9.163090e-01 -1.399516e-01 3.752219e-01 -1.801161e+02 -2.186180e-01 9.598304e-01 -1.758741e-01 -2.887261e+01 -3.355355e-01 -2.431853e-01 -9.100972e-01 4.984949e+01
-8.965214e-01 -1.328411e-01 4.226141e-01 -1.799136e+02 -2.239829e-01 9.589871e-01 -1.737107e-01 -2.894096e+01 -3.822055e-01 -2.503937e-01 -8.895066e-01 4.945741e+01
-8.770710e-01 -1.230058e-01 4.643448e-01 -1.796800e+02 -2.257690e-01 9.587951e-01 -1.724539e-01 -2.900736e+01 -4.239986e-01 -2.560890e-01 -8.687022e-01 4.907730e+01
-8.582496e-01 -1.067068e-01 5.020172e-01 -1.794230e+02 -2.228103e-01 9.586302e-01 -1.771542e-01 -2.907812e+01 -4.623453e-01 -2.638972e-01 -8.465194e-01 4.870725e+01
-8.386217e-01 -9.303274e-02 5.367109e-01 -1.791413e+02 -2.231965e-01 9.574836e-01 -1.827801e-01 -2.915566e+01 -4.968873e-01 -2.730754e-01 -8.237311e-01 4.834068e+01
-8.183650e-01 -8.514291e-02 5.683568e-01 -1.788505e+02 -2.278870e-01 9.559664e-01 -1.849208e-01 -2.925621e+01 -5.275853e-01 -2.808539e-01 -8.017324e-01 4.795393e+01
-7.993808e-01 -7.933548e-02 5.955638e-01 -1.785478e+02 -2.323649e-01 9.549348e-01 -1.846785e-01 -2.935027e+01 -5.540730e-01 -2.860165e-01 -7.817913e-01 4.757316e+01
-7.823903e-01 -7.038283e-02 6.187985e-01 -1.782408e+02 -2.330521e-01 9.544914e-01 -1.860993e-01 -2.943725e+01 -5.775397e-01 -2.898146e-01 -7.631877e-01 4.722627e+01
-7.673750e-01 -6.161745e-02 6.382311e-01 -1.779166e+02 -2.325435e-01 9.543489e-01 -1.874611e-01 -2.951735e+01 -5.975442e-01 -2.922695e-01 -7.466722e-01 4.686677e+01
-7.554890e-01 -5.230462e-02 6.530701e-01 -1.775716e+02 -2.300260e-01 9.545262e-01 -1.896519e-01 -2.962568e+01 -6.134529e-01 -2.935030e-01 -7.331654e-01 4.653726e+01
-7.455175e-01 -4.404907e-02 6.650288e-01 -1.772916e+02 -2.275786e-01 9.546657e-01 -1.918890e-01 -2.974534e+01 -6.264277e-01 -2.944029e-01 -7.217446e-01 4.622378e+01
-7.373453e-01 -3.631727e-02 6.745391e-01 -1.770893e+02 -2.243168e-01 9.550551e-01 -1.937826e-01 -2.983685e+01 -6.371844e-01 -2.941952e-01 -7.123519e-01 4.593400e+01
-7.318062e-01 -2.765951e-02 6.809512e-01 -1.767575e+02 -2.195427e-01 9.554797e-01 -1.971281e-01 -2.995598e+01 -6.451826e-01 -2.937574e-01 -7.052985e-01 4.559788e+01
-7.265182e-01 -2.209379e-02 6.867919e-01 -1.763654e+02 -2.165251e-01 9.559261e-01 -1.982979e-01 -3.014155e+01 -6.521412e-01 -2.927748e-01 -6.992816e-01 4.522241e+01
-7.223797e-01 -1.911055e-02 6.912325e-01 -1.759944e+02 -2.145684e-01 9.564717e-01 -1.977933e-01 -3.024995e+01 -6.573644e-01 -2.911986e-01 -6.950362e-01 4.487203e+01
-7.186731e-01 -1.911864e-02 6.950852e-01 -1.755846e+02 -2.154911e-01 9.565321e-01 -1.964940e-01 -3.038058e+01 -6.611146e-01 -2.909997e-01 -6.915538e-01 4.449903e+01
-7.147029e-01 -2.151896e-02 6.990971e-01 -1.752050e+02 -2.180317e-01 9.565760e-01 -1.934543e-01 -3.049621e+01 -6.645766e-01 -2.906876e-01 -6.883594e-01 4.411939e+01
-7.126662e-01 -1.859183e-02 7.012569e-01 -1.747660e+02 -2.158190e-01 9.569755e-01 -1.939589e-01 -3.063031e+01 -6.674796e-01 -2.895725e-01 -6.860166e-01 4.370081e+01
-7.122274e-01 -1.232003e-02 7.018407e-01 -1.744150e+02 -2.108829e-01 9.574140e-01 -1.971974e-01 -3.075107e+01 -6.695227e-01 -2.884556e-01 -6.844945e-01 4.333411e+01
-7.117485e-01 -8.631683e-03 7.023813e-01 -1.739562e+02 -2.087031e-01 9.573685e-01 -1.997212e-01 -3.088748e+01 -6.707138e-01 -2.887404e-01 -6.832071e-01 4.291809e+01
-7.106285e-01 -1.078887e-02 7.034847e-01 -1.735285e+02 -2.107448e-01 9.572365e-01 -1.982044e-01 -3.099739e+01 -6.712628e-01 -2.891054e-01 -6.825132e-01 4.250719e+01
-7.109348e-01 -1.567831e-02 7.030831e-01 -1.729798e+02 -2.144978e-01 9.569480e-01 -1.955539e-01 -3.115000e+01 -6.697480e-01 -2.898358e-01 -6.836906e-01 4.209042e+01
-7.104835e-01 -1.559557e-02 7.035411e-01 -1.726116e+02 -2.133239e-01 9.574851e-01 -1.942041e-01 -3.126090e+01 -6.706014e-01 -2.880609e-01 -6.836042e-01 4.165379e+01
-7.112738e-01 -1.090610e-02 7.028304e-01 -1.722071e+02 -2.074940e-01 9.585810e-01 -1.951120e-01 -3.140251e+01 -6.715920e-01 -2.846112e-01 -6.840765e-01 4.124313e+01
-7.122704e-01 -8.170342e-03 7.018577e-01 -1.717520e+02 -2.009716e-01 9.604422e-01 -1.927726e-01 -3.155205e+01 -6.725187e-01 -2.783597e-01 -6.857365e-01 4.082844e+01
-7.129048e-01 -7.442769e-03 7.012213e-01 -1.712783e+02 -1.975023e-01 9.615974e-01 -1.905866e-01 -3.168851e+01 -6.728741e-01 -2.743630e-01 -6.869974e-01 4.037290e+01
-7.128645e-01 -9.682051e-03 7.012349e-01 -1.707808e+02 -1.990210e-01 9.615886e-01 -1.890449e-01 -3.183121e+01 -6.724692e-01 -2.743239e-01 -6.874093e-01 3.990025e+01
