9.999796e-01 2.919886e-04 -6.386494e-03 -1.376122e-02 -2.902825e-04 9.999999e-01 2.680740e-04 -4.232425e-05 6.386572e-03 -2.662146e-04 9.999796e-01 1.125820e-01
9.999073e-01 5.876187e-04 -1.360480e-02 -2.385162e-02 -5.870108e-04 9.999998e-01 4.867311e-05 3.385661e-04 1.360482e-02 -4.068244e-05 9.999074e-01 2.226470e-01
9.997764e-01 1.018466e-03 -2.112086e-02 -4.069777e-02 -1.044271e-03 9.999987e-01 -1.210798e-03 5.323702e-03 2.111960e-02 1.232583e-03 9.997762e-01 3.458196e-01
9.995361e-01 1.361689e-03 -3.042746e-02 -6.333632e-02 -1.455127e-03 9.999943e-01 -3.048935e-03 9.398644e-03 3.042313e-02 3.091796e-03 9.995323e-01 4.774245e-01
9.991251e-01 1.515090e-03 -4.179463e-02 -8.820643e-02 -1.720246e-03 9.999866e-01 -4.873155e-03 8.923509e-03 4.178669e-02 4.940788e-03 9.991143e-01 6.152220e-01
9.984479e-01 1.446758e-03 -5.567427e-02 -1.045139e-01 -1.778742e-03 9.999809e-01 -5.913862e-03 6.784741e-03 5.566466e-02 6.003714e-03 9.984315e-01 7.618879e-01
9.973788e-01 2.097392e-03 -7.232615e-02 -1.254920e-01 -2.531271e-03 9.999793e-01 -5.907784e-03 -1.434933e-04 7.231227e-02 6.075376e-03 9.973635e-01 9.185921e-01
9.958822e-01 3.361318e-04 -9.065611e-02 -1.636333e-01 -9.327442e-04 9.999782e-01 -6.538764e-03 4.572979e-03 9.065194e-02 6.596398e-03 9.958608e-01 1.084129e+00
9.938505e-01 -1.267376e-03 -1.107227e-01 -1.992366e-01 5.156300e-04 9.999766e-01 -6.817821e-03 -6.786153e-04 1.107288e-01 6.718803e-03 9.938280e-01 1.258373e+00
9.911254e-01 -1.437269e-03 -1.329228e-01 -2.432409e-01 4.874113e-04 9.999741e-01 -7.178199e-03 -5.460442e-03 1.329297e-01 7.049707e-03 9.911004e-01 1.427032e+00
9.876495e-01 2.074622e-03 -1.566656e-01 -3.089972e-01 -3.390302e-03 9.999612e-01 -8.131257e-03 -1.058971e-02 1.566426e-01 8.561975e-03 9.876182e-01 1.603106e+00
9.833763e-01 6.605669e-03 -1.814590e-01 -3.871854e-01 -8.405112e-03 9.999228e-01 -9.149338e-03 -1.577262e-02 1.813845e-01 1.052243e-02 9.833560e-01 1.786043e+00
9.779765e-01 9.284617e-03 -2.085084e-01 -4.592998e-01 -1.165557e-02 9.998806e-01 -1.014524e-02 -1.719772e-02 2.083893e-01 1.235209e-02 9.779680e-01 1.980050e+00
9.712678e-01 1.010815e-02 -2.377746e-01 -5.419013e-01 -1.292837e-02 9.998633e-01 -1.030448e-02 -2.590848e-02 2.376379e-01 1.308244e-02 9.712657e-01 2.180879e+00
9.632607e-01 1.153421e-02 -2.683202e-01 -6.391046e-01 -1.464994e-02 9.998465e-01 -9.612669e-03 -3.184851e-02 2.681681e-01 1.319038e-02 9.632818e-01 2.385505e+00
9.539315e-01 1.238656e-02 -2.997688e-01 -7.528913e-01 -1.566737e-02 9.998408e-01 -8.543279e-03 -3.912449e-02 2.996153e-01 1.284629e-02 9.539736e-01 2.602778e+00
9.426437e-01 1.448323e-02 -3.334862e-01 -8.659494e-01 -1.785215e-02 9.998159e-01 -7.039740e-03 -5.421974e-02 3.333229e-01 1.258941e-02 9.427287e-01 2.816360e+00
9.302950e-01 1.669081e-02 -3.664323e-01 -9.936106e-01 -2.034637e-02 9.997743e-01 -6.115956e-03 -6.698832e-02 3.662475e-01 1.314521e-02 9.304246e-01 3.032051e+00
9.164243e-01 1.927213e-02 -3.997438e-01 -1.126164e+00 -2.321905e-02 9.997177e-01 -5.032749e-03 -6.910639e-02 3.995340e-01 1.389381e-02 9.166131e-01 3.243400e+00
9.005246e-01 1.916509e-02 -4.343824e-01 -1.272892e+00 -2.362509e-02 9.997090e-01 -4.870033e-03 -7.762257e-02 4.341627e-01 1.464791e-02 9.007154e-01 3.458156e+00
8.821960e-01 1.404445e-02 -4.706729e-01 -1.428948e+00 -2.040418e-02 9.997564e-01 -8.412328e-03 -8.328837e-02 4.704401e-01 1.702501e-02 8.822677e-01 3.677637e+00
8.611091e-01 8.860837e-03 -5.083429e-01 -1.597407e+00 -1.709886e-02 9.997872e-01 -1.153755e-02 -9.275472e-02 5.081325e-01 1.862718e-02 8.610774e-01 3.901194e+00
8.360169e-01 8.350807e-03 -5.486401e-01 -1.761275e+00 -1.629473e-02 9.998210e-01 -9.611689e-03 -9.896369e-02 5.484616e-01 1.697548e-02 8.360034e-01 4.087033e+00
8.071011e-01 1.172156e-02 -5.902968e-01 -1.964232e+00 -1.839752e-02 9.998167e-01 -5.301140e-03 -9.864099e-02 5.901265e-01 1.513855e-02 8.071689e-01 4.268095e+00
7.743112e-01 1.461658e-02 -6.326361e-01 -2.184282e+00 -2.092651e-02 9.997779e-01 -2.513764e-03 -1.093302e-01 6.324589e-01 1.518530e-02 7.744451e-01 4.454611e+00
7.379265e-01 1.312934e-02 -6.747534e-01 -2.421626e+00 -2.107279e-02 9.997715e-01 -3.592176e-03 -1.075466e-01 6.745520e-01 1.686970e-02 7.380345e-01 4.646878e+00
6.972924e-01 5.705306e-03 -7.167641e-01 -2.646461e+00 -1.615924e-02 9.998393e-01 -7.761730e-03 -1.213544e-01 7.166046e-01 1.699456e-02 6.972726e-01 4.839327e+00
6.536731e-01 -6.906268e-04 -7.567767e-01 -2.892716e+00 -1.266753e-02 9.998495e-01 -1.185415e-02 -1.336473e-01 7.566710e-01 1.733523e-02 6.535660e-01 5.028504e+00
6.076875e-01 -3.116866e-03 -7.941701e-01 -3.239705e+00 -1.149052e-02 9.998531e-01 -1.271648e-02 -1.363338e-01 7.940931e-01 1.685307e-02 6.075625e-01 5.238580e+00
5.583353e-01 -5.488917e-03 -8.295973e-01 -3.611588e+00 -9.956820e-03 9.998618e-01 -1.331659e-02 -1.354371e-01 8.295557e-01 1.569527e-02 5.582034e-01 5.444431e+00
5.059802e-01 -8.075343e-03 -8.625073e-01 -3.969493e+00 -7.615958e-03 9.998754e-01 -1.382929e-02 -1.510387e-01 8.625115e-01 1.356616e-02 5.058556e-01 5.615302e+00
4.519596e-01 -8.498877e-03 -8.919979e-01 -4.368930e+00 -6.752677e-03 9.998934e-01 -1.294836e-02 -1.563044e-01 8.920128e-01 1.187551e-02 4.518540e-01 5.772514e+00
3.963791e-01 -1.044820e-02 -9.180275e-01 -4.692442e+00 -3.671834e-03 9.999092e-01 -1.296551e-02 -1.687830e-01 9.180796e-01 8.510100e-03 3.963047e-01 5.883167e+00
3.399829e-01 -1.046354e-02 -9.403734e-01 -5.034198e+00 -1.864337e-03 9.999286e-01 -1.180025e-02 -1.872872e-01 9.404298e-01 5.765055e-03 3.399392e-01 5.979635e+00
2.847547e-01 -1.091816e-02 -9.585382e-01 -5.406189e+00 1.645654e-03 9.999392e-01 -1.090086e-02 -2.053959e-01 9.585990e-01 1.526648e-03 2.847554e-01 6.039842e+00
2.297574e-01 -1.266977e-02 -9.731655e-01 -6.009258e+00 3.086849e-03 9.999197e-01 -1.228930e-02 -1.919855e-01 9.732430e-01 -1.804572e-04 2.297781e-01 6.126310e+00
1.788787e-01 -1.359617e-02 -9.837772e-01 -6.424893e+00 3.077586e-03 9.999074e-01 -1.325950e-02 -1.877875e-01 9.838663e-01 -6.558165e-04 1.789040e-01 6.144050e+00
1.310555e-01 -1.048623e-02 -9.913196e-01 -6.827118e+00 3.112662e-03 9.999435e-01 -1.016595e-02 -1.979856e-01 9.913701e-01 -1.753339e-03 1.310807e-01 6.167944e+00
8.885040e-02 -7.337789e-03 -9.960180e-01 -7.276076e+00 2.698082e-03 9.999710e-01 -7.126227e-03 -2.111715e-01 9.960413e-01 -2.054170e-03 8.886762e-02 6.154120e+00
5.074270e-02 -5.034069e-03 -9.986991e-01 -7.769876e+00 8.819995e-04 9.999871e-01 -4.995749e-03 -2.191779e-01 9.987114e-01 -6.273543e-04 5.074648e-02 6.148049e+00
1.617814e-02 -5.097831e-03 -9.998561e-01 -8.291600e+00 -1.978448e-03 9.999849e-01 -5.130499e-03 -2.235654e-01 9.998672e-01 2.061165e-03 1.616781e-02 6.127511e+00
-1.519037e-02 -4.464542e-03 -9.998747e-01 -8.784887e+00 -4.738377e-03 9.999791e-01 -4.393022e-03 -2.296714e-01 9.998734e-01 4.671051e-03 -1.521120e-02 6.095815e+00
-4.156128e-02 -3.577157e-03 -9.991296e-01 -9.292793e+00 -6.834082e-03 9.999712e-01 -3.295890e-03 -2.314327e-01 9.991126e-01 6.691152e-03 -4.158453e-02 6.047288e+00
-6.259092e-02 -3.347006e-03 -9.980337e-01 -9.806974e+00 -9.142494e-03 9.999543e-01 -2.780083e-03 -2.406202e-01 9.979974e-01 8.950509e-03 -6.261866e-02 5.998976e+00
-7.903479e-02 -4.238993e-03 -9.968628e-01 -1.033196e+01 -9.978077e-03 9.999442e-01 -3.460999e-03 -2.414956e-01 9.968219e-01 9.673235e-03 -7.907268e-02 5.945850e+00
-9.195731e-02 -5.314017e-03 -9.957488e-01 -1.088191e+01 -9.915683e-03 9.999411e-01 -4.420678e-03 -2.358461e-01 9.957136e-01 9.467016e-03 -9.200459e-02 5.882210e+00
-1.018124e-01 -4.068148e-03 -9.947953e-01 -1.144097e+01 -8.499992e-03 9.999587e-01 -3.219331e-03 -2.461971e-01 9.947673e-01 8.127984e-03 -1.018428e-01 5.817385e+00
-1.084556e-01 -2.096130e-03 -9.940991e-01 -1.202440e+01 -6.855458e-03 9.999756e-01 -1.360594e-03 -2.542621e-01 9.940777e-01 6.667441e-03 -1.084673e-01 5.739154e+00
-1.129199e-01 -2.271344e-03 -9.936015e-01 -1.263480e+01 -5.867465e-03 9.999815e-01 -1.619108e-03 -2.594531e-01 9.935868e-01 5.647092e-03 -1.129312e-01 5.656727e+00
-1.144169e-01 -4.864074e-03 -9.934209e-01 -1.325655e+01 -5.580423e-03 9.999754e-01 -4.253444e-03 -2.702296e-01 9.934172e-01 5.057044e-03 -1.144412e-01 5.583280e+00
-1.136288e-01 -6.942563e-03 -9.934990e-01 -1.390345e+01 -4.067686e-03 9.999705e-01 -6.522555e-03 -2.731648e-01 9.935149e-01 3.300092e-03 -1.136537e-01 5.512121e+00
-1.122945e-01 -7.027252e-03 -9.936501e-01 -1.455203e+01 -1.603440e-03 9.999750e-01 -6.890774e-03 -2.907659e-01 9.936737e-01 8.194620e-04 -1.123030e-01 5.436880e+00
-1.101971e-01 -4.833229e-03 -9.938980e-01 -1.525443e+01 -9.828248e-04 9.999882e-01 -4.753876e-03 -3.114583e-01 9.939093e-01 4.529641e-04 -1.102006e-01 5.343278e+00
-1.084069e-01 -3.169925e-03 -9.941016e-01 -1.594262e+01 -3.135043e-03 9.999910e-01 -2.846828e-03 -3.309892e-01 9.941017e-01 2.807935e-03 -1.084159e-01 5.263196e+00
-1.073096e-01 -2.950939e-03 -9.942213e-01 -1.664720e+01 -3.182973e-03 9.999915e-01 -2.624517e-03 -3.419693e-01 9.942206e-01 2.882944e-03 -1.073181e-01 5.189886e+00
-1.059387e-01 -3.739757e-03 -9.943656e-01 -1.737495e+01 -4.859993e-04 9.999930e-01 -3.709144e-03 -3.533154e-01 9.943725e-01 9.031928e-05 -1.059397e-01 5.126832e+00
-1.039584e-01 -2.426042e-03 -9.945787e-01 -1.812421e+01 3.552406e-03 9.999897e-01 -2.810556e-03 -3.733950e-01 9.945753e-01 -3.825328e-03 -1.039488e-01 5.050250e+00
-1.022039e-01 -1.904116e-03 -9.947616e-01 -1.886688e+01 5.687936e-03 9.999807e-01 -2.498497e-03 -3.940831e-01 9.947472e-01 -5.913496e-03 -1.021911e-01 4.972295e+00
-1.002766e-01 5.428525e-04 -9.949595e-01 -1.962163e+01 5.325638e-03 9.999858e-01 8.852507e-06 -4.026392e-01 9.949453e-01 -5.297906e-03 -1.002781e-01 4.887813e+00
-9.816845e-02 3.075643e-03 -9.951651e-01 -2.038712e+01 2.825073e-03 9.999921e-01 2.811881e-03 -4.183503e-01 9.951658e-01 -2.535376e-03 -9.817636e-02 4.799954e+00
-9.673968e-02 3.628766e-03 -9.953031e-01 -2.116465e+01 2.164402e-03 9.999918e-01 3.435488e-03 -4.188352e-01 9.953074e-01 -1.821888e-03 -9.674674e-02 4.717530e+00
-9.515395e-02 5.944811e-04 -9.954624e-01 -2.199046e+01 3.887907e-03 9.999924e-01 2.255503e-04 -4.242562e-01 9.954550e-01 -3.848804e-03 -9.515554e-02 4.633828e+00
-9.412640e-02 -1.607052e-03 -9.955590e-01 -2.280249e+01 5.448927e-03 9.999829e-01 -2.129369e-03 -4.334645e-01 9.955453e-01 -5.625158e-03 -9.411604e-02 4.552173e+00
-9.271902e-02 -2.642456e-03 -9.956888e-01 -2.361446e+01 6.781006e-03 9.999716e-01 -3.285273e-03 -4.448017e-01 9.956692e-01 -7.056379e-03 -9.269847e-02 4.466491e+00
-9.196882e-02 -3.030583e-03 -9.957573e-01 -2.449387e+01 1.868460e-03 9.999931e-01 -3.216047e-03 -4.645897e-01 9.957601e-01 -2.156309e-03 -9.196252e-02 4.372844e+00
-9.161149e-02 -4.508876e-03 -9.957846e-01 -2.532896e+01 -5.102421e-03 9.999787e-01 -4.058448e-03 -4.887967e-01 9.957818e-01 4.709112e-03 -9.163255e-02 4.283111e+00
-9.173660e-02 -7.649508e-03 -9.957539e-01 -2.619425e+01 -1.043202e-02 9.999230e-01 -6.720457e-03 -4.957740e-01 9.957287e-01 9.771209e-03 -9.180934e-02 4.190800e+00
-9.193260e-02 -8.282389e-03 -9.957308e-01 -2.707837e+01 -1.018781e-02 9.999209e-01 -7.376634e-03 -5.015024e-01 9.957131e-01 9.466167e-03 -9.200971e-02 4.088554e+00
-9.109053e-02 -7.382330e-03 -9.958153e-01 -2.797954e+01 -2.480786e-03 9.999711e-01 -7.186213e-03 -5.290266e-01 9.958395e-01 1.815809e-03 -9.110621e-02 3.969051e+00
-9.119199e-02 -4.616923e-03 -9.958226e-01 -2.889603e+01 4.986117e-03 9.999746e-01 -5.092774e-03 -5.479966e-01 9.958208e-01 -5.429708e-03 -9.116666e-02 3.867247e+00
-9.068652e-02 -2.839660e-03 -9.958754e-01 -2.980853e+01 1.034383e-02 9.999393e-01 -3.793179e-03 -5.645542e-01 9.958258e-01 -1.064515e-02 -9.065164e-02 3.755887e+00
-9.020592e-02 -1.964894e-03 -9.959212e-01 -3.078678e+01 1.061464e-02 9.999394e-01 -2.934247e-03 -5.823592e-01 9.958666e-01 -1.083603e-02 -9.017959e-02 3.637406e+00
-9.074418e-02 -2.880934e-03 -9.958701e-01 -3.171967e+01 6.641776e-03 9.999718e-01 -3.498002e-03 -6.033075e-01 9.958521e-01 -6.931770e-03 -9.072249e-02 3.568200e+00
-9.104361e-02 -2.939180e-03 -9.958426e-01 -3.266233e+01 3.694326e-03 9.999878e-01 -3.289163e-03 -6.208562e-01 9.958401e-01 -3.978425e-03 -9.103164e-02 3.477415e+00
-9.118253e-02 -5.893469e-04 -9.958340e-01 -3.360167e+01 5.209811e-03 9.999859e-01 -1.068835e-03 -6.440723e-01 9.958206e-01 -5.285566e-03 -9.117817e-02 3.398377e+00
-9.123349e-02 6.528030e-04 -9.958293e-01 -3.449501e+01 7.549201e-03 9.999715e-01 -3.610606e-05 -6.592417e-01 9.958009e-01 -7.521010e-03 -9.123581e-02 3.324754e+00
-9.095917e-02 1.914324e-03 -9.958528e-01 -3.534858e+01 6.305710e-03 9.999792e-01 1.346305e-03 -6.847518e-01 9.958347e-01 -6.157100e-03 -9.096935e-02 3.244631e+00
-9.023030e-02 3.313837e-03 -9.959154e-01 -3.620702e+01 1.212338e-03 9.999941e-01 3.217570e-03 -6.998434e-01 9.959202e-01 -9.170636e-04 -9.023378e-02 3.149757e+00
-9.012664e-02 4.416760e-03 -9.959205e-01 -3.707411e+01 -2.891150e-03 9.999848e-01 4.696421e-03 -7.026135e-01 9.959261e-01 3.302628e-03 -9.011250e-02 3.066705e+00
-8.950240e-02 3.365831e-03 -9.959809e-01 -3.792317e+01 -2.650886e-03 9.999899e-01 3.617597e-03 -7.046674e-01 9.959831e-01 2.964015e-03 -8.949258e-02 2.984963e+00
-8.896400e-02 2.109328e-03 -9.960326e-01 -3.876632e+01 -7.242522e-04 9.999974e-01 2.182413e-03 -7.114112e-01 9.960346e-01 9.155350e-04 -8.896223e-02 2.906496e+00
-8.833341e-02 2.004038e-03 -9.960889e-01 -3.961432e+01 4.192729e-03 9.999899e-01 1.640074e-03 -7.273882e-01 9.960821e-01 -4.031457e-03 -8.834092e-02 2.815244e+00
-8.787072e-02 6.475920e-04 -9.961317e-01 -4.046000e+01 9.576649e-03 9.999541e-01 -1.946979e-04 -7.416240e-01 9.960859e-01 -9.556711e-03 -8.787289e-02 2.735734e+00
-8.842882e-02 2.574483e-04 -9.960825e-01 -4.129239e+01 1.257434e-02 9.999206e-01 -8.578665e-04 -7.540018e-01 9.960031e-01 -1.260094e-02 -8.842503e-02 2.666389e+00
-8.813108e-02 -3.677765e-04 -9.961088e-01 -4.211423e+01 1.217200e-02 9.999249e-01 -1.446108e-03 -7.667136e-01 9.960345e-01 -1.225209e-02 -8.811998e-02 2.583832e+00
-8.813110e-02 -3.633067e-04 -9.961088e-01 -4.294857e+01 7.745465e-03 9.999695e-01 -1.049998e-03 -7.852636e-01 9.960788e-01 -7.807864e-03 -8.812560e-02 2.507374e+00
-8.765541e-02 4.739549e-04 -9.961507e-01 -4.378571e+01 3.589907e-03 9.999935e-01 1.598925e-04 -7.998690e-01 9.961444e-01 -3.562073e-03 -8.765654e-02 2.423645e+00
-8.778101e-02 4.035662e-03 -9.961316e-01 -4.460871e+01 1.345835e-03 9.999914e-01 3.932702e-03 -8.093002e-01 9.961389e-01 -9.954124e-04 -8.778568e-02 2.347055e+00
-8.832535e-02 7.676078e-03 -9.960621e-01 -4.545871e+01 5.517416e-05 9.999703e-01 7.701304e-03 -8.158454e-01 9.960917e-01 6.252635e-04 -8.832316e-02 2.263150e+00
-8.901722e-02 5.435903e-03 -9.960153e-01 -4.627502e+01 -1.491972e-03 9.999833e-01 5.590901e-03 -8.409923e-01 9.960290e-01 1.983714e-03 -8.900762e-02 2.181373e+00
-9.040167e-02 1.865203e-03 -9.959036e-01 -4.710395e+01 -5.609713e-03 9.999814e-01 2.382053e-03 -8.578783e-01 9.958896e-01 5.802075e-03 -9.038953e-02 2.107568e+00
-9.091475e-02 -2.592721e-03 -9.958553e-01 -4.793442e+01 -7.740902e-03 9.999682e-01 -1.896737e-03 -8.651768e-01 9.958286e-01 7.536377e-03 -9.093193e-02 2.026368e+00
-9.272929e-02 -2.660951e-03 -9.956878e-01 -4.879567e+01 -4.503035e-03 9.999873e-01 -2.253069e-03 -8.777954e-01 9.956812e-01 4.274692e-03 -9.274010e-02 1.955960e+00
-9.427018e-02 -5.237557e-03 -9.955329e-01 -4.965114e+01 1.496635e-03 9.999843e-01 -5.402697e-03 -8.969287e-01 9.955455e-01 -1.999263e-03 -9.426086e-02 1.873485e+00
-9.675219e-02 -7.891622e-03 -9.952772e-01 -5.049541e+01 4.832913e-03 9.999531e-01 -8.398510e-03 -9.333894e-01 9.952968e-01 -5.622663e-03 -9.670951e-02 1.808680e+00
-9.834737e-02 -7.299177e-03 -9.951254e-01 -5.134162e+01 4.133463e-03 9.999615e-01 -7.743156e-03 -9.640018e-01 9.951436e-01 -4.874833e-03 -9.831342e-02 1.738418e+00
-9.899102e-02 -4.203074e-03 -9.950795e-01 -5.223507e+01 5.951647e-04 9.999907e-01 -4.283025e-03 -9.915354e-01 9.950881e-01 -1.016217e-03 -9.898759e-02 1.627565e+00
-9.963493e-02 1.962145e-03 -9.950221e-01 -5.316846e+01 -2.083947e-03 9.999955e-01 2.180625e-03 -1.011971e+00 9.950219e-01 2.290840e-03 -9.963039e-02 1.529035e+00
-1.011570e-01 6.090831e-03 -9.948518e-01 -5.401023e+01 -2.889695e-03 9.999752e-01 6.416024e-03 -1.026648e+00 9.948663e-01 3.523844e-03 -1.011369e-01 1.452202e+00
-1.022742e-01 6.993813e-03 -9.947317e-01 -5.494566e+01 -2.250765e-03 9.999711e-01 7.262065e-03 -1.024037e+00 9.947537e-01 2.981629e-03 -1.022555e-01 1.366502e+00
-1.033821e-01 6.633758e-03 -9.946196e-01 -5.599542e+01 -1.240506e-03 9.999761e-01 6.798424e-03 -1.035914e+00 9.946409e-01 1.936667e-03 -1.033714e-01 1.263244e+00
-1.037730e-01 8.715180e-03 -9.945628e-01 -5.690569e+01 -1.694447e-03 9.999586e-01 8.939261e-03 -1.043721e+00 9.945996e-01 2.612887e-03 -1.037539e-01 1.137741e+00
-1.035306e-01 9.641826e-03 -9.945795e-01 -5.777752e+01 -1.710518e-03 9.999498e-01 9.871943e-03 -1.059014e+00 9.946248e-01 2.723295e-03 -1.035089e-01 1.008707e+00
-1.035690e-01 7.778415e-03 -9.945919e-01 -5.862023e+01 -2.233394e-04 9.999692e-01 7.843727e-03 -1.066617e+00 9.946222e-01 1.034499e-03 -1.035641e-01 8.940065e-01
-1.035544e-01 6.415648e-03 -9.946031e-01 -5.943265e+01 2.238106e-03 9.999782e-01 6.217296e-03 -1.082935e+00 9.946213e-01 -1.582198e-03 -1.035665e-01 7.864285e-01
-1.036905e-01 6.609187e-03 -9.945877e-01 -6.025289e+01 6.647635e-03 9.999602e-01 5.951840e-03 -1.102003e+00 9.945874e-01 -5.994507e-03 -1.037303e-01 6.899985e-01
-1.043294e-01 6.749373e-03 -9.945199e-01 -6.106465e+01 8.826886e-03 9.999439e-01 5.860205e-03 -1.117364e+00 9.945036e-01 -8.167123e-03 -1.043831e-01 5.988982e-01
-1.049427e-01 6.248032e-03 -9.944586e-01 -6.185388e+01 8.712695e-03 9.999477e-01 5.363090e-03 -1.136949e+00 9.944401e-01 -8.101598e-03 -1.049916e-01 5.050568e-01
-1.053298e-01 5.042139e-03 -9.944246e-01 -6.261834e+01 6.249813e-03 9.999708e-01 4.408278e-03 -1.149798e+00 9.944177e-01 -5.750644e-03 -1.053583e-01 4.162163e-01
-1.054229e-01 4.500847e-03 -9.944173e-01 -6.337228e+01 2.718146e-03 9.999873e-01 4.237894e-03 -1.170014e+00 9.944238e-01 -2.256200e-03 -1.054338e-01 3.321077e-01
-1.048965e-01 4.882410e-03 -9.944712e-01 -6.411499e+01 1.001302e-04 9.999880e-01 4.898933e-03 -1.192551e+00 9.944831e-01 4.143043e-04 -1.048957e-01 2.424337e-01
-1.034868e-01 5.439293e-03 -9.946160e-01 -6.485250e+01 -2.231421e-03 9.999813e-01 5.700807e-03 -1.203893e+00 9.946283e-01 2.809366e-03 -1.034728e-01 1.588694e-01
-1.011001e-01 7.333563e-03 -9.948492e-01 -6.558033e+01 -2.751483e-03 9.999669e-01 7.650904e-03 -1.211663e+00 9.948725e-01 3.510817e-03 -1.010766e-01 7.830723e-02
-9.738767e-02 6.958373e-03 -9.952222e-01 -6.627759e+01 -1.815694e-03 9.999727e-01 7.169262e-03 -1.222896e+00 9.952449e-01 2.505216e-03 -9.737237e-02 1.694781e-02
-9.167631e-02 5.597459e-03 -9.957731e-01 -6.697268e+01 -5.181191e-04 9.999838e-01 5.668829e-03 -1.237021e+00 9.957887e-01 1.035626e-03 -9.167193e-02 -4.084694e-02
-8.476148e-02 4.224599e-03 -9.963923e-01 -6.763656e+01 6.106641e-04 9.999910e-01 4.187909e-03 -1.244549e+00 9.964011e-01 -2.534876e-04 -8.476330e-02 -9.012154e-02
-7.618805e-02 5.006119e-03 -9.970809e-01 -6.828791e+01 1.971593e-03 9.999862e-01 4.870055e-03 -1.252490e+00 9.970915e-01 -1.594797e-03 -7.619687e-02 -1.324384e-01
-6.437858e-02 6.815918e-03 -9.979023e-01 -6.893222e+01 4.015508e-03 9.999703e-01 6.570988e-03 -1.271268e+00 9.979175e-01 -3.584053e-03 -6.440404e-02 -1.716378e-01
-4.957249e-02 9.297474e-03 -9.987273e-01 -6.956086e+01 5.909123e-03 9.999419e-01 9.015479e-03 -1.286377e+00 9.987530e-01 -5.454682e-03 -4.962455e-02 -2.009866e-01
-3.162681e-02 1.027411e-02 -9.994469e-01 -7.015302e+01 7.356484e-03 9.999225e-01 1.004621e-02 -1.297078e+00 9.994727e-01 -7.034686e-03 -3.169994e-02 -2.042907e-01
-9.907489e-03 1.011317e-02 -9.998998e-01 -7.072918e+01 8.112138e-03 9.999168e-01 1.003296e-02 -1.302522e+00 9.999180e-01 -8.011924e-03 -9.988704e-03 -1.932154e-01
1.537144e-02 8.250565e-03 -9.998478e-01 -7.127371e+01 8.558835e-03 9.999282e-01 8.382810e-03 -1.315267e+00 9.998452e-01 -8.686389e-03 1.529972e-02 -1.703928e-01
4.435716e-02 5.584974e-03 -9.990001e-01 -7.179777e+01 8.173809e-03 9.999489e-01 5.953208e-03 -1.317745e+00 9.989823e-01 -8.429703e-03 4.430924e-02 -1.273116e-01
7.822936e-02 3.294266e-03 -9.969299e-01 -7.230590e+01 8.388880e-03 9.999570e-01 3.962547e-03 -1.324808e+00 9.969001e-01 -8.673113e-03 7.819836e-02 -6.176886e-02
1.159911e-01 1.572292e-03 -9.932490e-01 -7.278878e+01 8.715400e-03 9.999586e-01 2.600693e-03 -1.325831e+00 9.932120e-01 -8.958219e-03 1.159726e-01 1.569500e-02
1.567213e-01 -8.226595e-04 -9.876425e-01 -7.325669e+01 9.166038e-03 9.999578e-01 6.215696e-04 -1.337717e+00 9.876003e-01 -9.150182e-03 1.567222e-01 1.161466e-01
2.019193e-01 -3.523553e-03 -9.793958e-01 -7.371445e+01 1.074458e-02 9.999413e-01 -1.382288e-03 -1.340748e+00 9.793432e-01 -1.024409e-02 2.019453e-01 2.349630e-01
2.502524e-01 -9.003923e-03 -9.681388e-01 -7.416012e+01 1.214342e-02 9.999073e-01 -6.160447e-03 -1.364923e+00 9.681045e-01 -1.021485e-02 2.503385e-01 3.816609e-01
3.004245e-01 -1.849375e-02 -9.536263e-01 -7.460227e+01 1.208544e-02 9.998056e-01 -1.558199e-02 -1.373463e+00 9.537290e-01 -6.843787e-03 3.005896e-01 5.548419e-01
3.518943e-01 -2.559264e-02 -9.356898e-01 -7.501374e+01 1.118612e-02 9.996698e-01 -2.313572e-02 -1.388034e+00 9.359729e-01 -2.325415e-03 3.520644e-01 7.466580e-01
4.048172e-01 -3.212061e-02 -9.138333e-01 -7.543698e+01 1.168825e-02 9.994830e-01 -2.995338e-02 -1.410779e+00 9.143229e-01 1.444532e-03 4.049833e-01 9.560395e-01
4.569080e-01 -3.289159e-02 -8.889057e-01 -7.583915e+01 1.192450e-02 9.994528e-01 -3.085276e-02 -1.427800e+00 8.894340e-01 3.497121e-03 4.570502e-01 1.176740e+00
5.058348e-01 -3.556402e-02 -8.618970e-01 -7.623734e+01 1.363117e-02 9.993546e-01 -3.323593e-02 -1.449702e+00 8.625227e-01 5.063226e-03 5.059931e-01 1.433070e+00
5.512534e-01 -4.429068e-02 -8.331615e-01 -7.661098e+01 1.919030e-02 9.989989e-01 -4.040948e-02 -1.480634e+00 8.341172e-01 6.287239e-03 5.515515e-01 1.720047e+00
5.948670e-01 -5.562638e-02 -8.018971e-01 -7.694776e+01 2.614009e-02 9.984137e-01 -4.986707e-02 -1.510266e+00 8.033990e-01 8.702613e-03 5.953774e-01 2.040143e+00
6.374463e-01 -5.800446e-02 -7.683083e-01 -7.725489e+01 2.481130e-02 9.981904e-01 -5.477440e-02 -1.544088e+00 7.700952e-01 1.585300e-02 6.377320e-01 2.354985e+00
6.797773e-01 -5.386766e-02 -7.314377e-01 -7.759260e+01 1.726884e-02 9.981982e-01 -5.746441e-02 -1.589176e+00 7.332152e-01 2.643192e-02 6.794827e-01 2.677798e+00
7.208051e-01 -4.934614e-02 -6.913791e-01 -7.787818e+01 6.636835e-03 9.979082e-01 -6.430489e-02 -1.622993e+00 6.931060e-01 4.176272e-02 7.196248e-01 3.007828e+00
7.606165e-01 -4.124688e-02 -6.478898e-01 -7.816081e+01 -3.178003e-03 9.977311e-01 -6.724993e-02 -1.655886e+00 6.491937e-01 5.321040e-02 7.587597e-01 3.368025e+00
7.976920e-01 -3.704172e-02 -6.019264e-01 -7.842019e+01 -6.100994e-03 9.975651e-01 -6.947401e-02 -1.696699e+00 6.030342e-01 5.909121e-02 7.955237e-01 3.777876e+00
8.320038e-01 -3.316821e-02 -5.537776e-01 -7.867065e+01 -8.038168e-03 9.973856e-01 -7.181453e-02 -1.724117e+00 5.547117e-01 6.420132e-02 8.295620e-01 4.205036e+00
8.629350e-01 -2.502493e-02 -5.046949e-01 -7.892095e+01 -1.291099e-02 9.973550e-01 -7.152854e-02 -1.773340e+00 5.051500e-01 6.824059e-02 8.603294e-01 4.672351e+00
8.891194e-01 -2.040211e-02 -4.572204e-01 -7.913189e+01 -1.321182e-02 9.974454e-01 -7.020002e-02 -1.818252e+00 4.574846e-01 6.845691e-02 8.865785e-01 5.133027e+00
9.106651e-01 -1.067290e-02 -4.130075e-01 -7.935441e+01 -1.852679e-02 9.976057e-01 -6.663088e-02 -1.861442e+00 4.127298e-01 6.833012e-02 9.082869e-01 5.615869e+00
9.282394e-01 -2.597615e-03 -3.719742e-01 -7.954324e+01 -2.367286e-02 9.975361e-01 -6.604032e-02 -1.906325e+00 3.712292e-01 7.010693e-02 9.258909e-01 6.129195e+00
9.416854e-01 4.939367e-03 -3.364583e-01 -7.972942e+01 -2.766137e-02 9.976444e-01 -6.277322e-02 -1.948450e+00 3.353557e-01 6.841952e-02 9.396038e-01 6.717200e+00
9.518801e-01 7.066742e-03 -3.063893e-01 -7.990943e+01 -2.691727e-02 9.977984e-01 -6.061189e-02 -1.993225e+00 3.052864e-01 6.594241e-02 9.499746e-01 7.298852e+00
9.593332e-01 7.245129e-03 -2.821833e-01 -8.006805e+01 -2.496866e-02 9.979301e-01 -5.926338e-02 -2.053481e+00 2.811698e-01 6.389906e-02 9.575283e-01 7.893914e+00
9.652666e-01 8.620481e-03 -2.611245e-01 -8.023130e+01 -2.441440e-02 9.980584e-01 -5.730087e-02 -2.099508e+00 2.601235e-01 6.168582e-02 9.636029e-01 8.516152e+00
9.699400e-01 1.147521e-02 -2.430736e-01 -8.038229e+01 -2.546426e-02 9.981897e-01 -5.448707e-02 -2.138635e+00 2.420083e-01 5.903887e-02 9.684763e-01 9.135511e+00
9.736098e-01 1.679531e-02 -2.276004e-01 -8.055103e+01 -2.931486e-02 9.982303e-01 -5.173827e-02 -2.183524e+00 2.263286e-01 5.704496e-02 9.723792e-01 9.793063e+00
9.765079e-01 2.112147e-02 -2.144438e-01 -8.070339e+01 -3.247354e-02 9.982435e-01 -4.955282e-02 -2.229814e+00 2.130205e-01 5.535248e-02 9.754785e-01 1.046880e+01
9.792999e-01 2.066485e-02 -2.013570e-01 -8.083777e+01 -3.129198e-02 9.982720e-01 -4.973797e-02 -2.280211e+00 1.999812e-01 5.500925e-02 9.782543e-01 1.114354e+01
9.819933e-01 2.110417e-02 -1.877334e-01 -8.096318e+01 -3.096057e-02 9.982829e-01 -4.972550e-02 -2.330611e+00 1.863616e-01 5.464244e-02 9.809605e-01 1.183645e+01
9.846090e-01 2.159010e-02 -1.734331e-01 -8.109207e+01 -3.050363e-02 9.983380e-01 -4.889452e-02 -2.378476e+00 1.720892e-01 5.343232e-02 9.836312e-01 1.255846e+01
9.869741e-01 2.346081e-02 -1.591592e-01 -8.121759e+01 -3.147412e-02 9.983506e-01 -4.801504e-02 -2.419792e+00 1.577702e-01 5.239900e-02 9.860846e-01 1.328684e+01
9.889284e-01 2.445435e-02 -1.463644e-01 -8.133454e+01 -3.211511e-02 9.982223e-01 -5.020802e-02 -2.476409e+00 1.448764e-01 5.435264e-02 9.879558e-01 1.401802e+01
9.904901e-01 2.643412e-02 -1.350210e-01 -8.144912e+01 -3.409460e-02 9.979183e-01 -5.474161e-02 -2.535540e+00 1.332929e-01 5.882450e-02 9.893294e-01 1.476919e+01
9.918261e-01 2.551402e-02 -1.250201e-01 -8.154744e+01 -3.337070e-02 9.975701e-01 -6.115738e-02 -2.577011e+00 1.231560e-01 6.482949e-02 9.902675e-01 1.552759e+01
9.928273e-01 2.659858e-02 -1.165612e-01 -8.165707e+01 -3.388577e-02 9.975631e-01 -6.098906e-02 -2.632005e+00 1.146549e-01 6.450137e-02 9.913092e-01 1.631953e+01
9.935244e-01 2.838253e-02 -1.100166e-01 -8.175070e+01 -3.454600e-02 9.979145e-01 -5.452776e-02 -2.683613e+00 1.082395e-01 5.797530e-02 9.924329e-01 1.711469e+01
9.939442e-01 3.290628e-02 -1.048431e-01 -8.185567e+01 -3.784633e-02 9.982480e-01 -4.548245e-02 -2.747144e+00 1.031627e-01 4.917494e-02 9.934482e-01 1.791533e+01
9.943628e-01 3.360792e-02 -1.005645e-01 -8.194500e+01 -3.792995e-02 9.984233e-01 -4.137842e-02 -2.805944e+00 9.901528e-02 4.495956e-02 9.940697e-01 1.871341e+01
9.947578e-01 3.263774e-02 -9.691091e-02 -8.202822e+01 -3.688129e-02 9.984230e-01 -4.232427e-02 -2.861015e+00 9.537671e-02 4.567659e-02 9.943927e-01 1.950406e+01
9.950680e-01 3.385654e-02 -9.323804e-02 -8.212251e+01 -3.802196e-02 9.983398e-01 -4.326676e-02 -2.904371e+00 9.161838e-02 4.659846e-02 9.947033e-01 2.029261e+01
9.954197e-01 3.209507e-02 -9.005319e-02 -8.222015e+01 -3.592448e-02 9.985036e-01 -4.122994e-02 -2.950507e+00 8.859516e-02 4.427621e-02 9.950832e-01 2.112084e+01
9.956774e-01 2.992792e-02 -8.792501e-02 -8.228418e+01 -3.344613e-02 9.986865e-01 -3.881657e-02 -3.003343e+00 8.664782e-02 4.158953e-02 9.953705e-01 2.191112e+01
9.964883e-01 2.477916e-02 -7.998133e-02 -8.258639e+01 -2.828557e-02 9.986742e-01 -4.300927e-02 -2.993323e+00 7.880955e-02 4.512056e-02 9.958681e-01 2.330748e+01
9.967242e-01 2.342888e-02 -7.740788e-02 -8.265144e+01 -2.710454e-02 9.985374e-01 -4.677996e-02 -3.046247e+00 7.619866e-02 4.872483e-02 9.959014e-01 2.408930e+01
9.967639e-01 2.687634e-02 -7.575852e-02 -8.271853e+01 -3.103515e-02 9.980442e-01 -5.426369e-02 -3.091957e+00 7.415195e-02 5.643927e-02 9.956486e-01 2.485383e+01
9.968664e-01 2.882267e-02 -7.366626e-02 -8.279030e+01 -3.338630e-02 9.975492e-01 -6.148885e-02 -3.152621e+00 7.171345e-02 6.375561e-02 9.953856e-01 2.562354e+01
9.969219e-01 2.886319e-02 -7.289437e-02 -8.283838e+01 -3.368627e-02 9.972623e-01 -6.582681e-02 -3.209079e+00 7.079484e-02 6.807973e-02 9.951649e-01 2.639598e+01
9.969996e-01 2.965825e-02 -7.150020e-02 -8.287885e+01 -3.423959e-02 9.973800e-01 -6.372446e-02 -3.278457e+00 6.942292e-02 6.598139e-02 9.954029e-01 2.719028e+01
9.970579e-01 3.233921e-02 -6.949558e-02 -8.293476e+01 -3.651046e-02 9.975535e-01 -5.961463e-02 -3.338206e+00 6.739767e-02 6.197656e-02 9.957994e-01 2.795150e+01
9.970621e-01 3.501946e-02 -6.812323e-02 -8.297547e+01 -3.875093e-02 9.977753e-01 -5.424778e-02 -3.400762e+00 6.607195e-02 5.672824e-02 9.962010e-01 2.872015e+01
9.972584e-01 3.290940e-02 -6.627724e-02 -8.300876e+01 -3.643745e-02 9.979430e-01 -5.274584e-02 -3.452701e+00 6.440507e-02 5.501620e-02 9.964061e-01 2.947375e+01
9.973723e-01 3.052901e-02 -6.570041e-02 -8.304090e+01 -3.405282e-02 9.980031e-01 -5.320038e-02 -3.516065e+00 6.394505e-02 5.529787e-02 9.964202e-01 3.025445e+01
9.972454e-01 3.165590e-02 -6.707785e-02 -8.295442e+01 -3.535502e-02 9.978769e-01 -5.469672e-02 -3.638093e+00 6.520396e-02 5.691759e-02 9.962474e-01 3.135659e+01
9.972931e-01 3.236373e-02 -6.602302e-02 -8.300722e+01 -3.610180e-02 9.977647e-01 -5.623323e-02 -3.702783e+00 6.405552e-02 5.846456e-02 9.962323e-01 3.214146e+01
9.973860e-01 2.983367e-02 -6.581149e-02 -8.304569e+01 -3.365328e-02 9.977657e-01 -5.771469e-02 -3.767847e+00 6.394261e-02 5.977859e-02 9.961616e-01 3.293731e+01
9.974413e-01 2.958407e-02 -6.508105e-02 -8.309540e+01 -3.336686e-02 9.977689e-01 -5.782676e-02 -3.821372e+00 6.322510e-02 5.985035e-02 9.962031e-01 3.369985e+01
9.974011e-01 3.252116e-02 -6.429172e-02 -8.315929e+01 -3.620090e-02 9.977220e-01 -5.692402e-02 -3.873110e+00 6.229402e-02 5.910350e-02 9.963063e-01 3.447946e+01
9.974135e-01 3.252274e-02 -6.409763e-02 -8.322354e+01 -3.624832e-02 9.976673e-01 -5.784444e-02 -3.931710e+00 6.206685e-02 6.001826e-02 9.962658e-01 3.525423e+01
9.973546e-01 3.161713e-02 -6.545387e-02 -8.329161e+01 -3.544420e-02 9.976779e-01 -5.815886e-02 -3.991142e+00 6.346307e-02 6.032497e-02 9.961593e-01 3.605101e+01
9.973014e-01 2.986388e-02 -6.706740e-02 -8.336462e+01 -3.377823e-02 9.977444e-01 -5.800970e-02 -4.050946e+00 6.518373e-02 6.011857e-02 9.960607e-01 3.685856e+01
9.970373e-01 3.104215e-02 -7.037745e-02 -8.342647e+01 -3.517630e-02 9.976801e-01 -5.828500e-02 -4.103160e+00 6.840489e-02 6.058794e-02 9.958162e-01 3.766519e+01
9.967204e-01 3.414117e-02 -7.336770e-02 -8.350486e+01 -3.846995e-02 9.975505e-01 -5.842135e-02 -4.160676e+00 7.119341e-02 6.105221e-02 9.955923e-01 3.847799e+01
9.965208e-01 3.461716e-02 -7.581500e-02 -8.357807e+01 -3.949087e-02 9.971837e-01 -6.375796e-02 -4.213790e+00 7.339436e-02 6.653013e-02 9.950814e-01 3.928153e+01
9.963429e-01 3.456457e-02 -7.814128e-02 -8.365236e+01 -3.991890e-02 9.968843e-01 -6.803103e-02 -4.261988e+00 7.554635e-02 7.090155e-02 9.946184e-01 4.008160e+01
9.962795e-01 3.264601e-02 -7.975877e-02 -8.373549e+01 -3.829183e-02 9.967897e-01 -7.031403e-02 -4.320293e+00 7.720725e-02 7.310653e-02 9.943312e-01 4.092870e+01
9.960518e-01 3.239334e-02 -8.265325e-02 -8.381484e+01 -3.820090e-02 9.968378e-01 -6.967858e-02 -4.379699e+00 8.013476e-02 7.256091e-02 9.941395e-01 4.179919e+01
9.959332e-01 3.050583e-02 -8.477240e-02 -8.388946e+01 -3.639944e-02 9.969614e-01 -6.887009e-02 -4.463820e+00 8.241387e-02 7.167568e-02 9.940174e-01 4.264580e+01
9.959358e-01 2.833750e-02 -8.549205e-02 -8.401751e+01 -3.418379e-02 9.971190e-01 -6.771394e-02 -4.530167e+00 8.332691e-02 7.036118e-02 9.940352e-01 4.361235e+01
9.958595e-01 2.740541e-02 -8.667625e-02 -8.409224e+01 -3.299851e-02 9.974190e-01 -6.376829e-02 -4.609934e+00 8.470494e-02 6.636445e-02 9.941936e-01 4.447131e+01
9.957137e-01 2.615056e-02 -8.871545e-02 -8.414858e+01 -3.147533e-02 9.977520e-01 -5.916268e-02 -4.684195e+00 8.696888e-02 6.170143e-02 9.942984e-01 4.539201e+01
9.957270e-01 2.582684e-02 -8.866019e-02 -8.421773e+01 -3.100275e-02 9.978636e-01 -5.750730e-02 -4.744208e+00 8.698554e-02 6.001028e-02 9.944005e-01 4.626226e+01
9.957665e-01 2.923431e-02 -8.714607e-02 -8.429187e+01 -3.427149e-02 9.977928e-01 -5.687706e-02 -4.815161e+00 8.529096e-02 5.962290e-02 9.945705e-01 4.711943e+01
9.958485e-01 2.960000e-02 -8.607859e-02 -8.435471e+01 -3.468637e-02 9.977017e-01 -5.820732e-02 -4.877022e+00 8.415782e-02 6.095143e-02 9.945865e-01 4.800414e+01
9.960212e-01 2.776411e-02 -8.468149e-02 -8.442428e+01 -3.292652e-02 9.976438e-01 -6.018803e-02 -4.954893e+00 8.281090e-02 6.273682e-02 9.945886e-01 4.888384e+01
9.962708e-01 2.423320e-02 -8.280836e-02 -8.449453e+01 -2.939535e-02 9.976618e-01 -6.169897e-02 -5.032656e+00 8.111958e-02 6.390306e-02 9.946537e-01 4.975193e+01
9.964155e-01 2.279273e-02 -8.146501e-02 -8.455854e+01 -2.790130e-02 9.976779e-01 -6.213079e-02 -5.102039e+00 7.985971e-02 6.418106e-02 9.947378e-01 5.064704e+01
9.965272e-01 2.046704e-02 -8.071281e-02 -8.462355e+01 -2.532799e-02 9.978969e-01 -5.966877e-02 -5.174623e+00 7.932181e-02 6.150585e-02 9.949498e-01 5.153322e+01
9.966360e-01 1.725097e-02 -8.011955e-02 -8.469016e+01 -2.187322e-02 9.981244e-01 -5.717733e-02 -5.246803e+00 7.898292e-02 5.873745e-02 9.951440e-01 5.241676e+01
9.967135e-01 1.746490e-02 -7.910231e-02 -8.476584e+01 -2.199696e-02 9.981438e-01 -5.678958e-02 -5.317724e+00 7.796366e-02 5.834295e-02 9.952476e-01 5.329629e+01
9.967727e-01 1.808275e-02 -7.821192e-02 -8.486468e+01 -2.280970e-02 9.979394e-01 -5.997301e-02 -5.394622e+00 7.696628e-02 6.156345e-02 9.951312e-01 5.418878e+01
9.967128e-01 2.201809e-02 -7.796689e-02 -8.498496e+01 -2.732124e-02 9.973371e-01 -6.761812e-02 -5.435541e+00 7.627046e-02 6.952600e-02 9.946602e-01 5.518142e+01
9.967773e-01 2.353710e-02 -7.668824e-02 -8.507169e+01 -2.916878e-02 9.968933e-01 -7.316374e-02 -5.504037e+00 7.472793e-02 7.516486e-02 9.943671e-01 5.605729e+01
9.967174e-01 2.846777e-02 -7.578927e-02 -8.515958e+01 -3.442005e-02 9.963255e-01 -7.842659e-02 -5.586186e+00 7.327816e-02 8.077782e-02 9.940348e-01 5.690949e+01
9.967951e-01 2.818108e-02 -7.486836e-02 -8.523074e+01 -3.411660e-02 9.962730e-01 -7.922199e-02 -5.666942e+00 7.235677e-02 8.152235e-02 9.940416e-01 5.775633e+01
9.969207e-01 2.425311e-02 -7.457160e-02 -8.529451e+01 -2.975714e-02 9.968433e-01 -7.360653e-02 -5.747248e+00 7.255101e-02 7.559891e-02 9.944954e-01 5.862174e+01
9.969250e-01 2.272327e-02 -7.499522e-02 -8.536796e+01 -2.759375e-02 9.975322e-01 -6.456016e-02 -5.828990e+00 7.334313e-02 6.643104e-02 9.950918e-01 5.949171e+01
9.968802e-01 2.094816e-02 -7.609829e-02 -8.544653e+01 -2.535141e-02 9.980313e-01 -5.736524e-02 -5.906359e+00 7.474678e-02 5.911547e-02 9.954488e-01 6.041633e+01
9.967031e-01 1.903985e-02 -7.886911e-02 -8.551533e+01 -2.393654e-02 9.978130e-01 -6.161374e-02 -5.950636e+00 7.752351e-02 6.329846e-02 9.949791e-01 6.132099e+01
9.966853e-01 1.975501e-02 -7.891819e-02 -8.558644e+01 -2.524623e-02 9.972832e-01 -6.920085e-02 -5.974438e+00 7.733673e-02 7.096386e-02 9.944763e-01 6.241820e+01
9.965127e-01 1.700697e-02 -8.169020e-02 -8.565432e+01 -2.294201e-02 9.971210e-01 -7.227303e-02 -6.038773e+00 8.022587e-02 7.389513e-02 9.940339e-01 6.335534e+01
9.962004e-01 1.878063e-02 -8.504204e-02 -8.571610e+01 -2.514721e-02 9.969097e-01 -7.442289e-02 -6.120211e+00 8.338152e-02 7.627868e-02 9.935940e-01 6.424138e+01
9.936637e-01 1.960739e-02 -1.106706e-01 -8.551933e+01 -2.836541e-02 9.965400e-01 -7.812499e-02 -6.236307e+00 1.087558e-01 8.076918e-02 9.907818e-01 6.532887e+01
9.931715e-01 1.693361e-02 -1.154280e-01 -8.560101e+01 -2.640025e-02 9.963656e-01 -8.098474e-02 -6.328230e+00 1.136371e-01 8.347907e-02 9.900090e-01 6.632661e+01
9.927122e-01 1.841911e-02 -1.190933e-01 -8.569861e+01 -2.869696e-02 9.959530e-01 -8.517061e-02 -6.418303e+00 1.170426e-01 8.796752e-02 9.892233e-01 6.729649e+01
9.914425e-01 2.122126e-02 -1.288075e-01 -8.566981e+01 -3.264790e-02 9.956506e-01 -8.725848e-02 -6.589806e+00 1.263956e-01 9.071706e-02 9.878231e-01 6.909239e+01
9.905679e-01 2.192474e-02 -1.352572e-01 -8.574281e+01 -3.373981e-02 9.957505e-01 -8.568865e-02 -6.717503e+00 1.328037e-01 8.944398e-02 9.870982e-01 7.019886e+01
9.898649e-01 2.223544e-02 -1.402607e-01 -8.578223e+01 -3.361099e-02 9.962870e-01 -7.926286e-02 -6.787719e+00 1.379774e-01 8.317382e-02 9.869368e-01 7.083290e+01
9.875709e-01 9.824468e-03 -1.568669e-01 -8.568677e+01 -2.330635e-02 9.961646e-01 -8.433825e-02 -6.877652e+00 1.554367e-01 8.694600e-02 9.840121e-01 7.244495e+01
9.857799e-01 1.120322e-02 -1.676680e-01 -8.577346e+01 -2.604161e-02 9.959059e-01 -8.656360e-02 -6.876270e+00 1.660118e-01 8.969900e-02 9.820357e-01 7.407759e+01
9.838841e-01 9.266298e-03 -1.785673e-01 -8.592800e+01 -2.547059e-02 9.957355e-01 -8.866865e-02 -7.001354e+00 1.769842e-01 9.178789e-02 9.799243e-01 7.573789e+01
9.827476e-01 5.454942e-03 -1.848713e-01 -8.607612e+01 -2.164565e-02 9.960881e-01 -8.567369e-02 -7.101785e+00 1.836808e-01 8.819728e-02 9.790213e-01 7.654849e+01
9.814446e-01 5.291680e-03 -1.916728e-01 -8.623028e+01 -2.229309e-02 9.959891e-01 -8.665277e-02 -7.177049e+00 1.904455e-01 8.931788e-02 9.776261e-01 7.736714e+01
9.795390e-01 7.757438e-03 -2.011046e-01 -8.639203e+01 -2.561787e-02 9.959344e-01 -8.636204e-02 -7.353326e+00 1.996171e-01 8.974687e-02 9.757554e-01 7.858638e+01
9.774891e-01 1.014490e-02 -2.107419e-01 -8.654392e+01 -2.973233e-02 9.954991e-01 -8.998584e-02 -7.551379e+00 2.088805e-01 9.422603e-02 9.733912e-01 7.995382e+01
9.761468e-01 8.586176e-03 -2.169416e-01 -8.672352e+01 -2.945926e-02 9.952147e-01 -9.316549e-02 -7.645814e+00 2.151035e-01 9.733414e-02 9.717286e-01 8.076942e+01
9.748120e-01 9.553666e-03 -2.228234e-01 -8.690907e+01 -3.128701e-02 9.950605e-01 -9.421130e-02 -7.745723e+00 2.208227e-01 9.880979e-02 9.702958e-01 8.160258e+01
9.735081e-01 1.008878e-02 -2.284298e-01 -8.709240e+01 -3.131712e-02 9.954945e-01 -8.949856e-02 -7.838841e+00 2.264977e-01 9.428134e-02 9.694379e-01 8.244601e+01
9.718449e-01 1.015652e-02 -2.354025e-01 -8.728075e+01 -3.114016e-02 9.958433e-01 -8.559425e-02 -7.934097e+00 2.335546e-01 9.051480e-02 9.681215e-01 8.329407e+01
9.700748e-01 7.558452e-03 -2.426886e-01 -8.745366e+01 -2.873669e-02 9.960644e-01 -8.384423e-02 -8.045746e+00 2.410997e-01 8.830925e-02 9.664742e-01 8.415293e+01
9.683397e-01 3.520524e-03 -2.496113e-01 -8.764943e+01 -2.631252e-02 9.957700e-01 -8.803217e-02 -8.143027e+00 2.482455e-01 9.181295e-02 9.643363e-01 8.491617e+01
9.661318e-01 8.857535e-04 -2.580476e-01 -8.784481e+01 -2.632816e-02 9.951140e-01 -9.515707e-02 -8.234304e+00 2.567025e-01 9.872819e-02 9.614346e-01 8.566818e+01
9.637205e-01 -4.015634e-03 -2.668833e-01 -8.805137e+01 -2.286587e-02 9.949689e-01 -9.753976e-02 -8.338346e+00 2.659323e-01 1.001036e-01 9.587801e-01 8.640831e+01
9.607102e-01 -6.632413e-03 -2.774741e-01 -8.826486e+01 -2.063172e-02 9.952421e-01 -9.522315e-02 -8.433695e+00 2.767855e-01 9.720662e-02 9.560024e-01 8.715198e+01
9.574207e-01 -9.130947e-03 -2.885518e-01 -8.849106e+01 -1.767755e-02 9.957700e-01 -9.016464e-02 -8.510945e+00 2.881545e-01 9.142638e-02 9.532094e-01 8.787949e+01
9.536693e-01 -1.027871e-02 -3.006811e-01 -8.872468e+01 -1.549754e-02 9.964111e-01 -8.321556e-02 -8.595661e+00 3.004574e-01 8.401995e-02 9.500874e-01 8.863065e+01
9.413702e-01 5.632371e-02 -3.326405e-01 -8.864265e+01 -8.290638e-02 9.943523e-01 -6.625768e-02 -9.242272e+00 3.270299e-01 8.995103e-02 9.407232e-01 9.012275e+01
9.370605e-01 6.016758e-02 -3.439439e-01 -8.891756e+01 -8.912032e-02 9.936290e-01 -6.898474e-02 -9.309008e+00 3.376020e-01 9.529527e-02 9.364527e-01 9.083446e+01
9.325945e-01 6.061819e-02 -3.557990e-01 -8.920347e+01 -9.399864e-02 9.925687e-01 -7.727647e-02 -9.384940e+00 3.484706e-01 1.055122e-01 9.313621e-01 9.156761e+01
9.279516e-01 5.830045e-02 -3.681125e-01 -8.948350e+01 -9.515367e-02 9.920169e-01 -8.275451e-02 -9.457315e+00 3.603492e-01 1.118194e-01 9.260912e-01 9.230437e+01
9.235144e-01 5.377420e-02 -3.797756e-01 -8.976803e+01 -9.062405e-02 9.926816e-01 -7.981544e-02 -9.520000e+00 3.727043e-01 1.081275e-01 9.216290e-01 9.299933e+01
9.187926e-01 5.309774e-02 -3.911531e-01 -9.010484e+01 -8.850191e-02 9.933948e-01 -7.303502e-02 -9.597615e+00 3.846915e-01 1.017218e-01 9.174231e-01 9.379198e+01
9.130326e-01 4.979301e-02 -4.048359e-01 -9.047334e+01 -8.487854e-02 9.939874e-01 -6.917186e-02 -9.686156e+00 3.989575e-01 9.751805e-02 9.117692e-01 9.469490e+01
9.077593e-01 4.692048e-02 -4.168591e-01 -9.089579e+01 -8.485768e-02 9.937200e-01 -7.293718e-02 -9.761487e+00 4.108190e-01 1.015831e-01 9.060401e-01 9.560910e+01
9.026135e-01 4.742848e-02 -4.278311e-01 -9.128573e+01 -8.887721e-02 9.930290e-01 -7.742285e-02 -9.811177e+00 4.211766e-01 1.079073e-01 9.005366e-01 9.639910e+01
8.998174e-01 4.629022e-02 -4.338040e-01 -9.172878e+01 -9.154150e-02 9.922522e-01 -8.399892e-02 -9.882978e+00 4.265546e-01 1.152948e-01 8.970832e-01 9.711451e+01
8.966584e-01 4.364377e-02 -4.405666e-01 -9.208259e+01 -9.264740e-02 9.915932e-01 -9.032962e-02 -9.948702e+00 4.329205e-01 1.218122e-01 8.931638e-01 9.781352e+01
8.930929e-01 4.366115e-02 -4.477486e-01 -9.243308e+01 -9.459798e-02 9.912527e-01 -9.202830e-02 -1.002027e+01 4.398140e-01 1.245459e-01 8.894110e-01 9.849954e+01
8.891437e-01 4.908602e-02 -4.549879e-01 -9.281272e+01 -1.004922e-01 9.909060e-01 -8.948006e-02 -1.009176e+01 4.464580e-01 1.252834e-01 8.859906e-01 9.915691e+01
8.848154e-01 4.616614e-02 -4.636491e-01 -9.317101e+01 -9.811021e-02 9.912297e-01 -8.853286e-02 -1.017874e+01 4.554955e-01 1.238239e-01 8.815846e-01 9.992081e+01
8.808070e-01 4.370335e-02 -4.714541e-01 -9.354452e+01 -9.413941e-02 9.920158e-01 -8.391959e-02 -1.025287e+01 4.640223e-01 1.182994e-01 8.778887e-01 1.006495e+02
8.774956e-01 4.244919e-02 -4.777024e-01 -9.393367e+01 -9.001951e-02 9.929494e-01 -7.712296e-02 -1.032718e+01 4.710605e-01 1.106776e-01 8.751300e-01 1.013358e+02
8.738008e-01 4.921847e-02 -4.837869e-01 -9.434033e+01 -9.359523e-02 9.932857e-01 -6.799601e-02 -1.039427e+01 4.771919e-01 1.046951e-01 8.725404e-01 1.020247e+02
8.699773e-01 5.714128e-02 -4.897698e-01 -9.474511e+01 -1.026692e-01 9.924850e-01 -6.657818e-02 -1.046637e+01 4.822848e-01 1.082058e-01 8.693060e-01 1.027013e+02
8.672535e-01 5.582072e-02 -4.947277e-01 -9.513636e+01 -1.060644e-01 9.915984e-01 -7.404680e-02 -1.052844e+01 4.864378e-01 1.166903e-01 8.658878e-01 1.033662e+02
8.651874e-01 5.035044e-02 -4.989144e-01 -9.552130e+01 -1.056804e-01 9.909082e-01 -8.326221e-02 -1.059045e+01 4.901861e-01 1.247629e-01 8.626423e-01 1.040314e+02
8.629364e-01 4.961271e-02 -5.028710e-01 -9.591787e+01 -1.059671e-01 9.908077e-01 -8.408954e-02 -1.065678e+01 4.940766e-01 1.258517e-01 8.602614e-01 1.047310e+02
8.600343e-01 5.228208e-02 -5.075505e-01 -9.632027e+01 -1.062361e-01 9.912844e-01 -7.790410e-02 -1.073095e+01 4.990539e-01 1.209204e-01 8.580929e-01 1.053931e+02
8.568943e-01 5.212060e-02 -5.128505e-01 -9.675016e+01 -1.049123e-01 9.916864e-01 -7.450794e-02 -1.079446e+01 5.047035e-01 1.176497e-01 8.552385e-01 1.061083e+02
8.541359e-01 4.776162e-02 -5.178520e-01 -9.714732e+01 -1.029796e-01 9.915891e-01 -7.839828e-02 -1.087899e+01 5.097519e-01 1.202910e-01 8.518703e-01 1.067866e+02
8.513061e-01 4.776711e-02 -5.224904e-01 -9.755290e+01 -1.070417e-01 9.907140e-01 -8.383247e-02 -1.094276e+01 5.136341e-01 1.272953e-01 8.485139e-01 1.074420e+02
8.485693e-01 4.786644e-02 -5.269146e-01 -9.797932e+01 -1.114464e-01 9.897257e-01 -8.956929e-02 -1.100619e+01 5.172135e-01 1.347285e-01 8.451854e-01 1.081159e+02
8.454971e-01 4.817757e-02 -5.318022e-01 -9.840013e+01 -1.132371e-01 9.894473e-01 -9.039534e-02 -1.107743e+01 5.218352e-01 1.366487e-01 8.420303e-01 1.087741e+02
8.428284e-01 4.870921e-02 -5.359737e-01 -9.883047e+01 -1.121247e-01 9.899350e-01 -8.635301e-02 -1.116192e+01 5.263729e-01 1.328767e-01 8.398068e-01 1.094441e+02
8.431448e-01 5.942744e-02 -5.343923e-01 -9.918645e+01 -1.203709e-01 9.895102e-01 -7.987767e-02 -1.117617e+01 5.240397e-01 1.316737e-01 8.414538e-01 1.097136e+02
8.444248e-01 6.102471e-02 -5.321867e-01 -9.975112e+01 -1.204684e-01 9.896745e-01 -7.766429e-02 -1.126919e+01 5.219522e-01 1.296933e-01 8.430573e-01 1.103945e+02
8.416938e-01 5.916115e-02 -5.367043e-01 -1.001568e+02 -1.199600e-01 9.896272e-01 -7.904187e-02 -1.134677e+01 5.264609e-01 1.309121e-01 8.400601e-01 1.110411e+02
8.397130e-01 5.761581e-02 -5.399653e-01 -1.006347e+02 -1.197419e-01 9.895256e-01 -8.062840e-02 -1.142493e+01 5.296640e-01 1.323612e-01 8.378165e-01 1.117161e+02
8.373976e-01 5.559691e-02 -5.437594e-01 -1.010809e+02 -1.182920e-01 9.896711e-01 -8.098210e-02 -1.150822e+01 5.336406e-01 1.321366e-01 8.353249e-01 1.123702e+02
8.346418e-01 5.665172e-02 -5.478719e-01 -1.015337e+02 -1.195830e-01 9.896082e-01 -7.984705e-02 -1.158751e+01 5.376551e-01 1.321599e-01 8.327429e-01 1.130278e+02
8.318203e-01 5.713444e-02 -5.520967e-01 -1.019667e+02 -1.205403e-01 9.895433e-01 -7.920871e-02 -1.166918e+01 5.417980e-01 1.324373e-01 8.300092e-01 1.136742e+02
8.293455e-01 5.589682e-02 -5.559331e-01 -1.023923e+02 -1.222706e-01 9.890234e-01 -8.296194e-02 -1.174505e+01 5.451935e-01 1.367784e-01 8.270766e-01 1.142890e+02
8.268641e-01 5.340093e-02 -5.598608e-01 -1.028309e+02 -1.233104e-01 9.884733e-01 -8.783536e-02 -1.182436e+01 5.487170e-01 1.416646e-01 8.239180e-01 1.149150e+02
8.245278e-01 5.251627e-02 -5.633790e-01 -1.032625e+02 -1.245543e-01 9.881060e-01 -9.018232e-02 -1.190375e+01 5.519421e-01 1.445291e-01 8.212620e-01 1.155239e+02
8.222603e-01 5.147693e-02 -5.667788e-01 -1.036907e+02 -1.221766e-01 9.886477e-01 -8.745638e-02 -1.197616e+01 5.558425e-01 1.411590e-01 8.192150e-01 1.161289e+02
8.202647e-01 5.087400e-02 -5.697172e-01 -1.041288e+02 -1.175108e-01 9.897787e-01 -8.080491e-02 -1.204361e+01 5.597831e-01 1.332293e-01 8.178587e-01 1.167399e+02
8.186468e-01 4.709325e-02 -5.723632e-01 -1.045537e+02 -1.095421e-01 9.911389e-01 -7.512778e-02 -1.212508e+01 5.637534e-01 1.242010e-01 8.165514e-01 1.173567e+02
8.170575e-01 4.268613e-02 -5.749738e-01 -1.049675e+02 -1.036998e-01 9.918725e-01 -7.372427e-02 -1.219747e+01 5.671537e-01 1.198617e-01 8.148434e-01 1.179438e+02
8.155247e-01 3.930104e-02 -5.773863e-01 -1.053849e+02 -1.018622e-01 9.918634e-01 -7.636110e-02 -1.226361e+01 5.696873e-01 1.210882e-01 8.128924e-01 1.185235e+02
8.133020e-01 3.879059e-02 -5.805473e-01 -1.057805e+02 -1.039937e-01 9.914000e-01 -7.944448e-02 -1.233190e+01 5.724729e-01 1.249856e-01 8.103416e-01 1.190774e+02
8.115851e-01 3.792126e-02 -5.830022e-01 -1.061972e+02 -1.053647e-01 9.910293e-01 -8.221473e-02 -1.239580e+01 5.746546e-01 1.281521e-01 8.083002e-01 1.196262e+02
8.093307e-01 3.678275e-02 -5.862003e-01 -1.065602e+02 -1.052634e-01 9.909620e-01 -8.315000e-02 -1.248163e+01 5.778438e-01 1.290013e-01 8.058879e-01 1.201660e+02
8.075275e-01 3.493521e-02 -5.887945e-01 -1.069082e+02 -1.048416e-01 9.908498e-01 -8.499901e-02 -1.252921e+01 5.804374e-01 1.303692e-01 8.038011e-01 1.206797e+02
8.064189e-01 3.448839e-02 -5.903381e-01 -1.072959e+02 -1.045287e-01 9.908914e-01 -8.489992e-02 -1.258073e+01 5.820329e-01 1.301722e-01 8.026786e-01 1.211590e+02
8.053931e-01 3.295692e-02 -5.918241e-01 -1.076650e+02 -1.029902e-01 9.910467e-01 -8.496743e-02 -1.263141e+01 5.837250e-01 1.293843e-01 8.015764e-01 1.216265e+02
8.040416e-01 3.060239e-02 -5.937850e-01 -1.080257e+02 -1.006651e-01 9.912637e-01 -8.522261e-02 -1.271386e+01 5.859894e-01 1.282960e-01 8.000978e-01 1.220936e+02
8.028967e-01 2.879245e-02 -5.954224e-01 -1.083663e+02 -9.951740e-02 9.912899e-01 -8.625898e-02 -1.276580e+01 5.877526e-01 1.285119e-01 7.987688e-01 1.225306e+02
8.016360e-01 2.753895e-02 -5.971778e-01 -1.086827e+02 -9.995510e-02 9.910506e-01 -8.847468e-02 -1.280140e+01 5.893969e-01 1.306155e-01 7.972145e-01 1.229456e+02
8.001398e-01 2.974942e-02 -5.990754e-01 -1.089871e+02 -1.036674e-01 9.905979e-01 -8.926868e-02 -1.286758e+01 5.907871e-01 1.335320e-01 7.957008e-01 1.233271e+02
7.983491e-01 2.881479e-02 -6.015052e-01 -1.092815e+02 -1.060662e-01 9.899673e-01 -9.335275e-02 -1.291180e+01 5.927805e-01 1.383275e-01 7.933957e-01 1.237094e+02
7.961484e-01 2.514420e-02 -6.045788e-01 -1.095600e+02 -1.053851e-01 9.896284e-01 -9.761957e-02 -1.294655e+01 5.958538e-01 1.414332e-01 7.905409e-01 1.240704e+02
7.942618e-01 1.924605e-02 -6.072708e-01 -1.098547e+02 -1.012937e-01 9.897044e-01 -1.011177e-01 -1.298399e+01 5.990724e-01 1.418266e-01 7.880339e-01 1.244124e+02
7.900295e-01 1.854764e-02 -6.127882e-01 -1.101058e+02 -1.011024e-01 9.897984e-01 -1.003862e-01 -1.302316e+01 6.046748e-01 1.412624e-01 7.838452e-01 1.247540e+02
7.857982e-01 2.062347e-02 -6.181390e-01 -1.103724e+02 -1.027566e-01 9.899067e-01 -9.760040e-02 -1.305878e+01 6.098870e-01 1.402121e-01 7.799861e-01 1.250611e+02
7.813146e-01 2.366086e-02 -6.236887e-01 -1.106235e+02 -1.040023e-01 9.902457e-01 -9.272007e-02 -1.307838e+01 6.154112e-01 1.373086e-01 7.761542e-01 1.253580e+02
7.770143e-01 2.443402e-02 -6.290086e-01 -1.108682e+02 -1.019385e-01 9.909411e-01 -8.743127e-02 -1.309505e+01 6.211742e-01 1.320556e-01 7.724662e-01 1.256339e+02
7.717023e-01 2.238135e-02 -6.355900e-01 -1.110908e+02 -9.893533e-02 9.914388e-01 -8.521041e-02 -1.312997e+01 6.282415e-01 1.286394e-01 7.673099e-01 1.258982e+02
7.656653e-01 1.733139e-02 -6.430056e-01 -1.112922e+02 -9.533177e-02 9.916550e-01 -8.678848e-02 -1.316841e+01 6.361356e-01 1.277498e-01 7.609281e-01 1.261504e+02
7.583044e-01 1.224819e-02 -6.517855e-01 -1.114992e+02 -9.285939e-02 9.916576e-01 -8.940008e-02 -1.318506e+01 6.452531e-01 1.283169e-01 7.531157e-01 1.263865e+02
7.484720e-01 7.892518e-03 -6.631194e-01 -1.116867e+02 -9.128118e-02 9.916377e-01 -9.122774e-02 -1.320201e+01 6.568542e-01 1.288117e-01 7.429335e-01 1.266102e+02
7.370304e-01 6.046759e-03 -6.758326e-01 -1.118819e+02 -9.176475e-02 9.915954e-01 -9.120228e-02 -1.322082e+01 6.696010e-01 1.292365e-01 7.313908e-01 1.268099e+02
7.228149e-01 5.675837e-03 -6.910184e-01 -1.120560e+02 -9.394248e-02 9.914903e-01 -9.012131e-02 -1.324457e+01 6.846265e-01 1.300570e-01 7.171971e-01 1.269911e+02
7.069906e-01 2.452710e-03 -7.072187e-01 -1.122321e+02 -9.761992e-02 9.907602e-01 -9.415236e-02 -1.323507e+01 7.004532e-01 1.356035e-01 7.006975e-01 1.271728e+02
6.899275e-01 3.389962e-04 -7.238784e-01 -1.123912e+02 -1.030935e-01 9.898525e-01 -9.779471e-02 -1.324388e+01 7.164997e-01 1.420984e-01 6.829614e-01 1.273281e+02
6.729798e-01 -3.103391e-03 -7.396544e-01 -1.125529e+02 -1.082261e-01 9.888157e-01 -1.026191e-01 -1.324339e+01 7.317003e-01 1.491105e-01 6.651171e-01 1.274736e+02
6.553715e-01 -2.355734e-03 -7.553031e-01 -1.127123e+02 -1.136827e-01 9.882957e-01 -1.017242e-01 -1.327078e+01 7.467024e-01 1.525321e-01 6.474330e-01 1.275975e+02
6.365276e-01 1.428674e-03 -7.712526e-01 -1.128748e+02 -1.216787e-01 9.876606e-01 -9.859391e-02 -1.326685e+01 7.615950e-01 1.566028e-01 6.288470e-01 1.277320e+02
6.167616e-01 4.096152e-05 -7.871500e-01 -1.130445e+02 -1.263466e-01 9.870391e-01 -9.894594e-02 -1.323489e+01 7.769438e-01 1.604798e-01 6.087730e-01 1.278750e+02
6.000238e-01 -7.085736e-03 -7.999508e-01 -1.132603e+02 -1.272534e-01 9.863831e-01 -1.041868e-01 -1.318093e+01 7.897962e-01 1.643110e-01 5.909517e-01 1.279506e+02
5.821593e-01 -1.385099e-02 -8.129567e-01 -1.134850e+02 -1.290805e-01 9.856001e-01 -1.092272e-01 -1.311661e+01 8.027632e-01 1.685245e-01 5.719884e-01 1.280244e+02
5.583258e-01 -1.841978e-02 -8.294172e-01 -1.136737e+02 -1.307383e-01 9.853080e-01 -1.098889e-01 -1.308846e+01 8.192556e-01 1.697904e-01 5.477148e-01 1.281407e+02
5.353220e-01 -1.876784e-02 -8.444396e-01 -1.138954e+02 -1.346182e-01 9.850782e-01 -1.072331e-01 -1.304397e+01 8.338515e-01 1.710812e-01 5.248075e-01 1.281935e+02
5.116926e-01 -2.064364e-02 -8.589206e-01 -1.141201e+02 -1.374990e-01 9.848584e-01 -1.055840e-01 -1.299753e+01 8.480948e-01 1.721273e-01 5.011062e-01 1.282522e+02
4.891958e-01 -2.213259e-02 -8.718931e-01 -1.143584e+02 -1.414251e-01 9.844350e-01 -1.043392e-01 -1.295354e+01 8.606314e-01 1.743499e-01 4.784513e-01 1.282681e+02
4.656950e-01 -2.264713e-02 -8.846555e-01 -1.146017e+02 -1.452852e-01 9.841517e-01 -1.016744e-01 -1.292897e+01 8.729378e-01 1.758766e-01 4.550242e-01 1.282870e+02
4.353624e-01 -2.338114e-02 -8.999516e-01 -1.148076e+02 -1.492203e-01 9.839604e-01 -9.775083e-02 -1.290738e+01 8.878023e-01 1.768481e-01 4.248904e-01 1.283980e+02
4.051541e-01 -2.592338e-02 -9.138808e-01 -1.150221e+02 -1.516198e-01 9.838508e-01 -9.512632e-02 -1.290419e+01 9.015884e-01 1.771032e-01 3.946807e-01 1.284807e+02
3.782142e-01 -3.101961e-02 -9.251982e-01 -1.152408e+02 -1.563392e-01 9.829420e-01 -9.686592e-02 -1.286392e+01 9.124210e-01 1.812808e-01 3.669131e-01 1.284910e+02
3.449909e-01 -3.663145e-02 -9.378910e-01 -1.154773e+02 -1.647593e-01 9.813595e-01 -9.893375e-02 -1.282824e+01 9.240323e-01 1.886575e-01 3.325247e-01 1.285588e+02
3.104922e-01 -4.289335e-02 -9.496077e-01 -1.157146e+02 -1.739051e-01 9.795582e-01 -1.011078e-01 -1.278256e+01 9.345328e-01 1.965348e-01 2.966858e-01 1.286066e+02
2.736219e-01 -4.889314e-02 -9.605938e-01 -1.159854e+02 -1.800231e-01 9.784550e-01 -1.010812e-01 -1.276341e+01 9.448400e-01 2.005871e-01 2.589249e-01 1.286130e+02
2.337187e-01 -5.740057e-02 -9.706084e-01 -1.162834e+02 -1.857222e-01 9.772401e-01 -1.025139e-01 -1.272004e+01 9.544018e-01 2.042230e-01 2.177387e-01 1.286329e+02
1.908269e-01 -6.612670e-02 -9.793939e-01 -1.165834e+02 -1.917575e-01 9.759951e-01 -1.032596e-01 -1.268931e+01 9.627119e-01 2.075108e-01 1.735658e-01 1.286513e+02
1.430025e-01 -7.676305e-02 -9.867410e-01 -1.168998e+02 -1.958989e-01 9.750674e-01 -1.042454e-01 -1.269268e+01 9.701412e-01 2.082088e-01 1.243993e-01 1.286797e+02
9.397855e-02 -8.617909e-02 -9.918373e-01 -1.172169e+02 -2.001802e-01 9.742643e-01 -1.036197e-01 -1.269016e+01 9.752415e-01 2.082842e-01 7.430860e-02 1.286837e+02
4.348536e-02 -9.616803e-02 -9.944148e-01 -1.175525e+02 -2.015305e-01 9.740504e-01 -1.030115e-01 -1.270783e+01 9.785165e-01 2.048844e-01 2.297615e-02 1.286703e+02
-8.927307e-03 -1.071622e-01 -9.942015e-01 -1.179113e+02 -1.999873e-01 9.743456e-01 -1.032262e-01 -1.274116e+01 9.797578e-01 1.979061e-01 -3.012936e-02 1.286383e+02
-6.234672e-02 -1.202294e-01 -9.907864e-01 -1.182969e+02 -1.975505e-01 9.745634e-01 -1.058296e-01 -1.278148e+01 9.783081e-01 1.891323e-01 -8.451221e-02 1.285970e+02
-1.156640e-01 -1.330288e-01 -9.843400e-01 -1.186884e+02 -1.960808e-01 9.745482e-01 -1.086652e-01 -1.281635e+01 9.737424e-01 1.804415e-01 -1.388045e-01 1.285296e+02
-1.683001e-01 -1.456042e-01 -9.749228e-01 -1.190611e+02 -1.950218e-01 9.743993e-01 -1.118596e-01 -1.285610e+01 9.662513e-01 1.713052e-01 -1.923875e-01 1.284358e+02
-2.198116e-01 -1.569938e-01 -9.628270e-01 -1.194492e+02 -1.942694e-01 9.742424e-01 -1.145038e-01 -1.288707e+01 9.560033e-01 1.618786e-01 -2.446488e-01 1.283024e+02
-2.709481e-01 -1.647951e-01 -9.483827e-01 -1.199139e+02 -1.941406e-01 9.743457e-01 -1.138416e-01 -1.291594e+01 9.428131e-01 1.532744e-01 -2.959905e-01 1.281416e+02
-3.193040e-01 -1.748120e-01 -9.313892e-01 -1.203503e+02 -1.944062e-01 9.740184e-01 -1.161656e-01 -1.295610e+01 9.274973e-01 1.439756e-01 -3.449925e-01 1.279659e+02
-3.668188e-01 -1.866581e-01 -9.113741e-01 -1.208554e+02 -1.947421e-01 9.733659e-01 -1.209729e-01 -1.304334e+01 9.096810e-01 1.331077e-01 -3.933991e-01 1.277769e+02
-4.117572e-01 -1.966671e-01 -8.898191e-01 -1.213533e+02 -1.961323e-01 9.726773e-01 -1.242215e-01 -1.310070e+01 8.899371e-01 1.233732e-01 -4.390796e-01 1.275074e+02
-4.533926e-01 -2.048064e-01 -8.674615e-01 -1.217483e+02 -1.966790e-01 9.722410e-01 -1.267473e-01 -1.315577e+01 8.693403e-01 1.131452e-01 -4.810880e-01 1.272369e+02
-4.927476e-01 -2.107006e-01 -8.442778e-01 -1.221312e+02 -1.968360e-01 9.720824e-01 -1.277161e-01 -1.321526e+01 8.476175e-01 1.032524e-01 -5.204648e-01 1.269163e+02
-5.285218e-01 -2.159486e-01 -8.209939e-01 -1.225705e+02 -1.978416e-01 9.718072e-01 -1.282553e-01 -1.326323e+01 8.255443e-01 9.464100e-02 -5.563449e-01 1.265444e+02
-5.602117e-01 -2.194554e-01 -7.987504e-01 -1.229898e+02 -1.972927e-01 9.718672e-01 -1.286458e-01 -1.333370e+01 8.045113e-01 8.551873e-02 -5.877483e-01 1.261867e+02
-5.868332e-01 -2.208982e-01 -7.789934e-01 -1.234193e+02 -1.964575e-01 9.721638e-01 -1.276794e-01 -1.340391e+01 7.855134e-01 7.811254e-02 -6.138951e-01 1.258076e+02
-6.083387e-01 -2.205198e-01 -7.624271e-01 -1.238577e+02 -1.952152e-01 9.726883e-01 -1.255727e-01 -1.347724e+01 7.692952e-01 7.244662e-02 -6.347727e-01 1.254105e+02
-6.247078e-01 -2.199969e-01 -7.492272e-01 -1.243026e+02 -1.945764e-01 9.730829e-01 -1.234897e-01 -1.355324e+01 7.562276e-01 6.863689e-02 -6.506987e-01 1.249827e+02
-6.373484e-01 -2.193178e-01 -7.387061e-01 -1.247403e+02 -1.928185e-01 9.735357e-01 -1.226755e-01 -1.363762e+01 7.460617e-01 6.424920e-02 -6.627699e-01 1.245384e+02
-6.475861e-01 -2.199996e-01 -7.295426e-01 -1.251995e+02 -1.921639e-01 9.736208e-01 -1.230270e-01 -1.372435e+01 7.373637e-01 6.052120e-02 -6.727793e-01 1.240950e+02
-6.561876e-01 -2.210689e-01 -7.214890e-01 -1.256523e+02 -1.916017e-01 9.736008e-01 -1.240576e-01 -1.381340e+01 7.298675e-01 5.683344e-02 -6.812220e-01 1.236404e+02
-6.631279e-01 -2.223776e-01 -7.147094e-01 -1.261370e+02 -1.912948e-01 9.734883e-01 -1.254063e-01 -1.391156e+01 7.236489e-01 5.355973e-02 -6.880870e-01 1.231534e+02
-6.691207e-01 -2.215891e-01 -7.093489e-01 -1.266366e+02 -1.899657e-01 9.737999e-01 -1.250069e-01 -1.401018e+01 7.184640e-01 5.110723e-02 -6.936840e-01 1.226460e+02
-6.743474e-01 -2.212360e-01 -7.044928e-01 -1.271302e+02 -1.890930e-01 9.739879e-01 -1.248654e-01 -1.410340e+01 7.137922e-01 4.901201e-02 -6.986404e-01 1.221422e+02
-6.782537e-01 -2.218252e-01 -7.005466e-01 -1.276238e+02 -1.889628e-01 9.739388e-01 -1.254440e-01 -1.420705e+01 7.101162e-01 4.729439e-02 -7.024943e-01 1.216319e+02
-6.811399e-01 -2.227137e-01 -6.974575e-01 -1.281300e+02 -1.890683e-01 9.738060e-01 -1.263131e-01 -1.430176e+01 7.073200e-01 4.583021e-02 -7.054063e-01 1.211094e+02
-6.830942e-01 -2.240223e-01 -6.951233e-01 -1.286483e+02 -1.893975e-01 9.735691e-01 -1.276390e-01 -1.440737e+01 7.053446e-01 4.446509e-02 -7.074687e-01 1.205732e+02
-6.840622e-01 -2.242626e-01 -6.940931e-01 -1.291802e+02 -1.893963e-01 9.735362e-01 -1.278920e-01 -1.451399e+01 7.044061e-01 4.397257e-02 -7.084338e-01 1.200293e+02
-6.848586e-01 -2.248691e-01 -6.931108e-01 -1.297315e+02 -1.901817e-01 9.733843e-01 -1.278822e-01 -1.462576e+01 7.034199e-01 4.423577e-02 -7.093967e-01 1.194680e+02
-6.854648e-01 -2.247308e-01 -6.925562e-01 -1.302921e+02 -1.906667e-01 9.733861e-01 -1.271443e-01 -1.474218e+01 7.026979e-01 4.489448e-02 -7.100705e-01 1.188810e+02
-6.861903e-01 -2.241999e-01 -6.920097e-01 -1.308649e+02 -1.909533e-01 9.734733e-01 -1.260420e-01 -1.485867e+01 7.019115e-01 4.565274e-02 -7.107996e-01 1.182852e+02
-6.869766e-01 -2.244872e-01 -6.911358e-01 -1.314459e+02 -1.905226e-01 9.734577e-01 -1.268119e-01 -1.496951e+01 7.012591e-01 4.456016e-02 -7.115126e-01 1.176876e+02
-6.878340e-01 -2.225852e-01 -6.908981e-01 -1.320366e+02 -1.874459e-01 9.740069e-01 -1.271793e-01 -1.509008e+01 7.012477e-01 4.202775e-02 -7.116778e-01 1.170606e+02
-6.888060e-01 -2.225745e-01 -6.899325e-01 -1.326448e+02 -1.858367e-01 9.741130e-01 -1.287188e-01 -1.521777e+01 7.007218e-01 3.955256e-02 -7.123374e-01 1.164274e+02
-6.894450e-01 -2.230086e-01 -6.891536e-01 -1.332589e+02 -1.861804e-01 9.740193e-01 -1.289314e-01 -1.535179e+01 7.000018e-01 3.941575e-02 -7.130525e-01 1.157860e+02
-6.902233e-01 -2.238170e-01 -6.881117e-01 -1.338976e+02 -1.879748e-01 9.737737e-01 -1.281804e-01 -1.549276e+01 6.987540e-01 4.087456e-02 -7.141933e-01 1.151251e+02
-6.907418e-01 -2.248562e-01 -6.872521e-01 -1.345384e+02 -1.899149e-01 9.734705e-01 -1.276223e-01 -1.561555e+01 6.977164e-01 4.236542e-02 -7.151203e-01 1.144656e+02
-6.911530e-01 -2.273901e-01 -6.860038e-01 -1.351740e+02 -1.916580e-01 9.728954e-01 -1.293897e-01 -1.575244e+01 6.968319e-01 4.205007e-02 -7.160008e-01 1.138054e+02
-6.911115e-01 -2.296711e-01 -6.852854e-01 -1.358019e+02 -1.937928e-01 9.723330e-01 -1.304338e-01 -1.587917e+01 6.962825e-01 4.265909e-02 -7.164991e-01 1.131263e+02
-6.923498e-01 -2.300556e-01 -6.839051e-01 -1.364467e+02 -1.955089e-01 9.721674e-01 -1.290997e-01 -1.602194e+01 6.945704e-01 4.432742e-02 -7.180578e-01 1.124390e+02
-6.933466e-01 -2.299294e-01 -6.829370e-01 -1.371101e+02 -1.983341e-01 9.720150e-01 -1.258983e-01 -1.616391e+01 6.927728e-01 4.815852e-02 -7.195462e-01 1.117089e+02
-6.943982e-01 -2.285477e-01 -6.823321e-01 -1.377887e+02 -1.998644e-01 9.721697e-01 -1.222304e-01 -1.629748e+01 6.912781e-01 5.149733e-02 -7.207514e-01 1.109676e+02
-6.943555e-01 -2.262468e-01 -6.831419e-01 -1.384585e+02 -1.988613e-01 9.726528e-01 -1.200031e-01 -1.641809e+01 6.916102e-01 5.252569e-02 -7.203585e-01 1.102151e+02
-6.938121e-01 -2.251193e-01 -6.840659e-01 -1.391612e+02 -1.968693e-01 9.729930e-01 -1.205282e-01 -1.655931e+01 6.927245e-01 5.104770e-02 -7.193934e-01 1.093428e+02
-6.937369e-01 -2.232277e-01 -6.847616e-01 -1.398651e+02 -1.936263e-01 9.735590e-01 -1.212096e-01 -1.669970e+01 6.937132e-01 4.850025e-02 -7.186166e-01 1.085107e+02
-6.938129e-01 -2.229865e-01 -6.847633e-01 -1.405573e+02 -1.915715e-01 9.737426e-01 -1.229866e-01 -1.685250e+01 6.942075e-01 4.585143e-02 -7.183130e-01 1.077386e+02
-6.937260e-01 -2.234797e-01 -6.846905e-01 -1.412512e+02 -1.902579e-01 9.737368e-01 -1.250544e-01 -1.702267e+01 6.946554e-01 4.351426e-02 -7.180253e-01 1.069337e+02
-6.934242e-01 -2.243554e-01 -6.847098e-01 -1.419406e+02 -1.904362e-01 9.735616e-01 -1.261421e-01 -1.715909e+01 6.949079e-01 4.292353e-02 -7.178165e-01 1.061583e+02
-6.932710e-01 -2.235519e-01 -6.851276e-01 -1.426091e+02 -1.893553e-01 9.737741e-01 -1.261291e-01 -1.731658e+01 6.953560e-01 4.229092e-02 -7.174201e-01 1.054139e+02
-6.935846e-01 -2.211659e-01 -6.855845e-01 -1.432788e+02 -1.872629e-01 9.743410e-01 -1.248691e-01 -1.746345e+01 6.956098e-01 4.177723e-02 -7.172040e-01 1.046595e+02
-6.937587e-01 -2.211399e-01 -6.854167e-01 -1.439623e+02 -1.867633e-01 9.743773e-01 -1.253325e-01 -1.760667e+01 6.955705e-01 4.106017e-02 -7.172835e-01 1.039346e+02
-6.939987e-01 -2.203796e-01 -6.854185e-01 -1.446493e+02 -1.853003e-01 9.746041e-01 -1.257402e-01 -1.774978e+01 6.957223e-01 3.974477e-02 -7.172104e-01 1.031825e+02
-6.938398e-01 -2.206225e-01 -6.855013e-01 -1.453256e+02 -1.848349e-01 9.745841e-01 -1.265780e-01 -1.789494e+01 6.960045e-01 3.887974e-02 -7.169840e-01 1.024322e+02
-6.942802e-01 -2.211168e-01 -6.848959e-01 -1.460011e+02 -1.856217e-01 9.744531e-01 -1.264346e-01 -1.803335e+01 6.953557e-01 3.935047e-02 -7.175876e-01 1.017124e+02
-6.947610e-01 -2.218631e-01 -6.841666e-01 -1.466788e+02 -1.865319e-01 9.742685e-01 -1.265177e-01 -1.818317e+01 6.946316e-01 3.971931e-02 -7.182683e-01 1.009897e+02
-6.954995e-01 -2.217772e-01 -6.834438e-01 -1.473554e+02 -1.869521e-01 9.742680e-01 -1.258997e-01 -1.832801e+01 6.937791e-01 4.020805e-02 -7.190646e-01 1.002497e+02
-6.963023e-01 -2.217445e-01 -6.826364e-01 -1.480422e+02 -1.864669e-01 9.743104e-01 -1.262908e-01 -1.848314e+01 6.931040e-01 3.935252e-02 -7.197626e-01 9.951087e+01
-6.973494e-01 -2.204829e-01 -6.819759e-01 -1.487269e+02 -1.860045e-01 9.745800e-01 -1.248843e-01 -1.862562e+01 6.921749e-01 3.976259e-02 -7.206336e-01 9.877879e+01
-6.982122e-01 -2.195405e-01 -6.813969e-01 -1.494090e+02 -1.858495e-01 9.747699e-01 -1.236271e-01 -1.877079e+01 6.913463e-01 4.031932e-02 -7.213977e-01 9.804972e+01
-6.984151e-01 -2.188568e-01 -6.814089e-01 -1.500757e+02 -1.861249e-01 9.748792e-01 -1.223444e-01 -1.891090e+01 6.910672e-01 4.138002e-02 -7.216050e-01 9.731299e+01
-6.985469e-01 -2.177858e-01 -6.816168e-01 -1.507577e+02 -1.853016e-01 9.751216e-01 -1.216605e-01 -1.905972e+01 6.911552e-01 4.131913e-02 -7.215242e-01 9.655716e+01
-6.990919e-01 -2.144176e-01 -6.821258e-01 -1.514395e+02 -1.824305e-01 9.758940e-01 -1.197919e-01 -1.920729e+01 6.913680e-01 4.069500e-02 -7.213558e-01 9.581082e+01
-6.985955e-01 -2.128322e-01 -6.831301e-01 -1.521135e+02 -1.813185e-01 9.762314e-01 -1.187258e-01 -1.934847e+01 6.921618e-01 4.092282e-02 -7.205813e-01 9.507114e+01
-6.976782e-01 -2.116183e-01 -6.844434e-01 -1.528007e+02 -1.815105e-01 9.764194e-01 -1.168721e-01 -1.948080e+01 6.930361e-01 4.269453e-02 -7.196375e-01 9.431902e+01
-6.970263e-01 -2.097511e-01 -6.856813e-01 -1.534996e+02 -1.813362e-01 9.767387e-01 -1.144495e-01 -1.961871e+01 6.937374e-01 4.456450e-02 -7.188480e-01 9.357592e+01
-6.955532e-01 -2.111314e-01 -6.867527e-01 -1.542141e+02 -1.823813e-01 9.764242e-01 -1.154679e-01 -1.975405e+01 6.949409e-01 4.493674e-02 -7.176614e-01 9.281908e+01
-6.949044e-01 -2.120925e-01 -6.871133e-01 -1.549085e+02 -1.821155e-01 9.762714e-01 -1.171670e-01 -1.988477e+01 6.956593e-01 4.371417e-02 -7.170406e-01 9.210806e+01
-6.933450e-01 -2.140132e-01 -6.880924e-01 -1.555971e+02 -1.799188e-01 9.760513e-01 -1.222831e-01 -2.002559e+01 6.977836e-01 3.901639e-02 -7.152452e-01 9.137121e+01
-6.923774e-01 -2.166153e-01 -6.882524e-01 -1.562877e+02 -1.770768e-01 9.757129e-01 -1.289503e-01 -2.017170e+01 6.994694e-01 3.259125e-02 -7.139190e-01 9.065078e+01
-6.920854e-01 -2.161692e-01 -6.886862e-01 -1.569812e+02 -1.752197e-01 9.758781e-01 -1.302303e-01 -2.034251e+01 7.002256e-01 3.054086e-02 -7.132681e-01 8.991316e+01
-6.920367e-01 -2.151793e-01 -6.890450e-01 -1.576563e+02 -1.775689e-01 9.759524e-01 -1.264367e-01 -2.050113e+01 6.996817e-01 3.485413e-02 -7.136041e-01 8.918378e+01
-6.922245e-01 -2.151441e-01 -6.888674e-01 -1.583454e+02 -1.806039e-01 9.758001e-01 -1.232737e-01 -2.066040e+01 6.987185e-01 3.907905e-02 -7.143286e-01 8.844880e+01
-6.919984e-01 -2.154858e-01 -6.889877e-01 -1.590342e+02 -1.809828e-01 9.757154e-01 -1.233882e-01 -2.079989e+01 6.988443e-01 3.931045e-02 -7.141927e-01 8.771859e+01
-6.924972e-01 -2.150128e-01 -6.886342e-01 -1.597206e+02 -1.782442e-01 9.759530e-01 -1.254785e-01 -2.094669e+01 6.990541e-01 3.585156e-02 -7.141695e-01 8.700979e+01
-6.927163e-01 -2.157995e-01 -6.881677e-01 -1.604062e+02 -1.779224e-01 9.758270e-01 -1.269068e-01 -2.109761e+01 6.989190e-01 3.453005e-02 -7.143668e-01 8.629432e+01
-6.928889e-01 -2.168103e-01 -6.876760e-01 -1.610741e+02 -1.800681e-01 9.755337e-01 -1.261330e-01 -2.122632e+01 6.981980e-01 3.643237e-02 -7.149771e-01 8.558877e+01
-6.931658e-01 -2.163656e-01 -6.875370e-01 -1.617226e+02 -1.809119e-01 9.755725e-01 -1.246164e-01 -2.136162e+01 6.977048e-01 3.800381e-02 -7.153766e-01 8.488747e+01
-6.938157e-01 -2.161099e-01 -6.869616e-01 -1.623944e+02 -1.797621e-01 9.756867e-01 -1.253838e-01 -2.150190e+01 6.973560e-01 3.649638e-02 -7.157951e-01 8.418228e+01
-6.942274e-01 -2.169590e-01 -6.862777e-01 -1.630618e+02 -1.775863e-01 9.756408e-01 -1.287945e-01 -2.164219e+01 6.975037e-01 3.246087e-02 -7.158456e-01 8.347557e+01
-6.947186e-01 -2.176249e-01 -6.855695e-01 -1.637226e+02 -1.758300e-01 9.755962e-01 -1.315136e-01 -2.178753e+01 6.974596e-01 2.917870e-02 -7.160298e-01 8.277809e+01
-6.951382e-01 -2.189740e-01 -6.847140e-01 -1.643874e+02 -1.763726e-01 9.753169e-01 -1.328521e-01 -2.193739e+01 6.969043e-01 2.841423e-02 -7.166010e-01 8.207411e+01
-6.955903e-01 -2.193522e-01 -6.841336e-01 -1.650384e+02 -1.776715e-01 9.751931e-01 -1.320272e-01 -2.209031e+01 6.961228e-01 2.971418e-02 -7.173075e-01 8.137003e+01
-6.960396e-01 -2.193168e-01 -6.836878e-01 -1.656856e+02 -1.788060e-01 9.751540e-01 -1.307785e-01 -2.223866e+01 6.953828e-01 3.122044e-02 -7.179610e-01 8.067261e+01
-6.964268e-01 -2.171776e-01 -6.839763e-01 -1.663378e+02 -1.779303e-01 9.756030e-01 -1.286063e-01 -2.238465e+01 6.952198e-01 3.213522e-02 -7.180785e-01 7.996894e+01
-6.964018e-01 -2.146363e-01 -6.848035e-01 -1.669907e+02 -1.765097e-01 9.761427e-01 -1.264508e-01 -2.253163e+01 6.956069e-01 3.281396e-02 -7.176729e-01 7.926693e+01
-6.962336e-01 -2.131525e-01 -6.854376e-01 -1.676462e+02 -1.756713e-01 9.764535e-01 -1.252123e-01 -2.267297e+01 6.959873e-01 3.323471e-02 -7.172846e-01 7.855925e+01
-6.957261e-01 -2.117212e-01 -6.863959e-01 -1.683002e+02 -1.748237e-01 9.767499e-01 -1.240818e-01 -2.280031e+01 6.967079e-01 3.367128e-02 -7.165643e-01 7.782825e+01
-6.956396e-01 -2.103549e-01 -6.869034e-01 -1.689649e+02 -1.735038e-01 9.770589e-01 -1.235006e-01 -2.293920e+01 6.971240e-01 3.326843e-02 -7.161783e-01 7.711484e+01
-6.950043e-01 -2.114814e-01 -6.872006e-01 -1.696373e+02 -1.743933e-01 9.768077e-01 -1.242324e-01 -2.307660e+01 6.975357e-01 3.350117e-02 -7.157665e-01 7.640366e+01
-6.948937e-01 -2.110701e-01 -6.874388e-01 -1.703167e+02 -1.749613e-01 9.768529e-01 -1.230726e-01 -2.322016e+01 6.975036e-01 3.475282e-02 -7.157381e-01 7.568993e+01
-6.947536e-01 -2.101906e-01 -6.878498e-01 -1.710398e+02 -1.753202e-01 9.769898e-01 -1.214650e-01 -2.336374e+01 6.975531e-01 3.620569e-02 -7.156178e-01 7.495079e+01
-6.947624e-01 -2.111388e-01 -6.875504e-01 -1.717782e+02 -1.762306e-01 9.767747e-01 -1.218771e-01 -2.350668e+01 6.973148e-01 3.649176e-02 -7.158354e-01 7.422347e+01
-6.934916e-01 -2.147815e-01 -6.877051e-01 -1.725481e+02 -1.779199e-01 9.760209e-01 -1.254102e-01 -2.366003e+01 6.981503e-01 3.538547e-02 -7.150762e-01 7.345547e+01
-6.934157e-01 -2.154758e-01 -6.875644e-01 -1.731978e+02 -1.783399e-01 9.758720e-01 -1.259709e-01 -2.379907e+01 6.981186e-01 3.526994e-02 -7.151129e-01 7.278767e+01
-6.928740e-01 -2.150183e-01 -6.882535e-01 -1.738258e+02 -1.795804e-01 9.758853e-01 -1.240918e-01 -2.393998e+01 6.983384e-01 3.761681e-02 -7.147786e-01 7.210445e+01
-6.922867e-01 -2.169236e-01 -6.882465e-01 -1.744584e+02 -1.840821e-01 9.752814e-01 -1.222295e-01 -2.405496e+01 6.977484e-01 4.207600e-02 -7.151061e-01 7.143750e+01
-6.909367e-01 -2.177571e-01 -6.893391e-01 -1.750916e+02 -1.858984e-01 9.750070e-01 -1.216682e-01 -2.419665e+01 6.986045e-01 4.408204e-02 -7.141488e-01 7.072977e+01
-6.908090e-01 -2.153226e-01 -6.902312e-01 -1.757386e+02 -1.831045e-01 9.756075e-01 -1.210900e-01 -2.434671e+01 6.994681e-01 4.273441e-02 -7.133850e-01 7.005207e+01
-6.907996e-01 -2.151965e-01 -6.902799e-01 -1.763811e+02 -1.824475e-01 9.756693e-01 -1.215824e-01 -2.447382e+01 6.996490e-01 4.195081e-02 -7.132541e-01 6.937671e+01
-6.909753e-01 -2.151421e-01 -6.901210e-01 -1.770049e+02 -1.822791e-01 9.756908e-01 -1.216625e-01 -2.461809e+01 6.995195e-01 4.172883e-02 -7.133942e-01 6.871706e+01
-6.911070e-01 -2.159715e-01 -6.897300e-01 -1.776388e+02 -1.833947e-01 9.754788e-01 -1.216857e-01 -2.475696e+01 6.990977e-01 4.239496e-02 -7.137682e-01 6.806807e+01
-6.908376e-01 -2.167913e-01 -6.897427e-01 -1.782344e+02 -1.840507e-01 9.752912e-01 -1.221985e-01 -2.487874e+01 6.991916e-01 4.252827e-02 -7.136684e-01 6.744209e+01
-6.911851e-01 -2.167454e-01 -6.894089e-01 -1.788220e+02 -1.839561e-01 9.753088e-01 -1.222003e-01 -2.500731e+01 6.988729e-01 4.235790e-02 -7.139906e-01 6.683792e+01
-6.912149e-01 -2.159909e-01 -6.896158e-01 -1.793950e+02 -1.833618e-01 9.754786e-01 -1.217375e-01 -2.512492e+01 6.989996e-01 4.230248e-02 -7.138698e-01 6.622046e+01
-6.914789e-01 -2.157850e-01 -6.894155e-01 -1.799574e+02 -1.833935e-01 9.755158e-01 -1.213911e-01 -2.524074e+01 6.987301e-01 4.249491e-02 -7.141221e-01 6.562102e+01
-6.915784e-01 -2.161781e-01 -6.891925e-01 -1.805151e+02 -1.832589e-01 9.754555e-01 -1.220764e-01 -2.534689e+01 6.986669e-01 4.187525e-02 -7.142205e-01 6.502197e+01
-6.915803e-01 -2.162650e-01 -6.891634e-01 -1.810654e+02 -1.818891e-01 9.755202e-01 -1.235991e-01 -2.546673e+01 6.990229e-01 3.987257e-02 -7.139868e-01 6.442729e+01
-6.915195e-01 -2.170169e-01 -6.889880e-01 -1.816116e+02 -1.806878e-01 9.754499e-01 -1.258947e-01 -2.558464e+01 6.993945e-01 3.743304e-02 -7.137549e-01 6.383857e+01
-6.915169e-01 -2.179506e-01 -6.886958e-01 -1.821559e+02 -1.801154e-01 9.753078e-01 -1.278012e-01 -2.570772e+01 6.995447e-01 3.566800e-02 -7.136981e-01 6.326807e+01
-6.914932e-01 -2.197116e-01 -6.881598e-01 -1.826800e+02 -1.804299e-01 9.749622e-01 -1.299763e-01 -2.582210e+01 6.994871e-01 3.428687e-02 -7.138223e-01 6.270155e+01
-6.913603e-01 -2.218317e-01 -6.876130e-01 -1.831931e+02 -1.811608e-01 9.745216e-01 -1.322436e-01 -2.594518e+01 6.994296e-01 3.314058e-02 -7.139327e-01 6.214521e+01
-6.918538e-01 -2.229030e-01 -6.867696e-01 -1.837182e+02 -1.818623e-01 9.742863e-01 -1.330129e-01 -2.606411e+01 6.987592e-01 3.287203e-02 -7.146013e-01 6.160317e+01
-6.926235e-01 -2.229478e-01 -6.859788e-01 -1.842074e+02 -1.811352e-01 9.743180e-01 -1.337702e-01 -2.619104e+01 6.981853e-01 3.160251e-02 -7.152193e-01 6.106873e+01
-6.932606e-01 -2.244296e-01 -6.848512e-01 -1.846872e+02 -1.824230e-01 9.739752e-01 -1.345142e-01 -2.629920e+01 6.972171e-01 3.167917e-02 -7.161598e-01 6.055378e+01
-6.949886e-01 -2.268430e-01 -6.822998e-01 -1.851645e+02 -1.851006e-01 9.733917e-01 -1.350789e-01 -2.640589e+01 6.947867e-01 3.241582e-02 -7.184850e-01 6.004654e+01
-6.979026e-01 -2.297678e-01 -6.783352e-01 -1.856228e+02 -1.878946e-01 9.727051e-01 -1.361631e-01 -2.651673e+01 6.911060e-01 3.242694e-02 -7.220256e-01 5.955681e+01
-7.024521e-01 -2.329409e-01 -6.725322e-01 -1.860743e+02 -1.904514e-01 9.719861e-01 -1.377366e-01 -2.661554e+01 6.857764e-01 3.133136e-02 -7.271376e-01 5.906742e+01
-7.091370e-01 -2.357839e-01 -6.644778e-01 -1.865097e+02 -1.925317e-01 9.713663e-01 -1.392088e-01 -2.670822e+01 6.782745e-01 2.921493e-02 -7.342276e-01 5.858163e+01
-7.168016e-01 -2.386046e-01 -6.551820e-01 -1.869252e+02 -1.936585e-01 9.707863e-01 -1.416695e-01 -2.681436e+01 6.698447e-01 2.533265e-02 -7.420690e-01 5.810139e+01
-7.256344e-01 -2.410574e-01 -6.444734e-01 -1.873255e+02 -1.948563e-01 9.702741e-01 -1.435239e-01 -2.691070e+01 6.599134e-01 2.143382e-02 -7.510359e-01 5.761731e+01
-7.362474e-01 -2.438055e-01 -6.312675e-01 -1.877106e+02 -1.958935e-01 9.696898e-01 -1.460389e-01 -2.702037e+01 6.477387e-01 1.614048e-02 -7.616915e-01 5.713009e+01
-7.485612e-01 -2.473110e-01 -6.152182e-01 -1.880815e+02 -1.981224e-01 9.688761e-01 -1.484140e-01 -2.712013e+01 6.327746e-01 1.079157e-02 -7.742609e-01 5.665946e+01
-7.622936e-01 -2.506345e-01 -5.967335e-01 -1.884263e+02 -2.000105e-01 9.680728e-01 -1.510988e-01 -2.722607e+01 6.155520e-01 4.171314e-03 -7.880852e-01 5.617976e+01
-7.782553e-01 -2.510627e-01 -5.755746e-01 -1.887458e+02 -1.994662e-01 9.679630e-01 -1.525151e-01 -2.732053e+01 5.954258e-01 -3.887991e-03 -8.034009e-01 5.569584e+01
-7.960020e-01 -2.477072e-01 -5.522880e-01 -1.890386e+02 -1.956675e-01 9.687435e-01 -1.524803e-01 -2.741405e+01 5.727959e-01 -1.330985e-02 -8.195900e-01 5.521105e+01
-8.142639e-01 -2.435216e-01 -5.269455e-01 -1.893072e+02 -1.910586e-01 9.696037e-01 -1.528572e-01 -2.750716e+01 5.481523e-01 -2.378863e-02 -8.360402e-01 5.473132e+01
-8.332330e-01 -2.383444e-01 -4.989135e-01 -1.895430e+02 -1.863984e-01 9.705866e-01 -1.523722e-01 -2.759488e+01 5.205558e-01 -3.396481e-02 -8.531518e-01 5.425209e+01
-8.530242e-01 -2.336034e-01 -4.666681e-01 -1.897693e+02 -1.826363e-01 9.713019e-01 -1.523700e-01 -2.767559e+01 4.888698e-01 -4.474474e-02 -8.712085e-01 5.377224e+01
-8.726819e-01 -2.316547e-01 -4.298400e-01 -1.899741e+02 -1.816465e-01 9.711368e-01 -1.545895e-01 -2.774939e+01 4.532448e-01 -5.682849e-02 -8.895728e-01 5.330694e+01
-8.935837e-01 -2.236754e-01 -3.892010e-01 -1.901473e+02 -1.762906e-01 9.722192e-01 -1.539849e-01 -2.782879e+01 4.128313e-01 -6.898592e-02 -9.081912e-01 5.284173e+01
-9.134570e-01 -2.124360e-01 -3.470840e-01 -1.902815e+02 -1.693288e-01 9.739999e-01 -1.505056e-01 -2.790160e+01 3.700326e-01 -7.870906e-02 -9.256785e-01 5.237183e+01
-9.319641e-01 -1.962149e-01 -3.048649e-01 -1.903872e+02 -1.580984e-01 9.766747e-01 -1.452975e-01 -2.798062e+01 3.262633e-01 -8.721342e-02 -9.412471e-01 5.190986e+01
-9.476131e-01 -1.839467e-01 -2.611379e-01 -1.904785e+02 -1.509794e-01 9.783852e-01 -1.413069e-01 -2.805107e+01 2.814864e-01 -9.447782e-02 -9.549028e-01 5.142682e+01
-9.613883e-01 -1.725770e-01 -2.143586e-01 -1.905552e+02 -1.454351e-01 9.798889e-01 -1.366251e-01 -2.812217e+01 2.336260e-01 -1.001745e-01 -9.671525e-01 5.096131e+01
-9.721880e-01 -1.657279e-01 -1.654836e-01 -1.906070e+02 -1.441103e-01 9.802936e-01 -1.351172e-01 -2.818829e+01 1.846152e-01 -1.075114e-01 -9.769128e-01 5.049523e+01
-9.805840e-01 -1.586367e-01 -1.152796e-01 -1.906414e+02 -1.427108e-01 9.804713e-01 -1.353133e-01 -2.824761e+01 1.344940e-01 -1.162344e-01 -9.840736e-01 5.001871e+01
-9.863131e-01 -1.515966e-01 -6.484592e-02 -1.906510e+02 -1.416242e-01 9.803055e-01 -1.376358e-01 -2.831441e+01 8.443393e-02 -1.265682e-01 -9.883579e-01 4.953537e+01
-9.904619e-01 -1.370341e-01 -1.438342e-02 -1.906303e+02 -1.336480e-01 9.808546e-01 -1.416419e-01 -2.838518e+01 3.351781e-02 -1.383686e-01 -9.898135e-01 4.904620e+01
-9.921547e-01 -1.199003e-01 3.539619e-02 -1.905700e+02 -1.238521e-01 9.812413e-01 -1.477368e-01 -2.846478e+01 -1.701852e-02 -1.509617e-01 -9.883931e-01 4.854181e+01
-9.903768e-01 -1.080860e-01 8.643587e-02 -1.904900e+02 -1.202383e-01 9.812468e-01 -1.506569e-01 -2.853192e+01 -6.853101e-02 -1.596000e-01 -9.848002e-01 4.801085e+01
-9.848604e-01 -1.030717e-01 1.393776e-01 -1.903967e+02 -1.238064e-01 9.809999e-01 -1.493692e-01 -2.860801e+01 -1.213337e-01 -1.643637e-01 -9.789089e-01 4.750933e+01
-9.760910e-01 -1.017976e-01 1.920510e-01 -1.902907e+02 -1.311080e-01 9.804609e-01 -1.466528e-01 -2.868642e+01 -1.733696e-01 -1.683259e-01 -9.703656e-01 4.703321e+01
-9.654413e-01 -9.581141e-02 2.423700e-01 -1.901594e+02 -1.335851e-01 9.804409e-01 -1.445357e-01 -2.876261e+01 -2.237813e-01 -1.719178e-01 -9.593572e-01 4.661668e+01
-9.525331e-01 -8.810537e-02 2.914073e-01 -1.900063e+02 -1.345685e-01 9.804690e-01 -1.434293e-01 -2.883387e+01 -2.730789e-01 -1.758353e-01 -9.457853e-01 4.620388e+01
-9.377783e-01 -7.814489e-02 3.383270e-01 -1.898298e+02 -1.330159e-01 9.808686e-01 -1.421393e-01 -2.889683e+01 -3.207469e-01 -1.782980e-01 -9.302318e-01 4.581906e+01
-9.197920e-01 -7.067287e-02 3.859896e-01 -1.896365e+02 -1.343705e-01 9.809061e-01 -1.405983e-01 -2.895494e+01 -3.686831e-01 -1.811868e-01 -9.117259e-01 4.542364e+01
-8.988357e-01 -6.596919e-02 4.332927e-01 -1.894195e+02 -1.388225e-01 9.805581e-01 -1.386868e-01 -2.902080e+01 -4.157196e-01 -1.848074e-01 -8.905186e-01 4.500956e+01
-8.778922e-01 -5.892406e-02 4.752191e-01 -1.891798e+02 -1.402416e-01 9.805240e-01 -1.374957e-01 -2.908346e+01 -4.578619e-01 -1.873519e-01 -8.690580e-01 4.461812e+01
-8.568963e-01 -4.658814e-02 5.133792e-01 -1.889042e+02 -1.382957e-01 9.801750e-01 -1.418846e-01 -2.915071e+01 -4.965913e-01 -1.925785e-01 -8.463513e-01 4.423592e+01
-8.356793e-01 -3.565265e-02 5.480592e-01 -1.886188e+02 -1.386114e-01 9.792785e-01 -1.476498e-01 -2.921671e+01 -5.314385e-01 -1.993552e-01 -8.233047e-01 4.387398e+01
-8.144309e-01 -3.032972e-02 5.794674e-01 -1.883131e+02 -1.427030e-01 9.784319e-01 -1.493547e-01 -2.928802e+01 -5.624395e-01 -2.043308e-01 -8.011933e-01 4.347828e+01
-7.944894e-01 -2.747462e-02 6.066561e-01 -1.879999e+02 -1.480929e-01 9.775821e-01 -1.496722e-01 -2.938497e+01 -5.889440e-01 -2.087545e-01 -7.807474e-01 4.310804e+01
-7.761882e-01 -2.095233e-02 6.301530e-01 -1.876371e+02 -1.488202e-01 9.772961e-01 -1.508139e-01 -2.947670e+01 -6.126862e-01 -2.108395e-01 -7.616839e-01 4.268731e+01
-7.603327e-01 -1.436621e-02 6.493749e-01 -1.872718e+02 -1.491935e-01 9.768877e-01 -1.530742e-01 -2.957741e+01 -6.321672e-01 -2.132698e-01 -7.449030e-01 4.229883e+01
-7.465564e-01 -7.321504e-03 6.652819e-01 -1.867958e+02 -1.469836e-01 9.770476e-01 -1.541874e-01 -2.967623e+01 -6.488832e-01 -2.128951e-01 -7.304973e-01 4.181945e+01
-7.346992e-01 -3.683055e-03 6.783830e-01 -1.864161e+02 -1.473666e-01 9.769728e-01 -1.542961e-01 -2.978694e+01 -6.621934e-01 -2.133322e-01 -7.183239e-01 4.140800e+01
-7.254221e-01 7.246963e-04 6.883039e-01 -1.859955e+02 -1.458915e-01 9.771164e-01 -1.547878e-01 -2.990841e+01 -6.726652e-01 -2.127042e-01 -7.087161e-01 4.097041e+01
-7.179257e-01 5.773825e-03 6.960958e-01 -1.856215e+02 -1.436112e-01 9.772262e-01 -1.562206e-01 -3.000995e+01 -6.811450e-01 -2.121219e-01 -7.007465e-01 4.058918e+01
-7.122447e-01 9.921544e-03 7.018611e-01 -1.852431e+02 -1.405571e-01 9.776324e-01 -1.564564e-01 -3.010413e+01 -6.877144e-01 -2.100868e-01 -6.949190e-01 4.023147e+01
-7.069334e-01 1.064153e-02 7.072000e-01 -1.848414e+02 -1.402682e-01 9.779169e-01 -1.549304e-01 -3.020541e+01 -6.932315e-01 -2.087232e-01 -6.898295e-01 3.984031e+01
-7.027993e-01 1.014641e-02 7.113158e-01 -1.844434e+02 -1.410972e-01 9.780453e-01 -1.533590e-01 -3.029628e+01 -6.972551e-01 -2.081452e-01 -6.859380e-01 3.946060e+01
-6.991885e-01 6.880818e-03 7.149043e-01 -1.840430e+02 -1.438176e-01 9.781591e-01 -1.500707e-01 -3.038968e+01 -7.003227e-01 -2.077435e-01 -6.829280e-01 3.907935e+01
-6.969453e-01 9.970375e-03 7.170550e-01 -1.836257e+02 -1.412429e-01 9.784088e-01 -1.508862e-01 -3.049005e+01 -7.030773e-01 -2.064384e-01 -6.804892e-01 3.869419e+01
-6.959845e-01 1.526429e-02 7.178945e-01 -1.831950e+02 -1.368505e-01 9.786292e-01 -1.534821e-01 -3.058275e+01 -7.048953e-01 -2.050654e-01 -6.790219e-01 3.831504e+01
-6.951528e-01 1.853359e-02 7.186230e-01 -1.827375e+02 -1.350831e-01 9.784915e-01 -1.559070e-01 -3.068460e+01 -7.060560e-01 -2.054530e-01 -6.776975e-01 3.790688e+01
-6.940834e-01 1.593921e-02 7.197181e-01 -1.822408e+02 -1.374718e-01 9.784224e-01 -1.542440e-01 -3.078728e+01 -7.066468e-01 -2.059991e-01 -6.769155e-01 3.744384e+01
-6.946469e-01 1.111008e-02 7.192651e-01 -1.814906e+02 -1.404278e-01 9.785492e-01 -1.507365e-01 -3.095769e+01 -7.055110e-01 -2.057135e-01 -6.781860e-01 3.690265e+01
-6.953057e-01 1.055511e-02 7.186366e-01 -1.810243e+02 -1.401246e-01 9.787134e-01 -1.499504e-01 -3.106684e+01 -7.049220e-01 -2.049601e-01 -6.790260e-01 3.647812e+01
-6.959131e-01 1.393417e-02 7.179908e-01 -1.805351e+02 -1.347435e-01 9.795208e-01 -1.496100e-01 -3.116640e+01 -7.053716e-01 -2.008601e-01 -6.797839e-01 3.604534e+01
-6.963906e-01 1.638190e-02 7.174759e-01 -1.800405e+02 -1.280614e-01 9.808574e-01 -1.466935e-01 -3.127096e+01 -7.061447e-01 -1.940369e-01 -6.809620e-01 3.558609e+01
-6.967974e-01 1.736004e-02 7.170579e-01 -1.795154e+02 -1.246549e-01 9.815631e-01 -1.448965e-01 -3.140371e+01 -7.063530e-01 -1.903483e-01 -6.817866e-01 3.510747e+01
-6.968845e-01 1.543503e-02 7.170173e-01 -1.789994e+02 -1.259216e-01 9.816042e-01 -1.435166e-01 -3.152467e+01 -7.060424e-01 -1.903024e-01 -6.821211e-01 3.462806e+01
