9.999760e-01 7.338079e-04 -6.895866e-03 -1.621773e-02 -7.389394e-04 9.999995e-01 -7.416260e-04 9.550499e-03 6.895318e-03 7.467038e-04 9.999759e-01 1.388174e-01
9.999036e-01 1.497295e-03 -1.380071e-02 -3.694157e-02 -1.512100e-03 9.999983e-01 -1.062396e-03 7.866909e-03 1.379910e-02 1.083162e-03 9.999042e-01 2.564395e-01
9.997793e-01 2.577268e-03 -2.085049e-02 -6.708063e-02 -2.617986e-03 9.999947e-01 -1.925762e-03 3.307215e-03 2.084542e-02 1.979924e-03 9.997808e-01 3.995957e-01
9.995333e-01 3.757618e-03 -3.031635e-02 -9.145842e-02 -3.869510e-03 9.999859e-01 -3.632997e-03 2.663498e-03 3.030228e-02 3.748611e-03 9.995338e-01 5.385835e-01
9.991390e-01 3.826374e-03 -4.131095e-02 -1.261832e-01 -4.039947e-03 9.999789e-01 -5.087642e-03 -3.046142e-03 4.129061e-02 5.250156e-03 9.991334e-01 6.959773e-01
9.984906e-01 3.367924e-03 -5.481973e-02 -1.597856e-01 -3.747066e-03 9.999698e-01 -6.814850e-03 2.900281e-03 5.479512e-02 7.009977e-03 9.984730e-01 8.668161e-01
9.974305e-01 2.594410e-03 -7.159440e-02 -1.907874e-01 -3.087570e-03 9.999723e-01 -6.778443e-03 2.862473e-03 7.157482e-02 6.982078e-03 9.974108e-01 1.043280e+00
9.959673e-01 1.445551e-03 -8.970571e-02 -2.322388e-01 -2.087577e-03 9.999729e-01 -7.063611e-03 -5.554114e-03 8.969306e-02 7.222393e-03 9.959433e-01 1.208042e+00
9.940294e-01 -1.172772e-04 -1.091124e-01 -2.832801e-01 -6.858709e-04 9.999729e-01 -7.323180e-03 -1.124165e-02 1.091103e-01 7.354293e-03 9.940024e-01 1.381155e+00
9.913415e-01 -3.936402e-04 -1.313087e-01 -3.313594e-01 -5.766517e-04 9.999728e-01 -7.351292e-03 -1.780115e-02 1.313080e-01 7.363359e-03 9.913143e-01 1.559281e+00
9.878693e-01 2.962335e-03 -1.552593e-01 -3.949134e-01 -4.319410e-03 9.999554e-01 -8.404072e-03 -2.534023e-02 1.552274e-01 8.972753e-03 9.878380e-01 1.753112e+00
9.835489e-01 7.414185e-03 -1.804897e-01 -4.648804e-01 -9.315174e-03 9.999097e-01 -9.687059e-03 -2.644165e-02 1.804015e-01 1.120899e-02 9.835292e-01 1.943228e+00
9.781808e-01 1.037382e-02 -2.074964e-01 -5.409785e-01 -1.282226e-02 9.998631e-01 -1.045844e-02 -3.254677e-02 2.073595e-01 1.289082e-02 9.781799e-01 2.143778e+00
9.714299e-01 1.071618e-02 -2.370846e-01 -6.164618e-01 -1.363594e-02 9.998500e-01 -1.067887e-02 -4.099600e-02 2.369346e-01 1.360665e-02 9.714303e-01 2.361709e+00
9.635062e-01 1.205273e-02 -2.674146e-01 -7.127162e-01 -1.540300e-02 9.998269e-01 -1.043412e-02 -4.750581e-02 2.672426e-01 1.417233e-02 9.635251e-01 2.564452e+00
9.541489e-01 1.354181e-02 -2.990260e-01 -8.187550e-01 -1.718792e-02 9.998065e-01 -9.566548e-03 -4.855879e-02 2.988386e-01 1.426755e-02 9.541970e-01 2.781931e+00
9.429730e-01 1.519476e-02 -3.325223e-01 -9.312478e-01 -1.895281e-02 9.997879e-01 -8.060968e-03 -6.033241e-02 3.323293e-01 1.390351e-02 9.430609e-01 3.000206e+00
9.306642e-01 1.751434e-02 -3.654550e-01 -1.055039e+00 -2.167743e-02 9.997384e-01 -7.291309e-03 -6.520736e-02 3.652317e-01 1.470788e-02 9.308005e-01 3.199206e+00
9.169994e-01 1.939456e-02 -3.984169e-01 -1.195233e+00 -2.413474e-02 9.996850e-01 -6.884979e-03 -6.655553e-02 3.981579e-01 1.592921e-02 9.171786e-01 3.409945e+00
9.011871e-01 1.940881e-02 -4.329955e-01 -1.344901e+00 -2.484586e-02 9.996675e-01 -6.901730e-03 -6.840814e-02 4.327176e-01 1.697790e-02 9.013697e-01 3.624027e+00
8.828607e-01 1.426669e-02 -4.694182e-01 -1.489014e+00 -2.159549e-02 9.997144e-01 -1.023223e-02 -7.872497e-02 4.691382e-01 1.917095e-02 8.829167e-01 3.829561e+00
8.622293e-01 8.416393e-03 -5.064482e-01 -1.673309e+00 -1.790035e-02 9.997437e-01 -1.386118e-02 -8.320589e-02 5.062017e-01 2.101712e-02 8.621590e-01 4.049997e+00
8.372934e-01 8.414094e-03 -5.466890e-01 -1.857732e+00 -1.720635e-02 9.997918e-01 -1.096496e-02 -1.030165e-01 5.464830e-01 1.858741e-02 8.372639e-01 4.267902e+00
8.080661e-01 1.241325e-02 -5.889610e-01 -2.045515e+00 -1.958196e-02 9.997915e-01 -5.794706e-03 -1.153906e-01 5.887662e-01 1.621551e-02 8.081407e-01 4.449383e+00
7.752208e-01 1.523421e-02 -6.315066e-01 -2.272548e+00 -2.199022e-02 9.997540e-01 -2.876957e-03 -1.295129e-01 6.313074e-01 1.611725e-02 7.753652e-01 4.641135e+00
7.389957e-01 1.413370e-02 -6.735619e-01 -2.508971e+00 -2.203986e-02 9.997520e-01 -3.202629e-03 -1.453938e-01 6.733495e-01 1.721194e-02 7.391239e-01 4.827281e+00
6.985638e-01 7.484737e-03 -7.155086e-01 -2.753787e+00 -1.846744e-02 9.998008e-01 -7.571449e-03 -1.455912e-01 7.153094e-01 1.850275e-02 6.985628e-01 5.036824e+00
6.554124e-01 1.315614e-03 -7.552700e-01 -2.999863e+00 -1.526060e-02 9.998174e-01 -1.150134e-02 -1.542227e-01 7.551170e-01 1.906400e-02 6.553128e-01 5.215531e+00
6.102593e-01 -2.085788e-03 -7.921990e-01 -3.278446e+00 -1.293854e-02 9.998369e-01 -1.259950e-02 -1.586318e-01 7.920961e-01 1.793886e-02 6.101328e-01 5.384400e+00
5.608343e-01 -4.130429e-03 -8.279178e-01 -3.638297e+00 -1.103254e-02 9.998615e-01 -1.246173e-02 -1.658832e-01 8.278546e-01 1.612300e-02 5.607111e-01 5.587994e+00
5.085717e-01 -5.747742e-03 -8.610005e-01 -4.057925e+00 -9.859206e-03 9.998733e-01 -1.249840e-02 -1.740040e-01 8.609632e-01 1.484511e-02 5.084506e-01 5.782275e+00
4.538377e-01 -7.878440e-03 -8.910496e-01 -4.584710e+00 -7.741578e-03 9.998883e-01 -1.278378e-02 -1.719681e-01 8.910508e-01 1.269989e-02 4.537260e-01 5.997016e+00
3.984144e-01 -8.102520e-03 -9.171697e-01 -4.992169e+00 -6.140415e-03 9.999150e-01 -1.150088e-02 -1.816327e-01 9.171850e-01 1.021392e-02 3.983308e-01 6.133967e+00
3.423565e-01 -8.444210e-03 -9.395322e-01 -5.465469e+00 -4.900029e-03 9.999300e-01 -1.077257e-02 -1.885817e-01 9.395574e-01 8.291793e-03 3.422911e-01 6.261776e+00
2.862027e-01 -8.500322e-03 -9.581314e-01 -5.896478e+00 -2.081472e-03 9.999528e-01 -9.493106e-03 -2.001872e-01 9.581668e-01 4.711276e-03 2.861715e-01 6.358641e+00
2.316338e-01 -1.199218e-02 -9.727291e-01 -6.342877e+00 1.148599e-03 9.999267e-01 -1.205397e-02 -2.127523e-01 9.728024e-01 1.674832e-03 2.316306e-01 6.439085e+00
1.808087e-01 -1.311772e-02 -9.834308e-01 -6.749281e+00 5.125727e-04 9.999122e-01 -1.324332e-02 -2.075783e-01 9.835181e-01 1.890429e-03 1.807996e-01 6.452990e+00
1.331747e-01 -1.043825e-02 -9.910376e-01 -7.265821e+00 6.992313e-04 9.999453e-01 -1.043811e-02 -2.196148e-01 9.910923e-01 6.971276e-04 1.331747e-01 6.451943e+00
9.078220e-02 -7.754237e-03 -9.958406e-01 -7.799103e+00 6.006172e-05 9.999697e-01 -7.780914e-03 -2.283038e-01 9.958708e-01 6.465566e-04 9.077992e-02 6.440325e+00
5.311905e-02 -5.387697e-03 -9.985737e-01 -8.270838e+00 -1.745152e-03 9.999834e-01 -5.488136e-03 -2.367064e-01 9.985867e-01 2.034187e-03 5.310876e-02 6.422624e+00
1.816887e-02 -6.141271e-03 -9.998161e-01 -8.752071e+00 -4.355899e-03 9.999712e-01 -6.221380e-03 -2.491504e-01 9.998254e-01 4.468133e-03 1.814160e-02 6.410910e+00
-1.290286e-02 -5.862765e-03 -9.998996e-01 -9.263157e+00 -7.478627e-03 9.999554e-01 -5.766587e-03 -2.533634e-01 9.998888e-01 7.403470e-03 -1.294613e-02 6.371932e+00
-3.953682e-02 -5.242856e-03 -9.992044e-01 -9.791932e+00 -9.160374e-03 9.999461e-01 -4.884288e-03 -2.650190e-01 9.991761e-01 8.959976e-03 -3.958272e-02 6.328101e+00
-6.014755e-02 -4.796577e-03 -9.981780e-01 -1.029844e+01 -1.130021e-02 9.999276e-01 -4.124064e-03 -2.782075e-01 9.981255e-01 1.103157e-02 -6.019740e-02 6.269942e+00
-7.658752e-02 -4.960881e-03 -9.970505e-01 -1.083033e+01 -1.189606e-02 9.999210e-01 -4.061378e-03 -2.851252e-01 9.969919e-01 1.154992e-02 -7.664048e-02 6.216628e+00
-8.971988e-02 -5.632611e-03 -9.959511e-01 -1.137630e+01 -1.131960e-02 9.999252e-01 -4.635364e-03 -2.951556e-01 9.959027e-01 1.085789e-02 -8.977692e-02 6.161933e+00
-9.924019e-02 -4.710122e-03 -9.950524e-01 -1.195229e+01 -9.957641e-03 9.999434e-01 -3.740163e-03 -3.105958e-01 9.950137e-01 9.537200e-03 -9.928147e-02 6.091640e+00
-1.055167e-01 -2.825824e-03 -9.944135e-01 -1.254360e+01 -8.487534e-03 9.999621e-01 -1.940984e-03 -3.163519e-01 9.943813e-01 8.235313e-03 -1.055367e-01 6.005836e+00
-1.100108e-01 -2.768221e-03 -9.939265e-01 -1.313808e+01 -7.442913e-03 9.999704e-01 -1.961250e-03 -3.254536e-01 9.939025e-01 7.181950e-03 -1.100281e-01 5.929679e+00
-1.114799e-01 -4.516492e-03 -9.937564e-01 -1.375473e+01 -6.948241e-03 9.999688e-01 -3.765271e-03 -3.389505e-01 9.937424e-01 6.485108e-03 -1.115078e-01 5.856643e+00
-1.105366e-01 -6.740059e-03 -9.938492e-01 -1.439114e+01 -4.881216e-03 9.999686e-01 -6.238667e-03 -3.539658e-01 9.938601e-01 4.161591e-03 -1.105661e-01 5.787752e+00
-1.088098e-01 -5.749179e-03 -9.940460e-01 -1.506049e+01 -2.362494e-03 9.999819e-01 -5.524908e-03 -3.678315e-01 9.940598e-01 1.747263e-03 -1.088214e-01 5.711420e+00
-1.069439e-01 -3.621886e-03 -9.942585e-01 -1.575077e+01 -1.963802e-03 9.999922e-01 -3.431544e-03 -3.871087e-01 9.942631e-01 1.585544e-03 -1.069502e-01 5.632668e+00
-1.051069e-01 -1.433313e-03 -9.944599e-01 -1.646246e+01 -3.723959e-03 9.999925e-01 -1.047692e-03 -4.067551e-01 9.944540e-01 3.593208e-03 -1.051115e-01 5.557831e+00
-1.038513e-01 -1.722392e-03 -9.945913e-01 -1.717026e+01 -4.263410e-03 9.999901e-01 -1.286573e-03 -4.057044e-01 9.945837e-01 4.106738e-03 -1.038576e-01 5.482954e+00
-1.024332e-01 -3.055637e-03 -9.947352e-01 -1.789007e+01 -2.025128e-03 9.999939e-01 -2.863252e-03 -4.085637e-01 9.947378e-01 1.721174e-03 -1.024388e-01 5.417254e+00
-1.006477e-01 -2.886967e-03 -9.949179e-01 -1.863480e+01 1.621963e-03 9.999940e-01 -3.065777e-03 -4.245253e-01 9.949208e-01 -1.922284e-03 -1.006424e-01 5.346284e+00
-9.893386e-02 -2.745083e-03 -9.950902e-01 -1.938920e+01 3.957647e-03 9.999872e-01 -3.152070e-03 -4.467741e-01 9.950861e-01 -4.250062e-03 -9.892173e-02 5.272357e+00
-9.687180e-02 -9.098443e-04 -9.952965e-01 -2.014299e+01 3.585597e-03 9.999928e-01 -1.263122e-03 -4.578583e-01 9.952904e-01 -3.691093e-03 -9.686784e-02 5.187056e+00
-9.521236e-02 9.243248e-04 -9.954566e-01 -2.092691e+01 5.517946e-04 9.999995e-01 8.757656e-04 -4.651655e-01 9.954568e-01 -4.659038e-04 -9.521282e-02 5.113880e+00
-9.359582e-02 1.765903e-03 -9.956087e-01 -2.170222e+01 -1.210106e-04 9.999984e-01 1.785065e-03 -4.676496e-01 9.956103e-01 2.875538e-04 -9.359546e-02 5.029662e+00
-9.209437e-02 -1.449199e-03 -9.957492e-01 -2.250647e+01 1.793427e-03 9.999971e-01 -1.621251e-03 -4.761008e-01 9.957487e-01 -1.935112e-03 -9.209150e-02 4.946341e+00
-9.115231e-02 -3.480149e-03 -9.958309e-01 -2.333127e+01 3.765440e-03 9.999855e-01 -3.839334e-03 -4.932616e-01 9.958298e-01 -4.099705e-03 -9.113789e-02 4.872964e+00
-8.993136e-02 -4.215502e-03 -9.959390e-01 -2.417231e+01 5.083492e-03 9.999761e-01 -4.691619e-03 -5.080517e-01 9.959350e-01 -5.484772e-03 -8.990778e-02 4.791227e+00
-8.897342e-02 -4.666995e-03 -9.960231e-01 -2.505948e+01 -1.396200e-04 9.999891e-01 -4.673107e-03 -5.229572e-01 9.960340e-01 -2.767175e-04 -8.897310e-02 4.694818e+00
-8.864568e-02 -6.611213e-03 -9.960413e-01 -2.587543e+01 -7.471368e-03 9.999543e-01 -5.972249e-03 -5.425521e-01 9.960352e-01 6.912377e-03 -8.869102e-02 4.615865e+00
-8.900754e-02 -9.770460e-03 -9.959830e-01 -2.674311e+01 -1.259785e-02 9.998829e-01 -8.682892e-03 -5.509589e-01 9.959513e-01 1.177440e-02 -8.912021e-02 4.543940e+00
-8.909200e-02 -1.022639e-02 -9.959709e-01 -2.764352e+01 -1.190886e-02 9.998868e-01 -9.201324e-03 -5.694362e-01 9.959522e-01 1.104112e-02 -8.920370e-02 4.437253e+00
-8.878969e-02 -8.683497e-03 -9.960125e-01 -2.854364e+01 -4.295627e-03 9.999560e-01 -8.334943e-03 -5.936400e-01 9.960411e-01 3.538441e-03 -8.882309e-02 4.339114e+00
-8.821040e-02 -8.000121e-03 -9.960697e-01 -2.959017e+01 2.474879e-03 9.999629e-01 -8.250561e-03 -6.080659e-01 9.960988e-01 -3.192937e-03 -8.818733e-02 4.172332e+00
-8.558902e-02 -4.601385e-03 -9.963199e-01 -3.072908e+01 7.682702e-03 9.999566e-01 -5.278165e-03 -6.380797e-01 9.963009e-01 -8.106182e-03 -8.554995e-02 3.979703e+00
-8.601717e-02 -2.313647e-03 -9.962910e-01 -3.193436e+01 7.199651e-03 9.999697e-01 -2.943789e-03 -6.721277e-01 9.962676e-01 -7.426164e-03 -8.599791e-02 3.850306e+00
-8.630225e-02 -2.221773e-03 -9.962665e-01 -3.285198e+01 3.562509e-03 9.999904e-01 -2.538683e-03 -6.994109e-01 9.962626e-01 -3.768302e-03 -8.629351e-02 3.767353e+00
-8.674559e-02 -1.264344e-03 -9.962297e-01 -3.376521e+01 9.070004e-04 9.999987e-01 -1.348103e-03 -7.181152e-01 9.962301e-01 -1.020523e-03 -8.674433e-02 3.698614e+00
-8.706669e-02 4.335815e-04 -9.962024e-01 -3.474477e+01 2.295343e-03 9.999973e-01 2.346235e-04 -7.392398e-01 9.961998e-01 -2.266198e-03 -8.706745e-02 3.636622e+00
-8.702445e-02 2.006286e-03 -9.962042e-01 -3.566111e+01 5.159389e-03 9.999855e-01 1.563198e-03 -7.690358e-01 9.961928e-01 -5.003768e-03 -8.703353e-02 3.558181e+00
-8.690752e-02 1.753929e-03 -9.962148e-01 -3.653057e+01 3.617896e-03 9.999924e-01 1.444963e-03 -7.928949e-01 9.962098e-01 -3.478624e-03 -8.691321e-02 3.470226e+00
-8.688476e-02 2.090447e-03 -9.962162e-01 -3.737078e+01 -1.654032e-03 9.999961e-01 2.242635e-03 -8.073375e-01 9.962170e-01 1.842624e-03 -8.688096e-02 3.393160e+00
-8.681147e-02 3.304722e-03 -9.962193e-01 -3.821533e+01 -5.572621e-03 9.999772e-01 3.802791e-03 -8.206891e-01 9.962092e-01 5.881679e-03 -8.679108e-02 3.316421e+00
-8.620168e-02 3.504545e-03 -9.962715e-01 -3.907310e+01 -5.016539e-03 9.999796e-01 3.951641e-03 -8.300634e-01 9.962651e-01 5.338473e-03 -8.618234e-02 3.232905e+00
-8.566161e-02 2.062382e-03 -9.963222e-01 -3.993188e+01 -2.796679e-03 9.999934e-01 2.310434e-03 -8.442598e-01 9.963204e-01 2.984309e-03 -8.565528e-02 3.153571e+00
-8.522595e-02 2.030237e-03 -9.963596e-01 -4.077599e+01 2.207291e-03 9.999959e-01 1.848841e-03 -8.548148e-01 9.963592e-01 -2.041686e-03 -8.523008e-02 3.073414e+00
-8.484516e-02 1.356074e-03 -9.963932e-01 -4.161388e+01 7.678333e-03 9.999703e-01 7.071150e-04 -8.677672e-01 9.963646e-01 -7.590643e-03 -8.485305e-02 3.006164e+00
-8.518856e-02 1.423739e-03 -9.963638e-01 -4.244117e+01 1.090293e-02 9.999404e-01 4.966548e-04 -8.850911e-01 9.963052e-01 -1.082098e-02 -8.519901e-02 2.934902e+00
-8.509712e-02 9.579475e-04 -9.963722e-01 -4.328429e+01 1.089411e-02 9.999407e-01 3.094577e-05 -9.059971e-01 9.963131e-01 -1.085195e-02 -8.510251e-02 2.866820e+00
-8.486764e-02 1.047016e-03 -9.963917e-01 -4.409353e+01 6.738129e-03 9.999772e-01 4.768640e-04 -9.219281e-01 9.963695e-01 -6.673345e-03 -8.487276e-02 2.785554e+00
-8.408034e-02 1.865049e-03 -9.964572e-01 -4.493967e+01 2.457711e-03 9.999956e-01 1.664292e-03 -9.351957e-01 9.964559e-01 -2.309069e-03 -8.408455e-02 2.696133e+00
-8.379665e-02 5.438740e-03 -9.964680e-01 -4.576522e+01 4.289890e-04 9.999852e-01 5.421862e-03 -9.568666e-01 9.964828e-01 2.686002e-05 -8.379774e-02 2.613905e+00
-8.407666e-02 8.464899e-03 -9.964233e-01 -4.662414e+01 -1.131185e-03 9.999625e-01 8.590413e-03 -9.641879e-01 9.964586e-01 1.849392e-03 -8.406393e-02 2.531007e+00
-8.472319e-02 6.099748e-03 -9.963859e-01 -4.744992e+01 -3.350426e-03 9.999739e-01 6.406601e-03 -9.738027e-01 9.963989e-01 3.881105e-03 -8.470054e-02 2.449126e+00
-8.565077e-02 2.478514e-03 -9.963221e-01 -4.828277e+01 -7.960949e-03 9.999633e-01 3.171951e-03 -9.795970e-01 9.962934e-01 8.203350e-03 -8.562790e-02 2.368946e+00
-8.650329e-02 -1.624222e-03 -9.962502e-01 -4.911756e+01 -1.036288e-02 9.999460e-01 -7.304498e-04 -9.791608e-01 9.961977e-01 1.026084e-02 -8.651545e-02 2.303598e+00
-8.830574e-02 -2.321203e-03 -9.960907e-01 -4.998150e+01 -7.102322e-03 9.999733e-01 -1.700613e-03 -9.900195e-01 9.960681e-01 6.924383e-03 -8.831988e-02 2.221640e+00
-9.049369e-02 -5.038345e-03 -9.958843e-01 -5.082320e+01 -8.820163e-04 9.999872e-01 -4.978956e-03 -1.016357e+00 9.958966e-01 4.278221e-04 -9.049697e-02 2.152236e+00
-9.263711e-02 -7.946263e-03 -9.956682e-01 -5.168106e+01 2.483977e-03 9.999632e-01 -8.211650e-03 -1.043719e+00 9.956968e-01 -3.233920e-03 -9.261396e-02 2.084857e+00
-9.443907e-02 -8.769965e-03 -9.954920e-01 -5.253797e+01 1.443233e-03 9.999589e-01 -8.946232e-03 -1.077571e+00 9.955296e-01 -2.281600e-03 -9.442254e-02 2.022991e+00
-9.527543e-02 -6.610391e-03 -9.954290e-01 -5.351721e+01 -2.409460e-03 9.999766e-01 -6.409974e-03 -1.103381e+00 9.954480e-01 1.787734e-03 -9.528912e-02 1.918559e+00
-9.659975e-02 -2.174750e-03 -9.953209e-01 -5.456707e+01 -6.449183e-03 9.999780e-01 -1.559008e-03 -1.116947e+00 9.953024e-01 6.268407e-03 -9.661165e-02 1.833920e+00
-9.889848e-02 2.034093e-03 -9.950954e-01 -5.555217e+01 -7.272626e-03 9.999697e-01 2.766853e-03 -1.152216e+00 9.950710e-01 7.510595e-03 -9.888070e-02 1.798984e+00
-1.003369e-01 3.647503e-03 -9.949468e-01 -5.643759e+01 -6.120705e-03 9.999721e-01 4.283177e-03 -1.173064e+00 9.949347e-01 6.519537e-03 -1.003118e-01 1.728124e+00
-1.010515e-01 4.642975e-03 -9.948704e-01 -5.738506e+01 -5.063727e-03 9.999738e-01 5.181128e-03 -1.178872e+00 9.948683e-01 5.561313e-03 -1.010254e-01 1.626736e+00
-1.018180e-01 6.399853e-03 -9.947825e-01 -5.818957e+01 -5.237177e-03 9.999620e-01 6.969210e-03 -1.187536e+00 9.947893e-01 5.919443e-03 -1.017806e-01 1.531208e+00
-1.026426e-01 7.542165e-03 -9.946897e-01 -5.903750e+01 -5.098187e-03 9.999541e-01 8.108168e-03 -1.206161e+00 9.947052e-01 5.903358e-03 -1.025995e-01 1.456000e+00
-1.032839e-01 6.878788e-03 -9.946281e-01 -5.990245e+01 -3.546009e-03 9.999672e-01 7.283936e-03 -1.215901e+00 9.946456e-01 4.279274e-03 -1.032561e-01 1.373655e+00
-1.034062e-01 6.332548e-03 -9.946191e-01 -6.070743e+01 -6.357194e-04 9.999791e-01 6.432768e-03 -1.233784e+00 9.946390e-01 1.297486e-03 -1.034000e-01 1.283627e+00
-1.034134e-01 6.052643e-03 -9.946200e-01 -6.153029e+01 3.001093e-03 9.999788e-01 5.773221e-03 -1.234436e+00 9.946339e-01 -2.387919e-03 -1.034294e-01 1.190020e+00
-1.041895e-01 5.628856e-03 -9.945415e-01 -6.232554e+01 5.102148e-03 9.999739e-01 5.125094e-03 -1.248955e+00 9.945444e-01 -4.540317e-03 -1.042155e-01 1.107063e+00
-1.048032e-01 5.299159e-03 -9.944789e-01 -6.311615e+01 5.337126e-03 9.999744e-01 4.765989e-03 -1.280847e+00 9.944787e-01 -4.808168e-03 -1.048288e-01 1.012531e+00
-1.058966e-01 3.879644e-03 -9.943696e-01 -6.390214e+01 3.163926e-03 9.999886e-01 3.564621e-03 -1.301642e+00 9.943721e-01 -2.768630e-03 -1.059076e-01 9.532964e-01
-1.062851e-01 3.735120e-03 -9.943287e-01 -6.463022e+01 -3.120034e-04 9.999928e-01 3.789747e-03 -1.325542e+00 9.943356e-01 7.130277e-04 -1.062832e-01 8.706115e-01
-1.061582e-01 3.895792e-03 -9.943416e-01 -6.541006e+01 -3.253858e-03 9.999856e-01 4.265295e-03 -1.341389e+00 9.943439e-01 3.688242e-03 -1.061440e-01 7.929682e-01
-1.050316e-01 4.809560e-03 -9.944573e-01 -6.613903e+01 -5.320251e-03 9.999713e-01 5.398137e-03 -1.358993e+00 9.944547e-01 5.857737e-03 -1.050030e-01 7.161163e-01
-1.030259e-01 6.164224e-03 -9.946596e-01 -6.686637e+01 -5.676720e-03 9.999609e-01 6.785067e-03 -1.382428e+00 9.946625e-01 6.345442e-03 -1.029869e-01 6.513358e-01
-9.909142e-02 6.502538e-03 -9.950571e-01 -6.756493e+01 -4.427947e-03 9.999659e-01 6.975567e-03 -1.401944e+00 9.950685e-01 5.097279e-03 -9.905924e-02 5.857995e-01
-9.343439e-02 5.729054e-03 -9.956090e-01 -6.828631e+01 -3.307462e-03 9.999761e-01 6.064578e-03 -1.407879e+00 9.956199e-01 3.859579e-03 -9.341322e-02 5.342943e-01
-8.655046e-02 4.158526e-03 -9.962388e-01 -6.897330e+01 -1.819016e-03 9.999890e-01 4.332211e-03 -1.433763e+00 9.962458e-01 2.187129e-03 -8.654194e-02 4.831406e-01
-7.792669e-02 4.381098e-03 -9.969495e-01 -6.964454e+01 -6.728329e-04 9.999899e-01 4.447052e-03 -1.445215e+00 9.969589e-01 1.017324e-03 -7.792296e-02 4.386589e-01
-6.604032e-02 6.695012e-03 -9.977945e-01 -7.029044e+01 1.339784e-03 9.999772e-01 6.620982e-03 -1.459208e+00 9.978161e-01 -8.995775e-04 -6.604779e-02 3.948128e-01
-5.124101e-02 9.108761e-03 -9.986448e-01 -7.091052e+01 3.148881e-03 9.999549e-01 8.959140e-03 -1.468623e+00 9.986814e-01 -2.685538e-03 -5.126739e-02 3.714671e-01
-3.337524e-02 9.807174e-03 -9.993948e-01 -7.150693e+01 4.704038e-03 9.999423e-01 9.655453e-03 -1.481692e+00 9.994318e-01 -4.378938e-03 -3.341944e-02 3.696565e-01
-1.094334e-02 1.012307e-02 -9.998889e-01 -7.208568e+01 5.299743e-03 9.999353e-01 1.006554e-02 -1.484606e+00 9.999261e-01 -5.189003e-03 -1.099628e-02 3.651080e-01
1.432225e-02 8.696633e-03 -9.998596e-01 -7.264016e+01 5.103396e-03 9.999485e-01 8.770509e-03 -1.479394e+00 9.998844e-01 -5.228293e-03 1.427713e-02 3.925275e-01
4.341852e-02 6.170857e-03 -9.990379e-01 -7.316805e+01 4.759589e-03 9.999683e-01 6.383457e-03 -1.485130e+00 9.990456e-01 -5.032170e-03 4.338777e-02 4.350599e-01
7.716166e-02 3.706272e-03 -9.970117e-01 -7.367755e+01 4.780777e-03 9.999802e-01 4.087306e-03 -1.488174e+00 9.970071e-01 -5.081874e-03 7.714242e-02 5.001253e-01
1.146946e-01 2.164343e-03 -9.933984e-01 -7.417889e+01 5.055986e-03 9.999834e-01 2.762438e-03 -1.489534e+00 9.933879e-01 -5.339445e-03 1.146818e-01 5.842232e-01
1.551791e-01 -2.063575e-05 -9.878864e-01 -7.466154e+01 5.294040e-03 9.999857e-01 8.107094e-04 -1.502655e+00 9.878722e-01 -5.355715e-03 1.551769e-01 6.925468e-01
1.998305e-01 -2.401430e-03 -9.798275e-01 -7.513612e+01 6.703945e-03 9.999769e-01 -1.083581e-03 -1.505355e+00 9.798076e-01 -6.352177e-03 1.998419e-01 8.289985e-01
2.480316e-01 -7.928327e-03 -9.687195e-01 -7.558367e+01 8.115013e-03 9.999484e-01 -6.106141e-03 -1.523960e+00 9.687180e-01 -6.346655e-03 2.480832e-01 9.756578e-01
2.980148e-01 -1.719361e-02 -9.544064e-01 -7.601343e+01 8.512531e-03 9.998459e-01 -1.535415e-02 -1.545146e+00 9.545233e-01 -3.548651e-03 2.981152e-01 1.144194e+00
3.499366e-01 -2.414821e-02 -9.364621e-01 -7.644744e+01 7.946019e-03 9.997082e-01 -2.280985e-02 -1.571159e+00 9.367397e-01 5.408571e-04 3.500264e-01 1.330622e+00
4.030976e-01 -3.033417e-02 -9.146541e-01 -7.687553e+01 7.506200e-03 9.995265e-01 -2.984087e-02 -1.580178e+00 9.151262e-01 5.163209e-03 4.031345e-01 1.538044e+00
4.546892e-01 -3.134832e-02 -8.900983e-01 -7.727613e+01 8.076347e-03 9.994844e-01 -3.107514e-02 -1.600519e+00 8.906135e-01 6.940786e-03 4.547080e-01 1.766297e+00
5.042482e-01 -3.375427e-02 -8.628989e-01 -7.768001e+01 9.941655e-03 9.993965e-01 -3.328413e-02 -1.630960e+00 8.635016e-01 8.204820e-03 5.042794e-01 2.006299e+00
5.498513e-01 -4.222042e-02 -8.341948e-01 -7.804575e+01 1.539949e-02 9.990643e-01 -4.041440e-02 -1.656935e+00 8.351206e-01 9.375732e-03 5.499870e-01 2.291513e+00
5.938281e-01 -5.376741e-02 -8.027934e-01 -7.839209e+01 2.283519e-02 9.984890e-01 -4.998296e-02 -1.692143e+00 8.042678e-01 1.134935e-02 5.941586e-01 2.606636e+00
6.364747e-01 -5.609216e-02 -7.692553e-01 -7.871202e+01 2.157317e-02 9.982565e-01 -5.494092e-02 -1.730234e+00 7.709959e-01 1.837323e-02 6.365751e-01 2.926665e+00
6.784455e-01 -5.220780e-02 -7.327933e-01 -7.902354e+01 1.403601e-02 9.982108e-01 -5.812241e-02 -1.771791e+00 7.345166e-01 2.914740e-02 6.779644e-01 3.242221e+00
7.193181e-01 -4.668134e-02 -6.931106e-01 -7.929614e+01 3.066991e-03 9.979433e-01 -6.402902e-02 -1.807364e+00 6.946741e-01 4.393147e-02 7.179819e-01 3.561735e+00
7.587973e-01 -3.900385e-02 -6.501579e-01 -7.956347e+01 -6.664194e-03 9.976882e-01 -6.763042e-02 -1.833166e+00 6.512927e-01 5.565056e-02 7.567832e-01 3.913555e+00
7.960253e-01 -3.404985e-02 -6.043048e-01 -7.981154e+01 -9.916099e-03 9.975487e-01 -6.926944e-02 -1.873086e+00 6.051821e-01 6.113257e-02 7.937364e-01 4.293392e+00
8.304451e-01 -2.962894e-02 -5.563120e-01 -8.006300e+01 -1.195575e-02 9.974069e-01 -7.096863e-02 -1.907089e+00 5.569721e-01 6.558668e-02 8.279375e-01 4.723069e+00
8.615080e-01 -2.238221e-02 -5.072505e-01 -8.031163e+01 -1.622505e-02 9.973042e-01 -7.156204e-02 -1.947456e+00 5.074847e-01 6.988144e-02 8.588224e-01 5.183022e+00
8.879023e-01 -1.745462e-02 -4.597008e-01 -8.053596e+01 -1.660120e-02 9.974133e-01 -6.993616e-02 -1.996040e+00 4.597325e-01 6.972806e-02 8.853158e-01 5.670029e+00
9.093636e-01 -6.937365e-03 -4.159445e-01 -8.075403e+01 -2.264145e-02 9.975536e-01 -6.613792e-02 -2.044077e+00 4.153857e-01 6.956100e-02 9.069818e-01 6.187064e+00
9.268679e-01 9.180091e-04 -3.753865e-01 -8.093298e+01 -2.751331e-02 9.974736e-01 -6.549386e-02 -2.096307e+00 3.743780e-01 7.103228e-02 9.245515e-01 6.721788e+00
9.404695e-01 8.202562e-03 -3.397792e-01 -8.112318e+01 -3.127350e-02 9.975561e-01 -6.247957e-02 -2.136064e+00 3.384363e-01 6.938621e-02 9.384276e-01 7.283803e+00
9.508018e-01 1.069072e-02 -3.096152e-01 -8.130967e+01 -3.093266e-02 9.976862e-01 -6.054242e-02 -2.181345e+00 3.082515e-01 6.714107e-02 9.489326e-01 7.867828e+00
9.584299e-01 1.186468e-02 -2.850814e-01 -8.147932e+01 -3.005532e-02 9.977746e-01 -5.951858e-02 -2.220572e+00 2.837408e-01 6.561260e-02 9.566536e-01 8.461285e+00
9.643422e-01 1.244815e-02 -2.643654e-01 -8.162962e+01 -2.864349e-02 9.979348e-01 -5.749499e-02 -2.275481e+00 2.631038e-01 6.301719e-02 9.627073e-01 9.079881e+00
9.690841e-01 1.547739e-02 -2.462449e-01 -8.178013e+01 -2.971865e-02 9.980865e-01 -5.422284e-02 -2.324020e+00 2.449345e-01 5.986455e-02 9.676897e-01 9.689217e+00
9.726417e-01 2.074754e-02 -2.313821e-01 -8.192861e+01 -3.353527e-02 9.981113e-01 -5.147093e-02 -2.364617e+00 2.298772e-01 5.782223e-02 9.715004e-01 1.033656e+01
9.756027e-01 2.496283e-02 -2.181196e-01 -8.208600e+01 -3.649469e-02 9.981318e-01 -4.900120e-02 -2.416064e+00 2.164889e-01 5.576591e-02 9.746911e-01 1.099888e+01
9.784802e-01 2.454379e-02 -2.048757e-01 -8.222770e+01 -3.531850e-02 9.981692e-01 -4.910098e-02 -2.464883e+00 2.032955e-01 5.528023e-02 9.775556e-01 1.167881e+01
9.812353e-01 2.482348e-02 -1.912097e-01 -8.235769e+01 -3.491085e-02 9.981604e-01 -4.956833e-02 -2.507645e+00 1.896275e-01 5.531349e-02 9.802968e-01 1.239406e+01
9.839811e-01 2.504049e-02 -1.765056e-01 -8.249353e+01 -3.414811e-02 9.982270e-01 -4.875199e-02 -2.549603e+00 1.749719e-01 5.399836e-02 9.830916e-01 1.310870e+01
9.863531e-01 2.752382e-02 -1.623267e-01 -8.261815e+01 -3.567605e-02 9.982329e-01 -4.752145e-02 -2.603044e+00 1.607319e-01 5.266411e-02 9.855921e-01 1.384182e+01
9.883417e-01 2.882119e-02 -1.494995e-01 -8.273510e+01 -3.664141e-02 9.980858e-01 -4.982100e-02 -2.655970e+00 1.477775e-01 5.471805e-02 9.875058e-01 1.457644e+01
9.898941e-01 3.101477e-02 -1.383752e-01 -8.284110e+01 -3.883926e-02 9.977740e-01 -5.420788e-02 -2.719205e+00 1.363859e-01 5.903445e-02 9.888953e-01 1.532336e+01
9.912078e-01 3.081451e-02 -1.286765e-01 -8.294283e+01 -3.885102e-02 9.974167e-01 -6.041914e-02 -2.772814e+00 1.264823e-01 6.488713e-02 9.898444e-01 1.609954e+01
9.922558e-01 3.110901e-02 -1.202523e-01 -8.305095e+01 -3.861249e-02 9.974163e-01 -6.057963e-02 -2.821718e+00 1.180571e-01 6.475374e-02 9.908933e-01 1.688140e+01
9.930148e-01 3.265127e-02 -1.133817e-01 -8.315587e+01 -3.903167e-02 9.977497e-01 -5.451705e-02 -2.872450e+00 1.113465e-01 5.856171e-02 9.920547e-01 1.768078e+01
9.934273e-01 3.685724e-02 -1.083686e-01 -8.325895e+01 -4.206784e-02 9.980462e-01 -4.619525e-02 -2.923762e+00 1.064543e-01 5.045045e-02 9.930369e-01 1.849008e+01
9.938671e-01 3.710024e-02 -1.041722e-01 -8.334647e+01 -4.172146e-02 9.982234e-01 -4.253777e-02 -2.975932e+00 1.024090e-01 4.662311e-02 9.936492e-01 1.929015e+01
9.942570e-01 3.633221e-02 -1.006629e-01 -8.343176e+01 -4.089733e-02 9.982088e-01 -4.366371e-02 -3.024895e+00 9.889618e-02 4.752979e-02 9.939620e-01 2.006290e+01
9.945549e-01 3.640923e-02 -9.764731e-02 -8.351122e+01 -4.092810e-02 9.981626e-01 -4.468034e-02 -3.074492e+00 9.584111e-02 4.843356e-02 9.942176e-01 2.085033e+01
9.949062e-01 3.504833e-02 -9.451567e-02 -8.359653e+01 -3.919161e-02 9.983342e-01 -4.234246e-02 -3.131179e+00 9.287420e-02 4.583100e-02 9.946225e-01 2.162992e+01
9.952113e-01 3.245019e-02 -9.220343e-02 -8.366749e+01 -3.627907e-02 9.985345e-01 -4.015804e-02 -3.180029e+00 9.076517e-02 4.331079e-02 9.949301e-01 2.241547e+01
9.973855e-01 5.163462e-02 -5.055655e-02 -8.510960e+01 -5.426532e-02 9.971652e-01 -5.212375e-02 -3.239350e+00 4.772184e-02 5.473094e-02 9.973601e-01 2.449479e+01
9.975757e-01 4.995840e-02 -4.844415e-02 -8.513386e+01 -5.264228e-02 9.970529e-01 -5.580640e-02 -3.299245e+00 4.551338e-02 5.822132e-02 9.972657e-01 2.526909e+01
9.974916e-01 5.310874e-02 -4.679710e-02 -8.518051e+01 -5.602056e-02 9.964223e-01 -6.327952e-02 -3.349631e+00 4.326897e-02 6.574239e-02 9.968981e-01 2.604284e+01
9.975291e-01 5.390212e-02 -4.505902e-02 -8.522393e+01 -5.701248e-02 9.958556e-01 -7.085976e-02 -3.415023e+00 4.105279e-02 7.325360e-02 9.964681e-01 2.683469e+01
9.975968e-01 5.412330e-02 -4.325916e-02 -8.527073e+01 -5.725392e-02 9.955576e-01 -7.474630e-02 -3.489527e+00 3.902147e-02 7.704343e-02 9.962638e-01 2.762149e+01
9.975886e-01 5.595413e-02 -4.106149e-02 -8.531316e+01 -5.884458e-02 9.955993e-01 -7.293445e-02 -3.558099e+00 3.679980e-02 7.517482e-02 9.964911e-01 2.838263e+01
9.974694e-01 5.931506e-02 -3.919745e-02 -8.533938e+01 -6.190774e-02 9.957199e-01 -6.862416e-02 -3.635439e+00 3.495923e-02 7.087713e-02 9.968723e-01 2.916525e+01
9.973214e-01 6.270661e-02 -3.765416e-02 -8.536722e+01 -6.503322e-02 9.958208e-01 -6.412254e-02 -3.690718e+00 3.347589e-02 6.639955e-02 9.972314e-01 2.996941e+01
9.974996e-01 6.107081e-02 -3.556621e-02 -8.537824e+01 -6.318756e-02 9.960868e-01 -6.179264e-02 -3.762829e+00 3.165331e-02 6.388548e-02 9.974551e-01 3.072848e+01
9.977368e-01 5.776556e-02 -3.441493e-02 -8.539911e+01 -5.982740e-02 9.962662e-01 -6.224398e-02 -3.826360e+00 3.069088e-02 6.416206e-02 9.974674e-01 3.149611e+01
9.979328e-01 5.607647e-02 -3.139315e-02 -8.540960e+01 -5.799252e-02 9.962714e-01 -6.387556e-02 -3.884984e+00 2.769418e-02 6.556409e-02 9.974640e-01 3.244369e+01
9.979522e-01 5.608852e-02 -3.074915e-02 -8.542533e+01 -5.800880e-02 9.961589e-01 -6.559332e-02 -3.952127e+00 2.695200e-02 6.724272e-02 9.973726e-01 3.322015e+01
9.980667e-01 5.440736e-02 -3.004558e-02 -8.544767e+01 -5.631452e-02 9.961777e-01 -6.677345e-02 -4.022481e+00 2.629776e-02 6.833636e-02 9.973157e-01 3.400426e+01
9.980730e-01 5.464488e-02 -2.939862e-02 -8.546792e+01 -5.651065e-02 9.961580e-01 -6.690164e-02 -4.084066e+00 2.562984e-02 6.843405e-02 9.973264e-01 3.478324e+01
9.979085e-01 5.782543e-02 -2.889513e-02 -8.549548e+01 -5.963470e-02 9.960183e-01 -6.626662e-02 -4.137854e+00 2.494818e-02 6.785118e-02 9.973835e-01 3.558705e+01
9.979154e-01 5.796256e-02 -2.837461e-02 -8.554162e+01 -5.976456e-02 9.959327e-01 -6.742523e-02 -4.198269e+00 2.435106e-02 6.898048e-02 9.973208e-01 3.636956e+01
9.979546e-01 5.680647e-02 -2.931990e-02 -8.560674e+01 -5.868149e-02 9.959826e-01 -6.764022e-02 -4.260127e+00 2.535971e-02 6.922241e-02 9.972789e-01 3.718397e+01
9.979940e-01 5.515892e-02 -3.107191e-02 -8.564258e+01 -5.714927e-02 9.960947e-01 -6.729958e-02 -4.324002e+00 2.723840e-02 6.894031e-02 9.972489e-01 3.797688e+01
9.977764e-01 5.733016e-02 -3.399336e-02 -8.568361e+01 -5.951015e-02 9.959750e-01 -6.702528e-02 -4.397807e+00 3.001397e-02 6.889919e-02 9.971720e-01 3.875373e+01
9.974386e-01 6.130259e-02 -3.685333e-02 -8.573052e+01 -6.368266e-02 9.956975e-01 -6.731315e-02 -4.462982e+00 3.256830e-02 6.948766e-02 9.970510e-01 3.956273e+01
9.973297e-01 6.165581e-02 -3.914056e-02 -8.577774e+01 -6.436654e-02 9.953069e-01 -7.225765e-02 -4.529347e+00 3.450176e-02 7.458405e-02 9.966177e-01 4.035054e+01
9.972276e-01 6.195139e-02 -4.122143e-02 -8.583503e+01 -6.495158e-02 9.949950e-01 -7.593568e-02 -4.596976e+00 3.631080e-02 7.840255e-02 9.962603e-01 4.116071e+01
9.972496e-01 6.093952e-02 -4.218572e-02 -8.590233e+01 -6.408868e-02 9.949044e-01 -7.783218e-02 -4.666582e+00 3.722770e-02 8.032173e-02 9.960736e-01 4.199572e+01
9.971190e-01 6.205111e-02 -4.362838e-02 -8.597084e+01 -6.523269e-02 9.949915e-01 -7.574050e-02 -4.761857e+00 3.871009e-02 7.836828e-02 9.961726e-01 4.287284e+01
9.971311e-01 6.028912e-02 -4.576804e-02 -8.600862e+01 -6.360932e-02 9.951575e-01 -7.493575e-02 -4.847101e+00 4.102860e-02 7.763204e-02 9.961375e-01 4.373120e+01
9.972068e-01 5.850423e-02 -4.643051e-02 -8.607919e+01 -6.186549e-02 9.952924e-01 -7.460321e-02 -4.898527e+00 4.184733e-02 7.726728e-02 9.961318e-01 4.465492e+01
9.972395e-01 5.689353e-02 -4.771370e-02 -8.612337e+01 -6.019923e-02 9.956599e-01 -7.097410e-02 -4.978707e+00 4.346865e-02 7.365050e-02 9.963363e-01 4.553825e+01
9.973368e-01 5.590561e-02 -4.683877e-02 -8.621077e+01 -5.896237e-02 9.960332e-01 -6.664338e-02 -5.063103e+00 4.292723e-02 6.922762e-02 9.966769e-01 4.664532e+01
9.973394e-01 5.577279e-02 -4.694266e-02 -8.623420e+01 -5.874753e-02 9.961820e-01 -6.457598e-02 -5.141842e+00 4.316186e-02 6.716193e-02 9.968081e-01 4.752613e+01
9.972362e-01 5.890842e-02 -4.527522e-02 -8.627466e+01 -6.178169e-02 9.959757e-01 -6.492690e-02 -5.202379e+00 4.126827e-02 6.754463e-02 9.968624e-01 4.841252e+01
9.973021e-01 5.919927e-02 -4.340371e-02 -8.631660e+01 -6.199908e-02 9.958729e-01 -6.628174e-02 -5.271156e+00 3.930075e-02 6.879392e-02 9.968565e-01 4.929019e+01
9.974703e-01 5.748202e-02 -4.181943e-02 -8.635391e+01 -6.026476e-02 9.958194e-01 -6.864260e-02 -5.345248e+00 3.769888e-02 7.098919e-02 9.967644e-01 5.016873e+01
9.977461e-01 5.387393e-02 -4.000434e-02 -8.638389e+01 -5.658751e-02 9.959321e-01 -7.012220e-02 -5.427563e+00 3.606385e-02 7.222790e-02 9.967359e-01 5.104333e+01
9.978653e-01 5.319248e-02 -3.788789e-02 -8.641729e+01 -5.575819e-02 9.959710e-01 -7.023333e-02 -5.510540e+00 3.399935e-02 7.219596e-02 9.968108e-01 5.192409e+01
9.980347e-01 5.042389e-02 -3.720455e-02 -8.644862e+01 -5.285595e-02 9.963132e-01 -6.757476e-02 -5.591244e+00 3.366000e-02 6.940844e-02 9.970203e-01 5.281282e+01
9.981946e-01 4.786931e-02 -3.627904e-02 -8.648156e+01 -5.016553e-02 9.966055e-01 -6.527569e-02 -5.662392e+00 3.303119e-02 6.697779e-02 9.972076e-01 5.368385e+01
9.982359e-01 4.765040e-02 -3.541931e-02 -8.651670e+01 -4.987324e-02 9.966527e-01 -6.477715e-02 -5.743345e+00 3.221410e-02 6.642936e-02 9.972710e-01 5.456630e+01
9.982046e-01 4.905186e-02 -3.437199e-02 -8.655718e+01 -5.132572e-02 9.963139e-01 -6.873401e-02 -5.804795e+00 3.087376e-02 7.037477e-02 9.970427e-01 5.543699e+01
9.976605e-01 5.301764e-02 -4.315742e-02 -8.651464e+01 -5.620939e-02 9.954876e-01 -7.645245e-02 -5.882282e+00 3.890934e-02 7.869944e-02 9.961388e-01 5.652472e+01
9.975885e-01 5.495849e-02 -4.238916e-02 -8.655738e+01 -5.829381e-02 9.949311e-01 -8.193912e-02 -5.963720e+00 3.767104e-02 8.421254e-02 9.957355e-01 5.739331e+01
9.973572e-01 5.941851e-02 -4.180879e-02 -8.660681e+01 -6.289140e-02 9.941907e-01 -8.734663e-02 -6.056703e+00 3.637590e-02 8.974521e-02 9.953003e-01 5.825531e+01
9.973891e-01 5.971348e-02 -4.061104e-02 -8.665112e+01 -6.310628e-02 9.941059e-01 -8.815326e-02 -6.145919e+00 3.510773e-02 9.048592e-02 9.952787e-01 5.911020e+01
9.975906e-01 5.652245e-02 -4.022663e-02 -8.668262e+01 -5.969792e-02 9.947856e-01 -8.269056e-02 -6.227573e+00 3.534300e-02 8.489278e-02 9.957631e-01 5.998008e+01
9.976347e-01 5.512461e-02 -4.106384e-02 -8.672129e+01 -5.805325e-02 9.955732e-01 -7.391817e-02 -6.310505e+00 3.680734e-02 7.612723e-02 9.964185e-01 6.084899e+01
9.976577e-01 5.337314e-02 -4.278309e-02 -8.676476e+01 -5.609763e-02 9.962918e-01 -6.523634e-02 -6.413326e+00 3.914257e-02 6.748357e-02 9.969523e-01 6.172238e+01
9.962491e-01 4.773028e-02 -7.217662e-02 -8.644354e+01 -5.221567e-02 9.967347e-01 -6.159036e-02 -6.592747e+00 6.900122e-02 6.512809e-02 9.954884e-01 6.290848e+01
9.963718e-01 4.242506e-02 -7.377960e-02 -8.651926e+01 -4.725401e-02 9.967667e-01 -6.498644e-02 -6.670252e+00 7.078400e-02 6.823704e-02 9.951549e-01 6.374895e+01
9.963872e-01 4.302804e-02 -7.322040e-02 -8.663832e+01 -4.787302e-02 9.966868e-01 -6.575476e-02 -6.766628e+00 7.014850e-02 6.902248e-02 9.951458e-01 6.470105e+01
9.960859e-01 4.380322e-02 -7.677347e-02 -8.668358e+01 -4.903508e-02 9.965040e-01 -6.764134e-02 -6.893351e+00 7.354216e-02 7.114118e-02 9.947515e-01 6.585571e+01
9.955182e-01 4.773725e-02 -8.163697e-02 -8.682948e+01 -5.372524e-02 9.958986e-01 -7.279778e-02 -6.979622e+00 7.782698e-02 7.685749e-02 9.939999e-01 6.712197e+01
9.947329e-01 5.210563e-02 -8.826916e-02 -8.687814e+01 -5.912759e-02 9.951275e-01 -7.889978e-02 -7.007492e+00 8.372795e-02 8.370335e-02 9.929670e-01 6.875342e+01
9.941648e-01 5.411170e-02 -9.331816e-02 -8.692735e+01 -6.193967e-02 9.946114e-01 -8.313624e-02 -7.129127e+00 8.831666e-02 8.843122e-02 9.921593e-01 6.986816e+01
9.941014e-01 5.247618e-02 -9.491429e-02 -8.732187e+01 -6.025631e-02 9.948868e-01 -8.105233e-02 -7.264841e+00 9.017566e-02 8.629341e-02 9.921803e-01 7.071119e+01
9.936303e-01 5.267231e-02 -9.962158e-02 -8.738910e+01 -6.063239e-02 9.950576e-01 -7.863958e-02 -7.383662e+00 9.498708e-02 8.417896e-02 9.919130e-01 7.160660e+01
9.935782e-01 4.932893e-02 -1.018282e-01 -8.790975e+01 -5.661394e-02 9.959436e-01 -6.993686e-02 -7.747804e+00 9.796525e-02 7.525264e-02 9.923406e-01 7.287801e+01
9.741719e-01 -1.233288e-01 -1.891535e-01 -8.649668e+01 9.121372e-02 9.812152e-01 -1.699905e-01 -6.318450e+00 2.065650e-01 1.483465e-01 9.671216e-01 7.468224e+01
9.711874e-01 -1.332698e-01 -1.975706e-01 -8.656039e+01 1.009023e-01 9.809966e-01 -1.657241e-01 -6.595741e+00 2.159021e-01 1.410139e-01 9.661788e-01 7.583664e+01
9.691172e-01 -1.375250e-01 -2.046920e-01 -8.671473e+01 1.043596e-01 9.807807e-01 -1.648584e-01 -6.786673e+00 2.234301e-01 1.384056e-01 9.648434e-01 7.671008e+01
9.674659e-01 -1.404527e-01 -2.104347e-01 -8.687986e+01 1.071158e-01 9.809195e-01 -1.622443e-01 -6.932771e+00 2.292071e-01 1.344250e-01 9.640508e-01 7.749253e+01
9.656195e-01 -1.406928e-01 -2.185967e-01 -8.703618e+01 1.061861e-01 9.810061e-01 -1.623315e-01 -7.126478e+00 2.372836e-01 1.335385e-01 9.622183e-01 7.845360e+01
9.648464e-01 -1.346984e-01 -2.256720e-01 -8.724687e+01 9.918877e-02 9.818029e-01 -1.619400e-01 -7.296261e+00 2.433785e-01 1.338631e-01 9.606496e-01 7.933141e+01
9.618072e-01 -1.345886e-01 -2.383542e-01 -8.737218e+01 9.658007e-02 9.816268e-01 -1.645635e-01 -7.583163e+00 2.561232e-01 1.352581e-01 9.571343e-01 8.075689e+01
9.597943e-01 -1.369836e-01 -2.450109e-01 -8.755932e+01 9.739703e-02 9.811336e-01 -1.670050e-01 -7.779503e+00 2.632654e-01 1.364272e-01 9.550282e-01 8.163652e+01
9.580301e-01 -1.377554e-01 -2.513996e-01 -8.776704e+01 9.675462e-02 9.808945e-01 -1.687739e-01 -7.953321e+00 2.698460e-01 1.373664e-01 9.530549e-01 8.251761e+01
9.566560e-01 -1.370814e-01 -2.569398e-01 -8.797253e+01 9.665588e-02 9.817315e-01 -1.638931e-01 -8.106242e+00 2.747126e-01 1.319546e-01 9.524290e-01 8.332033e+01
9.544106e-01 -1.395817e-01 -2.638510e-01 -8.817165e+01 9.931265e-02 9.820611e-01 -1.602902e-01 -8.275015e+00 2.814914e-01 1.267790e-01 9.511518e-01 8.416196e+01
9.521376e-01 -1.429598e-01 -2.701787e-01 -8.837277e+01 1.023485e-01 9.819744e-01 -1.589058e-01 -8.436350e+00 2.880257e-01 1.236478e-01 9.496065e-01 8.495892e+01
9.496787e-01 -1.465701e-01 -2.768167e-01 -8.857820e+01 1.040501e-01 9.811968e-01 -1.625622e-01 -8.596759e+00 2.954384e-01 1.255791e-01 9.470723e-01 8.568653e+01
9.470559e-01 -1.478564e-01 -2.849977e-01 -8.879489e+01 1.019725e-01 9.802103e-01 -1.696741e-01 -8.731235e+00 3.044451e-01 1.316290e-01 9.433912e-01 8.641065e+01
9.438487e-01 -1.510672e-01 -2.938168e-01 -8.901448e+01 1.031611e-01 9.796296e-01 -1.722893e-01 -8.870425e+00 3.138589e-01 1.323046e-01 9.402064e-01 8.712999e+01
9.403255e-01 -1.534751e-01 -3.036995e-01 -8.925448e+01 1.051525e-01 9.798854e-01 -1.696100e-01 -9.026584e+00 3.236216e-01 1.275538e-01 9.375495e-01 8.784158e+01
9.363255e-01 -1.561086e-01 -3.145230e-01 -8.949560e+01 1.082343e-01 9.804354e-01 -1.644135e-01 -9.166298e+00 3.340358e-01 1.199024e-01 9.349029e-01 8.854978e+01
9.322674e-01 -1.570529e-01 -3.259018e-01 -8.975652e+01 1.103285e-01 9.813655e-01 -1.573192e-01 -9.308992e+00 3.445362e-01 1.107073e-01 9.322225e-01 8.926605e+01
9.868647e-01 -1.437601e-01 -7.369630e-02 -9.357681e+01 1.486196e-01 9.867342e-01 6.532818e-02 -1.237426e+01 6.332708e-02 -7.542279e-02 9.951387e-01 9.013370e+01
9.867267e-01 -1.383250e-01 -8.506840e-02 -9.365227e+01 1.436978e-01 9.877622e-01 6.063589e-02 -1.234310e+01 7.563989e-02 -7.205519e-02 9.945284e-01 9.088205e+01
9.859380e-01 -1.357097e-01 -9.751534e-02 -9.372488e+01 1.411378e-01 9.886714e-01 5.107757e-02 -1.230632e+01 8.947891e-02 -6.412241e-02 9.939225e-01 9.167552e+01
9.845288e-01 -1.359684e-01 -1.105247e-01 -9.381142e+01 1.416513e-01 9.888811e-01 4.526748e-02 -1.226407e+01 1.031408e-01 -6.022310e-02 9.928420e-01 9.257143e+01
9.825293e-01 -1.389375e-01 -1.238244e-01 -9.390096e+01 1.459512e-01 9.880550e-01 4.945236e-02 -1.223450e+01 1.154745e-01 -6.666070e-02 9.910711e-01 9.336478e+01
9.807968e-01 -1.387290e-01 -1.370838e-01 -9.402703e+01 1.475068e-01 9.874717e-01 5.604801e-02 -1.220561e+01 1.275909e-01 -7.519250e-02 9.889725e-01 9.426866e+01
9.739540e-01 -1.381316e-01 -1.798148e-01 -9.369625e+01 1.513479e-01 9.865395e-01 6.191686e-02 -1.213944e+01 1.688417e-01 -8.751876e-02 9.817499e-01 9.544944e+01
9.711497e-01 -1.384780e-01 -1.941443e-01 -9.389017e+01 1.523870e-01 9.865841e-01 5.856676e-02 -1.209138e+01 1.834295e-01 -8.646216e-02 9.792231e-01 9.643193e+01
9.687155e-01 -1.384653e-01 -2.059552e-01 -9.409354e+01 1.523899e-01 9.868832e-01 5.328035e-02 -1.205278e+01 1.958763e-01 -8.299900e-02 9.771098e-01 9.731075e+01
9.680548e-01 -1.440207e-01 -2.052511e-01 -9.457618e+01 1.556447e-01 9.869379e-01 4.157364e-02 -1.195738e+01 1.965826e-01 -7.219179e-02 9.778260e-01 9.829749e+01
9.661826e-01 -1.453731e-01 -2.129738e-01 -9.474734e+01 1.563575e-01 9.870594e-01 3.558162e-02 -1.194376e+01 2.050452e-01 -6.767839e-02 9.764098e-01 9.904517e+01
9.645701e-01 -1.446625e-01 -2.206292e-01 -9.492820e+01 1.558079e-01 9.872060e-01 3.388499e-02 -1.193093e+01 2.129046e-01 -6.706023e-02 9.747690e-01 9.980892e+01
9.636731e-01 -1.381649e-01 -2.285708e-01 -9.512775e+01 1.499885e-01 9.880643e-01 3.510549e-02 -1.191719e+01 2.209923e-01 -6.811321e-02 9.728941e-01 1.005688e+02
9.615866e-01 -1.380118e-01 -2.372846e-01 -9.530415e+01 1.511443e-01 9.877817e-01 3.798285e-02 -1.192164e+01 2.291433e-01 -7.238801e-02 9.706973e-01 1.013089e+02
9.593696e-01 -1.392440e-01 -2.453998e-01 -9.552213e+01 1.544738e-01 9.870234e-01 4.384847e-02 -1.190303e+01 2.361097e-01 -7.997473e-02 9.684298e-01 1.020721e+02
9.575916e-01 -1.394459e-01 -2.521372e-01 -9.576011e+01 1.571138e-01 9.862498e-01 5.125111e-02 -1.188622e+01 2.415235e-01 -8.869186e-02 9.663334e-01 1.028935e+02
9.572083e-01 -1.315577e-01 -2.577689e-01 -9.599152e+01 1.516987e-01 9.866172e-01 5.978313e-02 -1.187231e+01 2.464543e-01 -9.632813e-02 9.643553e-01 1.036581e+02
9.571195e-01 -1.220368e-01 -2.627342e-01 -9.622718e+01 1.422202e-01 9.880660e-01 5.915205e-02 -1.185470e+01 2.523800e-01 -9.398168e-02 9.630534e-01 1.044127e+02
9.553922e-01 -1.215357e-01 -2.691744e-01 -9.643095e+01 1.402878e-01 9.887712e-01 5.148644e-02 -1.182162e+01 2.598945e-01 -8.695162e-02 9.617142e-01 1.052131e+02
9.531778e-01 -1.263368e-01 -2.747566e-01 -9.665295e+01 1.432520e-01 9.887814e-01 4.231066e-02 -1.178142e+01 2.663288e-01 -7.968901e-02 9.605824e-01 1.060168e+02
9.515723e-01 -1.265144e-01 -2.801861e-01 -9.687365e+01 1.435480e-01 9.887919e-01 4.104365e-02 -1.172630e+01 2.718531e-01 -7.927615e-02 9.590679e-01 1.068934e+02
9.504973e-01 -1.226045e-01 -2.855223e-01 -9.710528e+01 1.416029e-01 9.888171e-01 4.679045e-02 -1.170301e+01 2.765926e-01 -8.490496e-02 9.572292e-01 1.076941e+02
9.486527e-01 -1.212602e-01 -2.921540e-01 -9.734327e+01 1.418699e-01 9.886045e-01 5.033937e-02 -1.166462e+01 2.827206e-01 -8.920243e-02 9.550456e-01 1.085534e+02
9.464572e-01 -1.228786e-01 -2.985290e-01 -9.759875e+01 1.432134e-01 9.885687e-01 4.713584e-02 -1.163211e+01 2.893245e-01 -8.736541e-02 9.532359e-01 1.093994e+02
9.452488e-01 -1.210350e-01 -3.030763e-01 -9.786040e+01 1.396940e-01 9.893629e-01 4.057752e-02 -1.159166e+01 2.949412e-01 -8.069380e-02 9.521020e-01 1.101598e+02
9.437897e-01 -1.200804e-01 -3.079638e-01 -9.810180e+01 1.370818e-01 9.899728e-01 3.409516e-02 -1.156918e+01 3.007816e-01 -7.439490e-02 9.507869e-01 1.108816e+02
9.423155e-01 -1.187005e-01 -3.129724e-01 -9.835342e+01 1.357039e-01 9.901986e-01 3.303419e-02 -1.155577e+01 3.059837e-01 -7.360021e-02 9.491876e-01 1.116130e+02
9.410022e-01 -1.169536e-01 -3.175479e-01 -9.860221e+01 1.355652e-01 9.900743e-01 3.707927e-02 -1.153498e+01 3.100595e-01 -7.794014e-02 9.475170e-01 1.123813e+02
9.394228e-01 -1.162930e-01 -3.224295e-01 -9.886816e+01 1.358650e-01 9.899675e-01 3.879424e-02 -1.150674e+01 3.146833e-01 -8.025107e-02 9.457982e-01 1.131963e+02
9.375261e-01 -1.150668e-01 -3.283358e-01 -9.914880e+01 1.352472e-01 9.900353e-01 3.922083e-02 -1.147958e+01 3.205510e-01 -8.117704e-02 9.437464e-01 1.140888e+02
9.352733e-01 -1.163083e-01 -3.342695e-01 -9.944184e+01 1.364628e-01 9.899401e-01 3.737023e-02 -1.144753e+01 3.265604e-01 -8.056674e-02 9.417363e-01 1.150083e+02
9.332756e-01 -1.177498e-01 -3.393106e-01 -9.970582e+01 1.380011e-01 9.897741e-01 3.609482e-02 -1.143300e+01 3.315907e-01 -8.051166e-02 9.399816e-01 1.157667e+02
9.312436e-01 -1.182719e-01 -3.446696e-01 -1.000221e+02 1.387041e-01 9.897102e-01 3.514210e-02 -1.140134e+01 3.369667e-01 -8.053294e-02 9.380660e-01 1.166647e+02
9.293693e-01 -1.162488e-01 -3.503696e-01 -1.003399e+02 1.370772e-01 9.899364e-01 3.515254e-02 -1.137713e+01 3.427572e-01 -8.069736e-02 9.359516e-01 1.175945e+02
9.282305e-01 -1.153025e-01 -3.536856e-01 -1.006983e+02 1.361466e-01 9.900864e-01 3.453905e-02 -1.135019e+01 3.461968e-01 -8.021329e-02 9.347265e-01 1.183850e+02
9.261988e-01 -1.160801e-01 -3.587216e-01 -1.009726e+02 1.356506e-01 9.903090e-01 2.978412e-02 -1.133268e+01 3.517879e-01 -7.624680e-02 9.329693e-01 1.191021e+02
9.240118e-01 -1.163927e-01 -3.642183e-01 -1.012265e+02 1.349986e-01 9.905058e-01 2.595336e-02 -1.134759e+01 3.577396e-01 -7.315018e-02 9.309519e-01 1.198495e+02
9.222635e-01 -1.160054e-01 -3.687449e-01 -1.015035e+02 1.339049e-01 9.907219e-01 2.323141e-02 -1.134009e+01 3.626286e-01 -7.080222e-02 9.292403e-01 1.205626e+02
9.207376e-01 -1.148510e-01 -3.728960e-01 -1.017911e+02 1.343203e-01 9.905819e-01 2.656083e-02 -1.132500e+01 3.663335e-01 -7.454307e-02 9.274929e-01 1.212941e+02
9.192464e-01 -1.152222e-01 -3.764438e-01 -1.020951e+02 1.381087e-01 9.898235e-01 3.428472e-02 -1.131684e+01 3.686626e-01 -8.350629e-02 9.258048e-01 1.220055e+02
9.178149e-01 -1.176551e-01 -3.791741e-01 -1.023906e+02 1.440340e-01 9.886870e-01 4.186073e-02 -1.131087e+01 3.699594e-01 -9.303435e-02 9.243780e-01 1.227107e+02
9.161134e-01 -1.205791e-01 -3.823570e-01 -1.026806e+02 1.485343e-01 9.879128e-01 4.433720e-02 -1.129195e+01 3.723892e-01 -9.741105e-02 9.229503e-01 1.233951e+02
9.139480e-01 -1.235438e-01 -3.865696e-01 -1.029421e+02 1.512734e-01 9.875984e-01 4.202185e-02 -1.126846e+01 3.765840e-01 -9.688349e-02 9.213024e-01 1.240809e+02
9.124280e-01 -1.234755e-01 -3.901652e-01 -1.031996e+02 1.503022e-01 9.878761e-01 3.885901e-02 -1.126694e+01 3.806367e-01 -9.409875e-02 9.199245e-01 1.247121e+02
9.101280e-01 -1.240653e-01 -3.953161e-01 -1.034174e+02 1.503602e-01 9.879717e-01 3.610787e-02 -1.126006e+01 3.860814e-01 -9.230257e-02 9.178352e-01 1.253939e+02
9.091337e-01 -1.255649e-01 -3.971265e-01 -1.037050e+02 1.513222e-01 9.878975e-01 3.406171e-02 -1.125176e+01 3.880433e-01 -9.106068e-02 9.171316e-01 1.259737e+02
9.081136e-01 -1.273317e-01 -3.988939e-01 -1.039789e+02 1.527585e-01 9.877299e-01 3.247153e-02 -1.123703e+01 3.898648e-01 -9.042226e-02 9.164220e-01 1.265442e+02
9.070960e-01 -1.269453e-01 -4.013251e-01 -1.042306e+02 1.535536e-01 9.875309e-01 3.469872e-02 -1.126595e+01 3.919161e-01 -9.309999e-02 9.152782e-01 1.271200e+02
9.059796e-01 -1.283423e-01 -4.033970e-01 -1.044842e+02 1.553956e-01 9.872354e-01 3.490668e-02 -1.125010e+01 3.937678e-01 -9.431087e-02 9.143590e-01 1.276652e+02
9.043538e-01 -1.296332e-01 -4.066196e-01 -1.047018e+02 1.574609e-01 9.868841e-01 3.557979e-02 -1.126244e+01 3.966741e-01 -9.620341e-02 9.129045e-01 1.282038e+02
9.029927e-01 -1.310877e-01 -4.091701e-01 -1.049308e+02 1.587825e-01 9.867177e-01 3.429592e-02 -1.124072e+01 3.992396e-01 -9.593801e-02 9.118134e-01 1.287204e+02
9.024876e-01 -1.318095e-01 -4.100517e-01 -1.051873e+02 1.592281e-01 9.866806e-01 3.328249e-02 -1.125154e+01 4.002032e-01 -9.532881e-02 9.114548e-01 1.292012e+02
9.018242e-01 -1.292811e-01 -4.123101e-01 -1.053912e+02 1.562175e-01 9.871994e-01 3.214692e-02 -1.127555e+01 4.028763e-01 -9.340091e-02 9.104762e-01 1.296563e+02
9.008918e-01 -1.294756e-01 -4.142825e-01 -1.056137e+02 1.551580e-01 9.874701e-01 2.879023e-02 -1.129043e+01 4.053640e-01 -9.021613e-02 9.096929e-01 1.300878e+02
8.989766e-01 -1.326976e-01 -4.174115e-01 -1.058348e+02 1.572797e-01 9.872406e-01 2.488281e-02 -1.128211e+01 4.087837e-01 -8.801943e-02 9.083768e-01 1.305002e+02
8.962272e-01 -1.376806e-01 -4.216880e-01 -1.060328e+02 1.619766e-01 9.865460e-01 2.214803e-02 -1.126471e+01 4.129653e-01 -8.815326e-02 9.064705e-01 1.308960e+02
8.939115e-01 -1.368822e-01 -4.268320e-01 -1.062336e+02 1.620620e-01 9.865116e-01 2.303750e-02 -1.125317e+01 4.179213e-01 -8.976672e-02 9.040375e-01 1.312722e+02
8.915193e-01 -1.334605e-01 -4.328760e-01 -1.064248e+02 1.598565e-01 9.868241e-01 2.497974e-02 -1.123640e+01 4.238386e-01 -9.146797e-02 9.011073e-01 1.316340e+02
8.894114e-01 -1.286868e-01 -4.386196e-01 -1.066115e+02 1.574913e-01 9.870720e-01 2.975568e-02 -1.121655e+01 4.291200e-01 -9.554379e-02 8.981801e-01 1.319824e+02
8.863416e-01 -1.261904e-01 -4.455048e-01 -1.067779e+02 1.583057e-01 9.867535e-01 3.545217e-02 -1.118861e+01 4.351297e-01 -1.019487e-01 8.945774e-01 1.323202e+02
8.823507e-01 -1.261318e-01 -4.533740e-01 -1.069352e+02 1.600505e-01 9.864128e-01 3.706148e-02 -1.115670e+01 4.425393e-01 -1.052640e-01 8.905495e-01 1.326292e+02
8.772698e-01 -1.298257e-01 -4.621071e-01 -1.070922e+02 1.635674e-01 9.859626e-01 3.351907e-02 -1.111273e+01 4.512687e-01 -1.049909e-01 8.861904e-01 1.329127e+02
8.710615e-01 -1.322824e-01 -4.730256e-01 -1.072437e+02 1.660217e-01 9.856632e-01 3.008141e-02 -1.106737e+01 4.622647e-01 -1.047353e-01 8.805350e-01 1.331819e+02
8.634308e-01 -1.336302e-01 -4.864466e-01 -1.073854e+02 1.677740e-01 9.854534e-01 2.708413e-02 -1.101987e+01 4.757512e-01 -1.049984e-01 8.732904e-01 1.334344e+02
8.544823e-01 -1.316397e-01 -5.025246e-01 -1.075057e+02 1.676800e-01 9.854725e-01 2.696834e-02 -1.100395e+01 4.916741e-01 -1.073073e-01 8.641422e-01 1.336755e+02
8.445199e-01 -1.275154e-01 -5.201212e-01 -1.076450e+02 1.651237e-01 9.859195e-01 2.639824e-02 -1.098241e+01 5.094314e-01 -1.081782e-01 8.536844e-01 1.338902e+02
8.329316e-01 -1.246540e-01 -5.391534e-01 -1.077802e+02 1.634538e-01 9.862469e-01 2.449437e-02 -1.098906e+01 5.286850e-01 -1.085288e-01 8.418513e-01 1.340913e+02
8.203957e-01 -1.211390e-01 -5.588168e-01 -1.079064e+02 1.595959e-01 9.869727e-01 2.034830e-02 -1.098868e+01 5.490720e-01 -1.058785e-01 8.290415e-01 1.342702e+02
8.074827e-01 -1.186727e-01 -5.778308e-01 -1.080338e+02 1.560927e-01 9.876240e-01 1.529543e-02 -1.097880e+01 5.688644e-01 -1.025460e-01 8.160132e-01 1.344455e+02
7.945239e-01 -1.118910e-01 -5.968352e-01 -1.081554e+02 1.505947e-01 9.884793e-01 1.516199e-02 -1.098918e+01 5.882627e-01 -1.019268e-01 8.022206e-01 1.346101e+02
7.816506e-01 -1.021689e-01 -6.152917e-01 -1.082877e+02 1.438790e-01 9.894226e-01 1.848699e-02 -1.100268e+01 6.068947e-01 -1.029779e-01 7.880827e-01 1.347683e+02
7.668655e-01 -9.683007e-02 -6.344613e-01 -1.084310e+02 1.411442e-01 9.897962e-01 1.953880e-02 -1.099081e+01 6.260955e-01 -1.045342e-01 7.727076e-01 1.349224e+02
7.496127e-01 -9.729073e-02 -6.546871e-01 -1.085784e+02 1.417892e-01 9.897792e-01 1.526015e-02 -1.093572e+01 6.465111e-01 -1.042667e-01 7.557459e-01 1.350826e+02
7.313310e-01 -9.686698e-02 -6.751087e-01 -1.087260e+02 1.430188e-01 9.896355e-01 1.293287e-02 -1.090385e+01 6.668588e-01 -1.060115e-01 7.376049e-01 1.352346e+02
7.117546e-01 -9.351766e-02 -6.961752e-01 -1.088926e+02 1.419315e-01 9.898019e-01 1.214700e-02 -1.085950e+01 6.879396e-01 -1.074549e-01 7.177692e-01 1.353750e+02
6.902328e-01 -8.635696e-02 -7.184157e-01 -1.090627e+02 1.384951e-01 9.902638e-01 1.402763e-02 -1.080607e+01 7.102097e-01 -1.091794e-01 6.954726e-01 1.355154e+02
6.681794e-01 -7.987603e-02 -7.397000e-01 -1.092363e+02 1.364271e-01 9.905164e-01 1.627589e-02 -1.076916e+01 7.313849e-01 -1.117903e-01 6.727399e-01 1.356526e+02
6.447390e-01 -7.376935e-02 -7.608349e-01 -1.094055e+02 1.339560e-01 9.908337e-01 1.744599e-02 -1.072936e+01 7.525738e-01 -1.131665e-01 6.487110e-01 1.357842e+02
6.215600e-01 -6.661928e-02 -7.805287e-01 -1.095816e+02 1.317994e-01 9.910671e-01 2.036705e-02 -1.071806e+01 7.721995e-01 -1.155326e-01 6.247881e-01 1.358963e+02
5.960795e-01 -5.743035e-02 -8.008689e-01 -1.097592e+02 1.285651e-01 9.913960e-01 2.459681e-02 -1.069194e+01 7.925656e-01 -1.176255e-01 5.983343e-01 1.360326e+02
5.681114e-01 -4.993341e-02 -8.214354e-01 -1.099411e+02 1.259921e-01 9.916677e-01 2.685563e-02 -1.065733e+01 8.132500e-01 -1.187513e-01 5.696689e-01 1.361808e+02
5.381131e-01 -4.553841e-02 -8.416416e-01 -1.101248e+02 1.225484e-01 9.921559e-01 2.467048e-02 -1.060946e+01 8.339162e-01 -1.164173e-01 5.394727e-01 1.363151e+02
5.085163e-01 -4.117288e-02 -8.600674e-01 -1.103294e+02 1.167196e-01 9.929327e-01 2.147731e-02 -1.057622e+01 8.531048e-01 -1.113083e-01 5.097281e-01 1.363908e+02
4.767887e-01 -3.724550e-02 -8.782285e-01 -1.105594e+02 1.127495e-01 9.934402e-01 1.907990e-02 -1.057844e+01 8.717569e-01 -1.081169e-01 4.778605e-01 1.364729e+02
4.390201e-01 -3.176903e-02 -8.979154e-01 -1.107885e+02 1.094377e-01 9.938243e-01 1.834531e-02 -1.056996e+01 8.917874e-01 -1.063198e-01 4.397856e-01 1.365740e+02
3.995526e-01 -2.645222e-02 -9.163285e-01 -1.110575e+02 1.056950e-01 9.942466e-01 1.738534e-02 -1.053272e+01 9.105966e-01 -1.037977e-01 4.000497e-01 1.366629e+02
3.571065e-01 -2.190437e-02 -9.338068e-01 -1.113564e+02 1.032952e-01 9.945192e-01 1.617365e-02 -1.052355e+01 9.283346e-01 -1.022335e-01 3.574119e-01 1.367533e+02
3.104039e-01 -1.696188e-02 -9.504534e-01 -1.116528e+02 9.948887e-02 9.949296e-01 1.473598e-02 -1.050334e+01 9.453843e-01 -9.913364e-02 3.105175e-01 1.368339e+02
2.622576e-01 -1.129945e-02 -9.649317e-01 -1.119660e+02 9.685239e-02 9.951906e-01 1.466961e-02 -1.049887e+01 9.601253e-01 -9.730316e-02 2.620907e-01 1.368934e+02
2.120041e-01 -6.523507e-03 -9.772470e-01 -1.123095e+02 9.646093e-02 9.952343e-01 1.428267e-02 -1.049363e+01 9.724966e-01 -9.729414e-02 2.116230e-01 1.369507e+02
1.597731e-01 -1.149631e-03 -9.871531e-01 -1.126744e+02 9.667755e-02 9.952103e-01 1.448847e-02 -1.048044e+01 9.824083e-01 -9.775041e-02 1.591189e-01 1.369871e+02
1.052599e-01 1.704944e-03 -9.944433e-01 -1.130456e+02 9.952451e-02 9.949598e-01 1.224031e-02 -1.048341e+01 9.894520e-01 -1.002599e-01 1.045597e-01 1.370201e+02
5.031005e-02 3.486725e-03 -9.987276e-01 -1.134261e+02 1.023189e-01 9.947142e-01 8.626940e-03 -1.049474e+01 9.934786e-01 -1.026227e-01 4.968736e-02 1.370211e+02
-4.854093e-03 6.543818e-03 -9.999668e-01 -1.138434e+02 1.031774e-01 9.946448e-01 6.008142e-03 -1.049139e+01 9.946511e-01 -1.031448e-01 -5.503272e-03 1.370036e+02
-5.876451e-02 9.938476e-03 -9.982224e-01 -1.142663e+02 1.048523e-01 9.944808e-01 3.728658e-03 -1.050311e+01 9.927501e-01 -1.044468e-01 -5.948225e-02 1.369513e+02
-1.123047e-01 1.433903e-02 -9.935704e-01 -1.147382e+02 1.065161e-01 9.943083e-01 2.310012e-03 -1.051196e+01 9.879484e-01 -1.055718e-01 -1.131928e-01 1.368928e+02
-1.631948e-01 1.802571e-02 -9.864292e-01 -1.151975e+02 1.067800e-01 9.942825e-01 5.035369e-04 -1.051579e+01 9.807984e-01 -1.052488e-01 -1.641865e-01 1.367934e+02
-2.137739e-01 1.944971e-02 -9.766895e-01 -1.156486e+02 1.073322e-01 9.942164e-01 -3.693705e-03 -1.054024e+01 9.709689e-01 -1.056198e-01 -2.146251e-01 1.366948e+02
-2.650116e-01 2.147944e-02 -9.640060e-01 -1.161995e+02 1.055416e-01 9.943912e-01 -6.857622e-03 -1.051934e+01 9.584518e-01 -1.035601e-01 -2.657922e-01 1.365792e+02
-3.112776e-01 2.223639e-02 -9.500588e-01 -1.166420e+02 1.053047e-01 9.943766e-01 -1.122842e-02 -1.053552e+01 9.444666e-01 -1.035409e-01 -3.118687e-01 1.364071e+02
-3.535498e-01 2.402524e-02 -9.351071e-01 -1.170358e+02 1.061568e-01 9.942423e-01 -1.459171e-02 -1.057784e+01 9.293725e-01 -1.044269e-01 -3.540646e-01 1.361866e+02
-3.951506e-01 3.345923e-02 -9.180068e-01 -1.176913e+02 1.042740e-01 9.945111e-01 -8.636480e-03 -1.048880e+01 9.126790e-01 -9.913692e-02 -3.964706e-01 1.359605e+02
-4.307544e-01 3.677604e-02 -9.017196e-01 -1.181787e+02 1.045052e-01 9.944803e-01 -9.363273e-03 -1.050326e+01 8.963979e-01 -9.826769e-02 -4.322201e-01 1.356972e+02
-4.599904e-01 4.129508e-02 -8.869631e-01 -1.186622e+02 1.048096e-01 9.944597e-01 -8.055731e-03 -1.050882e+01 8.817164e-01 -9.666785e-02 -4.617700e-01 1.354073e+02
-4.833287e-01 4.516956e-02 -8.742729e-01 -1.191519e+02 1.052156e-01 9.944263e-01 -6.789546e-03 -1.052132e+01 8.690933e-01 -9.526872e-02 -4.853872e-01 1.350977e+02
-5.010686e-01 4.958284e-02 -8.639860e-01 -1.196698e+02 1.055767e-01 9.944025e-01 -4.161926e-03 -1.053293e+01 8.589435e-01 -9.330216e-02 -5.034986e-01 1.347532e+02
-5.148260e-01 5.266425e-02 -8.556756e-01 -1.202006e+02 1.068639e-01 9.942688e-01 -3.101513e-03 -1.054587e+01 8.506082e-01 -9.303756e-02 -5.175033e-01 1.343987e+02
-5.269515e-01 5.316846e-02 -8.482307e-01 -1.207487e+02 1.070136e-01 9.942489e-01 -4.159593e-03 -1.055625e+01 8.431312e-01 -9.296412e-02 -5.296106e-01 1.340593e+02
-5.377186e-01 5.335857e-02 -8.414342e-01 -1.212969e+02 1.077501e-01 9.941610e-01 -5.814125e-03 -1.058106e+01 8.362109e-01 -9.379095e-02 -5.403283e-01 1.337176e+02
-5.460795e-01 5.350717e-02 -8.360228e-01 -1.218812e+02 1.080665e-01 9.941193e-01 -6.961970e-03 -1.059678e+01 8.307339e-01 -9.414781e-02 -5.486505e-01 1.333240e+02
-5.524503e-01 5.505191e-02 -8.317259e-01 -1.224454e+02 1.094701e-01 9.939660e-01 -6.921802e-03 -1.062218e+01 8.263262e-01 -9.487303e-02 -5.551434e-01 1.329363e+02
-5.581316e-01 5.641561e-02 -8.278324e-01 -1.230279e+02 1.102482e-01 9.938822e-01 -6.598579e-03 -1.063404e+01 8.223956e-01 -9.494988e-02 -5.609367e-01 1.325273e+02
-5.630708e-01 5.656984e-02 -8.244702e-01 -1.236368e+02 1.104172e-01 9.938591e-01 -7.217077e-03 -1.065154e+01 8.189990e-01 -9.509944e-02 -5.658593e-01 1.321165e+02
-5.666610e-01 5.620007e-02 -8.220322e-01 -1.242404e+02 1.103887e-01 9.938551e-01 -8.148409e-03 -1.066662e+01 8.165229e-01 -9.536046e-02 -5.693827e-01 1.316949e+02
-5.690736e-01 5.594725e-02 -8.203811e-01 -1.248651e+02 1.105131e-01 9.938350e-01 -8.883369e-03 -1.067966e+01 8.148264e-01 -9.571814e-02 -5.717482e-01 1.312480e+02
-5.703092e-01 5.519565e-02 -8.195736e-01 -1.255130e+02 1.102027e-01 9.938613e-01 -9.752388e-03 -1.069522e+01 8.140042e-01 -9.588110e-02 -5.728910e-01 1.307959e+02
-5.714599e-01 5.491417e-02 -8.187906e-01 -1.261716e+02 1.095674e-01 9.939310e-01 -9.810176e-03 -1.071593e+01 8.132826e-01 -9.531887e-02 -5.740085e-01 1.303476e+02
-5.726544e-01 5.459350e-02 -8.179771e-01 -1.268545e+02 1.083367e-01 9.940689e-01 -9.498822e-03 -1.073029e+01 8.126070e-01 -9.405652e-02 -5.751724e-01 1.298785e+02
-5.734922e-01 5.355255e-02 -8.174588e-01 -1.275292e+02 1.070557e-01 9.942030e-01 -9.974205e-03 -1.075146e+01 8.121858e-01 -9.323374e-02 -5.759008e-01 1.294014e+02
-5.742549e-01 5.431051e-02 -8.168731e-01 -1.282266e+02 1.081852e-01 9.940808e-01 -9.960972e-03 -1.077222e+01 8.114970e-01 -9.409374e-02 -5.767314e-01 1.289111e+02
-5.746782e-01 5.539331e-02 -8.165027e-01 -1.289353e+02 1.109013e-01 9.937745e-01 -1.063575e-02 -1.079424e+01 8.108304e-01 -9.666338e-02 -5.772437e-01 1.284031e+02
-5.757395e-01 5.660992e-02 -8.156711e-01 -1.296719e+02 1.133281e-01 9.934963e-01 -1.104089e-02 -1.082299e+01 8.097412e-01 -9.879517e-02 -5.784105e-01 1.278899e+02
-5.769207e-01 5.613681e-02 -8.148688e-01 -1.304051e+02 1.129498e-01 9.935339e-01 -1.152244e-02 -1.085274e+01 8.089529e-01 -9.868684e-02 -5.795309e-01 1.273782e+02
-5.781257e-01 5.603026e-02 -8.140216e-01 -1.311461e+02 1.112261e-01 9.937387e-01 -1.059339e-02 -1.087591e+01 8.083312e-01 -9.666478e-02 -5.807379e-01 1.268618e+02
-5.790752e-01 5.542852e-02 -8.133877e-01 -1.319096e+02 1.094785e-01 9.939367e-01 -1.020896e-02 -1.089023e+01 8.078901e-01 -9.496022e-02 -5.816323e-01 1.263284e+02
-5.805769e-01 5.307628e-02 -8.124736e-01 -1.326691e+02 1.076332e-01 9.941186e-01 -1.196992e-02 -1.090693e+01 8.070598e-01 -9.439860e-02 -5.828751e-01 1.257921e+02
-5.817822e-01 5.104723e-02 -8.117411e-01 -1.334183e+02 1.059798e-01 9.942776e-01 -1.343048e-02 -1.093361e+01 8.064104e-01 -9.384181e-02 -5.838630e-01 1.252549e+02
-5.826469e-01 5.035451e-02 -8.111640e-01 -1.341692e+02 1.037694e-01 9.945190e-01 -1.279937e-02 -1.096922e+01 8.060735e-01 -9.163150e-02 -5.846786e-01 1.246928e+02
-5.838050e-01 5.128029e-02 -8.102728e-01 -1.349510e+02 1.007139e-01 9.948691e-01 -9.601872e-03 -1.099808e+01 8.056230e-01 -8.721140e-02 -5.859742e-01 1.241268e+02
-5.845193e-01 5.329001e-02 -8.096279e-01 -1.357395e+02 9.874150e-02 9.950963e-01 -5.789854e-03 -1.101553e+01 8.053492e-01 -8.332816e-02 -5.869149e-01 1.235465e+02
-5.849379e-01 5.550138e-02 -8.091769e-01 -1.365920e+02 9.940973e-02 9.950400e-01 -3.611596e-03 -1.103841e+01 8.049630e-01 -8.255262e-02 -5.875540e-01 1.229221e+02
-5.869283e-01 5.642993e-02 -8.076700e-01 -1.375270e+02 1.015779e-01 9.948183e-01 -4.310412e-03 -1.106258e+01 8.032417e-01 -8.457129e-02 -5.896190e-01 1.222540e+02
-5.861149e-01 5.545210e-02 -8.083282e-01 -1.384562e+02 1.036189e-01 9.945931e-01 -6.903478e-03 -1.110254e+01 8.035748e-01 -8.780427e-02 -5.886917e-01 1.214446e+02
-5.856988e-01 5.441570e-02 -8.087001e-01 -1.393772e+02 1.054212e-01 9.943828e-01 -9.441148e-03 -1.115800e+01 8.036437e-01 -9.078383e-02 -5.881454e-01 1.206188e+02
-5.853082e-01 5.349415e-02 -8.090443e-01 -1.402018e+02 1.064255e-01 9.942570e-01 -1.125377e-02 -1.119774e+01 8.037959e-01 -9.268988e-02 -5.876399e-01 1.199423e+02
-5.852297e-01 5.146082e-02 -8.092330e-01 -1.410600e+02 1.060540e-01 9.942691e-01 -1.346962e-02 -1.123430e+01 8.039022e-01 -9.370524e-02 -5.873335e-01 1.192238e+02
-5.844425e-01 5.147608e-02 -8.098007e-01 -1.418749e+02 1.061508e-01 9.942596e-01 -1.340883e-02 -1.127084e+01 8.044619e-01 -9.379771e-02 -5.865518e-01 1.185781e+02
-5.842295e-01 5.368757e-02 -8.098108e-01 -1.426888e+02 1.076785e-01 9.941160e-01 -1.177719e-02 -1.130958e+01 8.044136e-01 -9.407981e-02 -5.865729e-01 1.179547e+02
-5.843117e-01 5.312122e-02 -8.097889e-01 -1.434957e+02 1.080457e-01 9.940641e-01 -1.275206e-02 -1.133762e+01 8.043047e-01 -9.494541e-02 -5.865828e-01 1.173604e+02
-5.842385e-01 5.448529e-02 -8.097510e-01 -1.443191e+02 1.101560e-01 9.938344e-01 -1.260641e-02 -1.138522e+01 8.040715e-01 -9.656412e-02 -5.866382e-01 1.167368e+02
-5.841952e-01 5.386167e-02 -8.098240e-01 -1.451171e+02 1.108194e-01 9.937441e-01 -1.384927e-02 -1.142102e+01 8.040118e-01 -9.783491e-02 -5.865094e-01 1.161494e+02
-5.846653e-01 5.383298e-02 -8.094866e-01 -1.459276e+02 1.104970e-01 9.937818e-01 -1.371924e-02 -1.145959e+01 8.037145e-01 -9.746702e-02 -5.869781e-01 1.155496e+02
-5.850569e-01 5.364894e-02 -8.092158e-01 -1.467309e+02 1.100332e-01 9.938340e-01 -1.366455e-02 -1.150687e+01 8.034931e-01 -9.703518e-02 -5.873526e-01 1.149533e+02
-5.863205e-01 5.339145e-02 -8.083178e-01 -1.475387e+02 1.090279e-01 9.939479e-01 -1.343159e-02 -1.153181e+01 8.027086e-01 -9.600443e-02 -5.885932e-01 1.143665e+02
-5.871007e-01 5.286477e-02 -8.077860e-01 -1.483601e+02 1.089575e-01 9.939458e-01 -1.414272e-02 -1.156637e+01 8.021478e-01 -9.631752e-02 -5.893062e-01 1.137570e+02
-5.879251e-01 5.260573e-02 -8.072030e-01 -1.492113e+02 1.082367e-01 9.940258e-01 -1.405301e-02 -1.159318e+01 8.016413e-01 -9.563112e-02 -5.901066e-01 1.131195e+02
-5.887300e-01 5.382108e-02 -8.065360e-01 -1.500285e+02 1.081019e-01 9.940603e-01 -1.257406e-02 -1.162303e+01 8.010686e-01 -9.459079e-02 -5.910513e-01 1.125275e+02
-5.892195e-01 5.488125e-02 -8.061070e-01 -1.508473e+02 1.073786e-01 9.941595e-01 -1.080360e-02 -1.164736e+01 8.008060e-01 -9.292435e-02 -5.916712e-01 1.119250e+02
-5.892501e-01 5.625269e-02 -8.059900e-01 -1.516544e+02 1.081821e-01 9.940837e-01 -9.710325e-03 -1.168043e+01 8.006753e-01 -9.291549e-02 -5.918495e-01 1.113191e+02
-5.885345e-01 5.971121e-02 -8.062641e-01 -1.524709e+02 1.104516e-01 9.938567e-01 -7.020233e-03 -1.171360e+01 8.008918e-01 -9.318477e-02 -5.915141e-01 1.107068e+02
-5.873216e-01 6.096096e-02 -8.070546e-01 -1.532849e+02 1.115481e-01 9.937402e-01 -6.115157e-03 -1.175048e+01 8.016298e-01 -9.361700e-02 -5.904452e-01 1.100963e+02
-5.858510e-01 6.250201e-02 -8.080050e-01 -1.541404e+02 1.116482e-01 9.937394e-01 -4.082252e-03 -1.178359e+01 8.026913e-01 -9.260386e-02 -5.891615e-01 1.094499e+02
-5.850191e-01 6.350263e-02 -8.085296e-01 -1.549668e+02 1.108352e-01 9.938365e-01 -2.139057e-03 -1.180102e+01 8.034104e-01 -9.086494e-02 -5.884517e-01 1.088560e+02
-5.836259e-01 6.223608e-02 -8.096341e-01 -1.557988e+02 1.105756e-01 9.938622e-01 -3.310996e-03 -1.182799e+01 8.044587e-01 -9.145815e-02 -5.869256e-01 1.082443e+02
-5.833048e-01 6.141047e-02 -8.099286e-01 -1.566323e+02 1.114469e-01 9.937582e-01 -4.914447e-03 -1.184593e+01 8.045714e-01 -9.313066e-02 -5.865079e-01 1.076488e+02
-5.828928e-01 5.811244e-02 -8.104684e-01 -1.574373e+02 1.135593e-01 9.934764e-01 -1.043783e-02 -1.186940e+01 8.045746e-01 -9.812033e-02 -5.856894e-01 1.070757e+02
-5.826817e-01 5.511503e-02 -8.108294e-01 -1.582495e+02 1.168773e-01 9.930094e-01 -1.649240e-02 -1.189426e+01 8.042523e-01 -1.043774e-01 -5.850501e-01 1.064933e+02
-5.820338e-01 5.447176e-02 -8.113381e-01 -1.590837e+02 1.180714e-01 9.928412e-01 -1.804396e-02 -1.194221e+01 8.045469e-01 -1.062980e-01 -5.842987e-01 1.058726e+02
-5.821820e-01 5.443773e-02 -8.112340e-01 -1.599059e+02 1.145283e-01 9.932985e-01 -1.553609e-02 -1.199171e+01 8.049518e-01 -1.019541e-01 -5.845151e-01 1.052774e+02
-5.822671e-01 5.473187e-02 -8.111531e-01 -1.607118e+02 1.109973e-01 9.937405e-01 -1.262500e-02 -1.203462e+01 8.053848e-01 -9.738695e-02 -5.846975e-01 1.046895e+02
-5.825767e-01 5.425650e-02 -8.109628e-01 -1.615433e+02 1.108081e-01 9.937553e-01 -1.311591e-02 -1.207070e+01 8.051869e-01 -9.750223e-02 -5.849507e-01 1.041027e+02
-5.823016e-01 5.486743e-02 -8.111192e-01 -1.623330e+02 1.136242e-01 9.934198e-01 -1.437173e-02 -1.209936e+01 8.049934e-01 -1.005315e-01 -5.847043e-01 1.035118e+02
-5.824882e-01 5.401370e-02 -8.110425e-01 -1.631108e+02 1.140406e-01 9.933513e-01 -1.574851e-02 -1.213190e+01 8.047995e-01 -1.016651e-01 -5.847752e-01 1.029381e+02
-5.833809e-01 5.219190e-02 -8.105200e-01 -1.639063e+02 1.118298e-01 9.935902e-01 -1.651043e-02 -1.217327e+01 8.044630e-01 -1.002722e-01 -5.854782e-01 1.023592e+02
-5.842309e-01 5.191065e-02 -8.099257e-01 -1.646910e+02 1.103912e-01 9.937604e-01 -1.593624e-02 -1.221300e+01 8.040448e-01 -9.871908e-02 -5.863160e-01 1.017912e+02
-5.848573e-01 5.239234e-02 -8.094424e-01 -1.654836e+02 1.116616e-01 9.936115e-01 -1.636738e-02 -1.224888e+01 8.034137e-01 -9.995619e-02 -5.869712e-01 1.012160e+02
-5.855971e-01 5.204888e-02 -8.089295e-01 -1.662790e+02 1.146130e-01 9.932273e-01 -1.906303e-02 -1.228420e+01 8.024587e-01 -1.038771e-01 -5.875965e-01 1.006387e+02
-5.863759e-01 5.115430e-02 -8.084223e-01 -1.670667e+02 1.163838e-01 9.929697e-01 -2.158521e-02 -1.231966e+01 8.016347e-01 -1.067443e-01 -5.882071e-01 1.000617e+02
-5.874935e-01 5.006286e-02 -8.076788e-01 -1.678588e+02 1.161170e-01 9.929712e-01 -2.291385e-02 -1.236109e+01 8.008547e-01 -1.072470e-01 -5.891773e-01 9.948887e+01
-5.886377e-01 4.917254e-02 -8.069000e-01 -1.686421e+02 1.139767e-01 9.932259e-01 -2.261931e-02 -1.239812e+01 8.003218e-01 -1.052824e-01 -5.902548e-01 9.892077e+01
-5.894269e-01 4.903124e-02 -8.063323e-01 -1.694302e+02 1.124934e-01 9.934127e-01 -2.182526e-02 -1.244326e+01 7.999507e-01 -1.035715e-01 -5.910599e-01 9.834701e+01
-5.893718e-01 5.122486e-02 -8.062362e-01 -1.702267e+02 1.132256e-01 9.933749e-01 -1.965486e-02 -1.248871e+01 7.998880e-01 -1.028706e-01 -5.912671e-01 9.775803e+01
-5.882385e-01 5.330764e-02 -8.069286e-01 -1.710147e+02 1.139073e-01 9.933387e-01 -1.741432e-02 -1.253039e+01 8.006251e-01 -1.021588e-01 -5.903922e-01 9.716683e+01
-5.876161e-01 5.507032e-02 -8.072637e-01 -1.717891e+02 1.145336e-01 9.932967e-01 -1.560903e-02 -1.256321e+01 8.009928e-01 -1.016309e-01 -5.899845e-01 9.658941e+01
-5.865781e-01 5.651830e-02 -8.079182e-01 -1.725611e+02 1.152546e-01 9.932345e-01 -1.419683e-02 -1.259265e+01 8.016499e-01 -1.014438e-01 -5.891236e-01 9.600045e+01
-5.858775e-01 5.778784e-02 -8.083367e-01 -1.733356e+02 1.166480e-01 9.930809e-01 -1.355055e-02 -1.263086e+01 8.019606e-01 -1.022298e-01 -5.885646e-01 9.542506e+01
-5.855064e-01 5.702988e-02 -8.086593e-01 -1.741621e+02 1.163531e-01 9.931063e-01 -1.420714e-02 -1.266725e+01 8.022744e-01 -1.024084e-01 -5.881057e-01 9.482746e+01
-5.849496e-01 5.799549e-02 -8.089935e-01 -1.749683e+02 1.160345e-01 9.931640e-01 -1.270132e-02 -1.270475e+01 8.027266e-01 -1.013008e-01 -5.876803e-01 9.424026e+01
-5.846767e-01 5.776495e-02 -8.092073e-01 -1.758179e+02 1.144834e-01 9.933550e-01 -1.180747e-02 -1.272832e+01 8.031480e-01 -9.954439e-02 -5.874046e-01 9.363790e+01
-5.850451e-01 5.624256e-02 -8.090482e-01 -1.766955e+02 1.131839e-01 9.934918e-01 -1.278190e-02 -1.275121e+01 8.030639e-01 -9.904923e-02 -5.876033e-01 9.303011e+01
-5.844696e-01 5.019202e-02 -8.098618e-01 -1.776450e+02 1.102332e-01 9.937434e-01 -1.796596e-02 -1.276784e+01 8.038930e-01 -9.977419e-02 -5.863456e-01 9.235585e+01
-5.843982e-01 4.964109e-02 -8.099473e-01 -1.784561e+02 1.096544e-01 9.938030e-01 -1.820906e-02 -1.280406e+01 8.040241e-01 -9.945564e-02 -5.862200e-01 9.175707e+01
-5.828649e-01 5.206306e-02 -8.108994e-01 -1.792290e+02 1.093863e-01 9.938889e-01 -1.481384e-02 -1.286794e+01 8.051727e-01 -9.733575e-02 -5.849980e-01 9.115241e+01
-5.830193e-01 5.025698e-02 -8.109024e-01 -1.800397e+02 1.049873e-01 9.943770e-01 -1.385525e-02 -1.289619e+01 8.056464e-01 -9.321236e-02 -5.850173e-01 9.057868e+01
-5.827430e-01 4.958576e-02 -8.111423e-01 -1.808179e+02 1.029945e-01 9.945944e-01 -1.319322e-02 -1.292734e+01 8.061034e-01 -9.123143e-02 -5.847000e-01 9.002976e+01
-5.814563e-01 5.222888e-02 -8.118995e-01 -1.815893e+02 1.055480e-01 9.943463e-01 -1.162453e-02 -1.296213e+01 8.067021e-01 -9.245351e-02 -5.836815e-01 8.946955e+01
-5.817530e-01 5.220872e-02 -8.116882e-01 -1.823945e+02 1.063237e-01 9.942561e-01 -1.225260e-02 -1.299217e+01 8.063862e-01 -9.342968e-02 -5.839624e-01 8.890076e+01
-5.816050e-01 5.295038e-02 -8.117462e-01 -1.831278e+02 1.066957e-01 9.942241e-01 -1.159252e-02 -1.303097e+01 8.064439e-01 -9.335207e-02 -5.838953e-01 8.835125e+01
-5.816827e-01 5.336073e-02 -8.116637e-01 -1.838513e+02 1.064148e-01 9.942621e-01 -1.089747e-02 -1.305749e+01 8.064249e-01 -9.271188e-02 -5.840234e-01 8.783068e+01
-5.816479e-01 5.318548e-02 -8.117001e-01 -1.845546e+02 1.062264e-01 9.942815e-01 -1.097079e-02 -1.308254e+01 8.064749e-01 -9.260508e-02 -5.839714e-01 8.732391e+01
-5.816251e-01 5.343380e-02 -8.117001e-01 -1.852350e+02 1.063019e-01 9.942761e-01 -1.071814e-02 -1.311612e+01 8.064813e-01 -9.251922e-02 -5.839761e-01 8.681933e+01
-5.815491e-01 5.423427e-02 -8.117015e-01 -1.859300e+02 1.070536e-01 9.942002e-01 -1.027126e-02 -1.314578e+01 8.064367e-01 -9.286881e-02 -5.839822e-01 8.631972e+01
-5.816272e-01 5.437191e-02 -8.116363e-01 -1.865976e+02 1.068431e-01 9.942260e-01 -9.961214e-03 -1.317245e+01 8.064083e-01 -9.251146e-02 -5.840781e-01 8.582429e+01
-5.815077e-01 5.341912e-02 -8.117852e-01 -1.872523e+02 1.073276e-01 9.941576e-01 -1.146216e-02 -1.320838e+01 8.064301e-01 -9.379230e-02 -5.838437e-01 8.532874e+01
-5.813047e-01 5.347658e-02 -8.119268e-01 -1.879183e+02 1.090239e-01 9.939594e-01 -1.259052e-02 -1.324546e+01 8.063489e-01 -9.583839e-02 -5.836235e-01 8.483543e+01
-5.815267e-01 5.336953e-02 -8.117748e-01 -1.885855e+02 1.111225e-01 9.937042e-01 -1.427385e-02 -1.328438e+01 8.059023e-01 -9.850704e-02 -5.837961e-01 8.434834e+01
-5.825836e-01 5.159283e-02 -8.111317e-01 -1.892635e+02 1.110451e-01 9.936775e-01 -1.655271e-02 -1.331148e+01 8.051493e-01 -9.971556e-02 -5.846293e-01 8.389327e+01
-5.834251e-01 4.933783e-02 -8.106669e-01 -1.899028e+02 1.103882e-01 9.937076e-01 -1.896696e-02 -1.333717e+01 8.046301e-01 -1.005539e-01 -5.852003e-01 8.343270e+01
-5.843563e-01 4.764250e-02 -8.100975e-01 -1.905448e+02 1.099909e-01 9.937128e-01 -2.089983e-02 -1.336537e+01 8.040085e-01 -1.013163e-01 -5.859226e-01 8.298295e+01
-5.851220e-01 4.676671e-02 -8.095957e-01 -1.911630e+02 1.094314e-01 9.937578e-01 -2.168479e-02 -1.340316e+01 8.035279e-01 -1.012834e-01 -5.865873e-01 8.253022e+01
-5.859238e-01 4.731484e-02 -8.089837e-01 -1.917539e+02 1.102611e-01 9.936648e-01 -2.174276e-02 -1.343894e+01 8.028299e-01 -1.019391e-01 -5.874288e-01 8.208578e+01
-5.872032e-01 4.560744e-02 -8.081536e-01 -1.923334e+02 1.091409e-01 9.937551e-01 -2.321989e-02 -1.347788e+01 8.020478e-01 -1.018374e-01 -5.885138e-01 8.165765e+01
-5.897220e-01 4.367108e-02 -8.064247e-01 -1.928934e+02 1.067959e-01 9.939847e-01 -2.426951e-02 -1.351417e+01 8.005140e-01 -1.004352e-01 -5.908385e-01 8.123989e+01
-5.939680e-01 4.118598e-02 -8.034337e-01 -1.934394e+02 1.038906e-01 9.942531e-01 -2.583714e-02 -1.354403e+01 7.977523e-01 -9.881568e-02 -5.948333e-01 8.083576e+01
-5.998540e-01 3.939804e-02 -7.991389e-01 -1.939714e+02 1.020382e-01 9.943984e-01 -2.756803e-02 -1.357738e+01 7.935763e-01 -9.807951e-02 -6.005139e-01 8.042573e+01
-6.080404e-01 3.815634e-02 -7.929887e-01 -1.944888e+02 1.007562e-01 9.944765e-01 -2.940557e-02 -1.361476e+01 7.874866e-01 -9.777833e-02 -6.085263e-01 8.001050e+01
-6.177729e-01 3.700337e-02 -7.854854e-01 -1.949957e+02 9.987368e-02 9.944950e-01 -3.169962e-02 -1.365055e+01 7.799884e-01 -9.803249e-02 -6.180678e-01 7.960863e+01
-6.287498e-01 3.626508e-02 -7.767616e-01 -1.954901e+02 9.894736e-02 9.945232e-01 -3.366112e-02 -1.368503e+01 7.712866e-01 -9.802293e-02 -6.288946e-01 7.919723e+01
-6.421856e-01 3.561386e-02 -7.657214e-01 -1.959664e+02 9.781142e-02 9.945618e-01 -3.577398e-02 -1.371190e+01 7.602832e-01 -9.786984e-02 -6.421767e-01 7.880039e+01
-6.578293e-01 3.351068e-02 -7.524212e-01 -1.964233e+02 9.546570e-02 9.946620e-01 -3.916468e-02 -1.374631e+01 7.470923e-01 -9.759409e-02 -6.575169e-01 7.840028e+01
-6.752182e-01 3.223284e-02 -7.369135e-01 -1.968599e+02 9.356226e-02 9.947178e-01 -4.221983e-02 -1.378615e+01 7.316601e-01 -9.745488e-02 -6.746674e-01 7.798847e+01
-6.943428e-01 3.456614e-02 -7.188137e-01 -1.972736e+02 9.458587e-02 9.945641e-01 -4.353949e-02 -1.383015e+01 7.134014e-01 -9.822096e-02 -6.938380e-01 7.755817e+01
-7.148573e-01 4.030786e-02 -6.981077e-01 -1.976662e+02 9.791330e-02 9.942718e-01 -4.285451e-02 -1.386697e+01 6.923815e-01 -9.898888e-02 -7.147091e-01 7.713349e+01
-7.354361e-01 4.716467e-02 -6.759506e-01 -1.980192e+02 1.026738e-01 9.938125e-01 -4.236581e-02 -1.391583e+01 6.697700e-01 -1.005598e-01 -7.357282e-01 7.669416e+01
-7.573777e-01 5.397719e-02 -6.507422e-01 -1.983425e+02 1.062544e-01 9.934826e-01 -4.125949e-02 -1.394852e+01 6.442740e-01 -1.003932e-01 -7.581769e-01 7.626386e+01
-7.806865e-01 6.099190e-02 -6.219394e-01 -1.986492e+02 1.100254e-01 9.930943e-01 -4.071888e-02 -1.398809e+01 6.151609e-01 -1.002178e-01 -7.820060e-01 7.582044e+01
-8.056379e-01 6.516825e-02 -5.888130e-01 -1.989370e+02 1.117412e-01 9.928062e-01 -4.300777e-02 -1.402198e+01 5.817745e-01 -1.004434e-01 -8.071243e-01 7.539944e+01
-8.309267e-01 7.521635e-02 -5.512743e-01 -1.991942e+02 1.170112e-01 9.922847e-01 -4.098083e-02 -1.405638e+01 5.439387e-01 -9.855733e-02 -8.333170e-01 7.497110e+01
-8.545729e-01 8.821823e-02 -5.117839e-01 -1.994107e+02 1.239377e-01 9.916361e-01 -3.601795e-02 -1.409316e+01 5.043259e-01 -9.420928e-02 -8.583589e-01 7.453061e+01
-8.760407e-01 1.047647e-01 -4.707198e-01 -1.996132e+02 1.338903e-01 9.905801e-01 -2.871241e-02 -1.412897e+01 4.632776e-01 -8.817803e-02 -8.818154e-01 7.408617e+01
-8.957236e-01 1.173785e-01 -4.288375e-01 -1.997849e+02 1.406722e-01 9.897912e-01 -2.290650e-02 -1.415721e+01 4.217709e-01 -8.084339e-02 -9.030912e-01 7.363500e+01
-9.144143e-01 1.279839e-01 -3.840137e-01 -1.999431e+02 1.455645e-01 9.892038e-01 -1.693712e-02 -1.418261e+01 3.777001e-01 -7.138632e-02 -9.231720e-01 7.318119e+01
-9.322253e-01 1.329088e-01 -3.365876e-01 -2.000839e+02 1.464104e-01 9.891112e-01 -1.493170e-02 -1.419970e+01 3.309380e-01 -6.319962e-02 -9.415338e-01 7.272805e+01
-9.476576e-01 1.369104e-01 -2.884451e-01 -2.001914e+02 1.474175e-01 9.889619e-01 -1.491524e-02 -1.421283e+01 2.832191e-01 -5.665641e-02 -9.573803e-01 7.226601e+01
-9.608990e-01 1.398525e-01 -2.389861e-01 -2.002905e+02 1.481665e-01 9.888147e-01 -1.709208e-02 -1.423179e+01 2.339226e-01 -5.183350e-02 -9.708725e-01 7.179537e+01
-9.704983e-01 1.502501e-01 -1.885682e-01 -2.003564e+02 1.565955e-01 9.874776e-01 -1.912830e-02 -1.425173e+01 1.833328e-01 -4.809290e-02 -9.818738e-01 7.131626e+01
-9.769802e-01 1.628138e-01 -1.378456e-01 -2.003890e+02 1.673979e-01 9.856380e-01 -2.226398e-02 -1.426967e+01 1.322410e-01 -4.482653e-02 -9.902035e-01 7.081784e+01
-9.819209e-01 1.686915e-01 -8.587464e-02 -2.004029e+02 1.713379e-01 9.849104e-01 -2.438775e-02 -1.428904e+01 8.046483e-02 -3.866042e-02 -9.960074e-01 7.028214e+01
-9.852810e-01 1.677124e-01 -3.307499e-02 -2.003971e+02 1.685187e-01 9.854231e-01 -2.329777e-02 -1.431035e+01 2.868554e-02 -2.852860e-02 -9.991813e-01 6.981663e+01
-9.865698e-01 1.621625e-01 1.957703e-02 -2.003771e+02 1.617365e-01 9.865958e-01 -2.168130e-02 -1.433823e+01 -2.283051e-02 -1.822379e-02 -9.995732e-01 6.934715e+01
-9.845463e-01 1.601744e-01 7.080009e-02 -2.003145e+02 1.591722e-01 9.870560e-01 -1.961358e-02 -1.437243e+01 -7.302524e-02 -8.041074e-03 -9.972977e-01 6.888205e+01
-9.796228e-01 1.595541e-01 1.219904e-01 -2.002323e+02 1.584960e-01 9.871883e-01 -1.839186e-02 -1.439777e+01 -1.233620e-01 1.317905e-03 -9.923609e-01 6.840782e+01
-9.719128e-01 1.609657e-01 1.716846e-01 -2.001235e+02 1.604908e-01 9.868954e-01 -1.673580e-02 -1.442097e+01 -1.721287e-01 1.128807e-02 -9.850098e-01 6.797640e+01
-9.619420e-01 1.595480e-01 2.218379e-01 -1.999933e+02 1.601839e-01 9.869695e-01 -1.524278e-02 -1.443581e+01 -2.213792e-01 2.087219e-02 -9.749644e-01 6.753309e+01
-9.500521e-01 1.537503e-01 2.715914e-01 -1.998592e+02 1.557593e-01 9.876918e-01 -1.428078e-02 -1.445119e+01 -2.704443e-01 2.873539e-02 -9.623067e-01 6.712488e+01
-9.364571e-01 1.503036e-01 3.169493e-01 -1.996952e+02 1.539486e-01 9.879844e-01 -1.366586e-02 -1.447383e+01 -3.151950e-01 3.599640e-02 -9.483440e-01 6.670846e+01
-9.206980e-01 1.530827e-01 3.589998e-01 -1.994992e+02 1.572431e-01 9.874000e-01 -1.777284e-02 -1.449547e+01 -3.571971e-01 4.008683e-02 -9.331684e-01 6.629614e+01
-9.043012e-01 1.543573e-01 3.980115e-01 -1.992759e+02 1.580387e-01 9.871469e-01 -2.376496e-02 -1.452031e+01 -3.965641e-01 4.141053e-02 -9.170726e-01 6.587268e+01
-8.891285e-01 1.511643e-01 4.319720e-01 -1.990112e+02 1.546112e-01 9.875964e-01 -2.736309e-02 -1.457543e+01 -4.307503e-01 4.245840e-02 -9.014718e-01 6.543212e+01
-8.750838e-01 1.460319e-01 4.614142e-01 -1.987337e+02 1.497635e-01 9.883036e-01 -2.875551e-02 -1.462837e+01 -4.602165e-01 4.393954e-02 -8.867187e-01 6.499955e+01
-8.613081e-01 1.449887e-01 4.869565e-01 -1.984102e+02 1.493637e-01 9.883247e-01 -3.008017e-02 -1.467343e+01 -4.856324e-01 4.682532e-02 -8.729081e-01 6.452871e+01
-8.486505e-01 1.449617e-01 5.087027e-01 -1.981078e+02 1.499239e-01 9.881960e-01 -3.148710e-02 -1.469450e+01 -5.072624e-01 4.954516e-02 -8.603663e-01 6.410162e+01
-8.373602e-01 1.464845e-01 5.266594e-01 -1.978031e+02 1.523824e-01 9.877883e-01 -3.246252e-02 -1.472010e+01 -5.249833e-01 5.307080e-02 -8.494563e-01 6.364351e+01
-8.279647e-01 1.474441e-01 5.410496e-01 -1.974815e+02 1.542728e-01 9.874764e-01 -3.301925e-02 -1.474290e+01 -5.391422e-01 5.613049e-02 -8.403422e-01 6.315522e+01
-8.201957e-01 1.485746e-01 5.524533e-01 -1.970666e+02 1.562381e-01 9.871504e-01 -3.352264e-02 -1.478221e+01 -5.503351e-01 5.881911e-02 -8.328695e-01 6.255610e+01
-8.135171e-01 1.512361e-01 5.615314e-01 -1.967271e+02 1.593129e-01 9.866104e-01 -3.491763e-02 -1.482303e+01 -5.592936e-01 6.105310e-02 -8.267184e-01 6.205951e+01
-8.081695e-01 1.533466e-01 5.686359e-01 -1.963983e+02 1.627669e-01 9.860583e-01 -3.458341e-02 -1.484726e+01 -5.660114e-01 6.460587e-02 -8.218620e-01 6.160564e+01
-8.038953e-01 1.526388e-01 5.748511e-01 -1.960732e+02 1.636270e-01 9.859709e-01 -3.297966e-02 -1.487015e+01 -5.718204e-01 6.754898e-02 -8.175932e-01 6.113200e+01
-8.009237e-01 1.502981e-01 5.795962e-01 -1.957354e+02 1.624025e-01 9.862272e-01 -3.132537e-02 -1.489463e+01 -5.763217e-01 6.903861e-02 -8.143015e-01 6.065783e+01
-7.988587e-01 1.463421e-01 5.834456e-01 -1.954093e+02 1.596910e-01 9.867454e-01 -2.884892e-02 -1.492130e+01 -5.799340e-01 7.012481e-02 -8.116397e-01 6.017465e+01
-7.961532e-01 1.488948e-01 5.864900e-01 -1.950664e+02 1.626777e-01 9.862368e-01 -2.954714e-02 -1.495043e+01 -5.828174e-01 7.188480e-02 -8.094174e-01 5.969971e+01
-7.940970e-01 1.533720e-01 5.881216e-01 -1.946940e+02 1.672313e-01 9.854245e-01 -3.118170e-02 -1.498077e+01 -5.843318e-01 7.359105e-02 -8.081712e-01 5.923022e+01
-7.926416e-01 1.565150e-01 5.892558e-01 -1.943107e+02 1.697313e-01 9.849277e-01 -3.329596e-02 -1.501613e+01 -5.855857e-01 7.362341e-02 -8.072602e-01 5.874561e+01
-7.925203e-01 1.525358e-01 5.904612e-01 -1.939362e+02 1.663108e-01 9.855738e-01 -3.138332e-02 -1.502644e+01 -5.867302e-01 7.332814e-02 -8.064556e-01 5.824058e+01
-7.935409e-01 1.549702e-01 5.884531e-01 -1.932999e+02 1.686805e-01 9.851521e-01 -3.197257e-02 -1.512069e+01 -5.846706e-01 7.388901e-02 -8.078990e-01 5.755136e+01
-7.943797e-01 1.544682e-01 5.874525e-01 -1.928656e+02 1.690494e-01 9.851374e-01 -3.044154e-02 -1.514625e+01 -5.834237e-01 7.512635e-02 -8.086859e-01 5.699863e+01
-7.943262e-01 1.585864e-01 5.864267e-01 -1.923679e+02 1.748186e-01 9.841631e-01 -2.935046e-02 -1.518993e+01 -5.817941e-01 7.920445e-02 -8.094704e-01 5.642270e+01
-7.939646e-01 1.602690e-01 5.864589e-01 -1.919616e+02 1.804700e-01 9.832781e-01 -2.438748e-02 -1.520851e+01 -5.805607e-01 8.647542e-02 -8.096118e-01 5.585050e+01
-7.940690e-01 1.613272e-01 5.860273e-01 -1.915063e+02 1.836813e-01 9.827474e-01 -2.165138e-02 -1.524832e+01 -5.794098e-01 9.044957e-02 -8.100020e-01 5.523532e+01
-7.944404e-01 1.596885e-01 5.859728e-01 -1.910848e+02 1.822967e-01 9.830248e-01 -2.074141e-02 -1.527300e+01 -5.793379e-01 9.034311e-02 -8.100653e-01 5.464050e+01
