9.999956e-01 2.912142e-03 6.297091e-04 -2.098063e-02 -2.913380e-03 9.999938e-01 1.974188e-03 -2.425470e-02 -6.239561e-04 -1.976013e-03 9.999979e-01 7.814182e-01
9.999841e-01 5.593725e-03 7.719459e-04 -2.301762e-02 -5.595725e-03 9.999809e-01 2.613531e-03 -5.265452e-02 -7.573118e-04 -2.617809e-03 9.999963e-01 1.562585e+00
9.999770e-01 6.610101e-03 1.516318e-03 -4.164834e-02 -6.613821e-03 9.999751e-01 2.461450e-03 -7.771199e-02 -1.500010e-03 -2.471422e-03 9.999958e-01 2.312577e+00
9.999605e-01 8.733405e-03 1.666485e-03 -4.891271e-02 -8.736349e-03 9.999603e-01 1.767433e-03 -9.084803e-02 -1.650984e-03 -1.781922e-03 9.999970e-01 3.055575e+00
9.999612e-01 8.569733e-03 2.031306e-03 -4.929164e-02 -8.572512e-03 9.999623e-01 1.363261e-03 -1.018063e-01 -2.019547e-03 -1.380621e-03 9.999970e-01 3.791591e+00
9.999574e-01 8.978252e-03 2.148635e-03 -5.001608e-02 -8.983353e-03 9.999568e-01 2.376275e-03 -1.142095e-01 -2.127208e-03 -2.395476e-03 9.999949e-01 4.512895e+00
9.999481e-01 9.740334e-03 2.982362e-03 -5.902069e-02 -9.754116e-03 9.999417e-01 4.641970e-03 -1.223503e-01 -2.936973e-03 -4.670820e-03 9.999848e-01 5.206886e+00
9.999523e-01 9.194242e-03 3.285505e-03 -3.170746e-02 -9.222975e-03 9.999184e-01 8.839904e-03 -1.360604e-01 -3.203961e-03 -8.869785e-03 9.999555e-01 5.892442e+00
9.999564e-01 8.263549e-03 4.358226e-03 -2.717308e-02 -8.318027e-03 9.998856e-01 1.263369e-02 -1.557157e-01 -4.253328e-03 -1.266939e-02 9.999107e-01 6.551460e+00
9.999569e-01 7.698482e-03 5.181494e-03 -2.369206e-02 -7.772475e-03 9.998659e-01 1.441474e-02 -1.557085e-01 -5.069828e-03 -1.445439e-02 9.998827e-01 7.184783e+00
9.999505e-01 7.782996e-03 6.199622e-03 -1.604896e-02 -7.871953e-03 9.998645e-01 1.445596e-02 -1.672401e-01 -6.086272e-03 -1.450405e-02 9.998763e-01 7.794345e+00
9.999393e-01 8.219038e-03 7.335862e-03 -9.598065e-03 -8.306938e-03 9.998931e-01 1.203327e-02 -1.834817e-01 -7.236176e-03 -1.209348e-02 9.999007e-01 8.355207e+00
9.999352e-01 8.126910e-03 7.974218e-03 2.071969e-03 -8.201082e-03 9.999230e-01 9.313225e-03 -1.941033e-01 -7.897916e-03 -9.378018e-03 9.999248e-01 8.893829e+00
9.999308e-01 6.328419e-03 9.913501e-03 2.918289e-03 -6.404260e-03 9.999503e-01 7.637291e-03 -1.993722e-01 -9.864676e-03 -7.700251e-03 9.999217e-01 9.403647e+00
9.999291e-01 2.607087e-03 1.161764e-02 2.110655e-02 -2.670062e-03 9.999818e-01 5.408384e-03 -2.105913e-01 -1.160333e-02 -5.439020e-03 9.999179e-01 9.884432e+00
9.999119e-01 6.900245e-04 1.325698e-02 3.958621e-02 -7.557478e-04 9.999874e-01 4.953265e-03 -2.405932e-01 -1.325340e-02 -4.962847e-03 9.998999e-01 1.034270e+01
9.998741e-01 4.299776e-03 1.527086e-02 4.585454e-02 -4.347491e-03 9.999858e-01 3.092765e-03 -2.618519e-01 -1.525735e-02 -3.158766e-03 9.998786e-01 1.076174e+01
9.997989e-01 8.487852e-03 1.816978e-02 5.442020e-02 -8.534059e-03 9.999605e-01 2.467006e-03 -2.736146e-01 -1.814812e-02 -2.621572e-03 9.998319e-01 1.115087e+01
9.997334e-01 8.819043e-03 2.133838e-02 6.802950e-02 -8.902019e-03 9.999532e-01 3.796718e-03 -2.904499e-01 -2.130390e-02 -3.985661e-03 9.997651e-01 1.151273e+01
9.997045e-01 4.696995e-03 2.384911e-02 1.017643e-01 -4.801501e-03 9.999791e-01 4.326588e-03 -2.955086e-01 -2.382829e-02 -4.439821e-03 9.997062e-01 1.184399e+01
9.996581e-01 -8.234304e-05 2.614530e-02 1.242827e-01 -4.605111e-05 9.999879e-01 4.910153e-03 -3.175892e-01 -2.614539e-02 -4.909679e-03 9.996461e-01 1.214026e+01
9.995950e-01 -3.301210e-03 2.826527e-02 1.400570e-01 3.138212e-03 9.999782e-01 5.809140e-03 -3.136558e-01 -2.828383e-02 -5.718085e-03 9.995836e-01 1.239831e+01
9.995107e-01 -3.524256e-03 3.107874e-02 1.464876e-01 3.300520e-03 9.999683e-01 7.247341e-03 -3.278231e-01 -3.110330e-02 -7.141219e-03 9.994907e-01 1.262685e+01
9.994451e-01 -3.054618e-03 3.316727e-02 1.526615e-01 2.844848e-03 9.999757e-01 6.369947e-03 -3.375634e-01 -3.318592e-02 -6.272057e-03 9.994295e-01 1.284060e+01
9.993760e-01 -1.948188e-03 3.526785e-02 1.611957e-01 1.790006e-03 9.999882e-01 4.516200e-03 -3.372835e-01 -3.527623e-02 -4.450252e-03 9.993677e-01 1.302792e+01
9.992935e-01 3.449759e-04 3.758246e-02 1.702735e-01 -4.900618e-04 9.999925e-01 3.851327e-03 -3.470091e-01 -3.758084e-02 -3.867024e-03 9.992861e-01 1.320778e+01
9.992357e-01 3.190309e-03 3.895917e-02 1.814767e-01 -3.289248e-03 9.999915e-01 2.475738e-03 -3.419650e-01 -3.895094e-02 -2.601992e-03 9.992377e-01 1.337180e+01
9.991699e-01 4.079976e-03 4.053156e-02 1.803765e-01 -4.127608e-03 9.999909e-01 1.091585e-03 -3.502224e-01 -4.052674e-02 -1.257977e-03 9.991777e-01 1.352937e+01
9.991175e-01 3.254387e-03 4.187646e-02 1.993420e-01 -3.242021e-03 9.999947e-01 -3.632239e-04 -3.596269e-01 -4.187742e-02 2.271390e-04 9.991227e-01 1.368990e+01
9.990763e-01 1.670883e-03 4.294000e-02 2.152914e-01 -1.591832e-03 9.999970e-01 -1.875104e-03 -3.648747e-01 -4.294300e-02 1.805019e-03 9.990759e-01 1.384088e+01
9.990232e-01 5.779286e-04 4.418462e-02 2.230094e-01 -4.582410e-04 9.999962e-01 -2.718889e-03 -3.743950e-01 -4.418602e-02 2.695986e-03 9.990197e-01 1.398436e+01
9.989616e-01 1.118782e-03 4.554572e-02 2.318603e-01 -9.431838e-04 9.999920e-01 -3.876741e-03 -3.841304e-01 -4.554970e-02 3.829758e-03 9.989547e-01 1.411883e+01
9.988930e-01 1.741043e-03 4.700727e-02 2.308633e-01 -1.488407e-03 9.999843e-01 -5.408882e-03 -3.978735e-01 -4.701594e-02 5.332929e-03 9.988799e-01 1.424511e+01
9.988681e-01 1.569980e-03 4.753937e-02 2.434094e-01 -1.209181e-03 9.999703e-01 -7.617297e-03 -4.045273e-01 -4.754991e-02 7.551191e-03 9.988403e-01 1.437341e+01
9.988486e-01 7.596434e-04 4.796675e-02 2.545056e-01 -2.770382e-04 9.999493e-01 -1.006709e-02 -4.066730e-01 -4.797196e-02 1.004221e-02 9.987982e-01 1.450185e+01
9.989146e-01 -3.984020e-04 4.657740e-02 2.801721e-01 9.665161e-04 9.999254e-01 -1.217532e-02 -4.086134e-01 -4.656908e-02 1.220712e-02 9.988405e-01 1.463534e+01
9.990239e-01 -1.175781e-03 4.415802e-02 2.928326e-01 1.772748e-03 9.999075e-01 -1.348215e-02 -4.123340e-01 -4.413809e-02 1.354728e-02 9.989336e-01 1.476671e+01
9.991709e-01 -1.091626e-03 4.069857e-02 3.000653e-01 1.706085e-03 9.998850e-01 -1.506613e-02 -4.080781e-01 -4.067745e-02 1.512308e-02 9.990579e-01 1.489978e+01
9.993419e-01 -6.899924e-04 3.626649e-02 3.082792e-01 1.289808e-03 9.998627e-01 -1.651832e-02 -4.095909e-01 -3.625012e-02 1.655422e-02 9.992056e-01 1.503371e+01
9.995405e-01 -7.270837e-04 3.030154e-02 3.083827e-01 1.280564e-03 9.998326e-01 -1.825036e-02 -4.015178e-01 -3.028320e-02 1.828077e-02 9.993742e-01 1.516041e+01
9.997389e-01 -1.518742e-03 2.279800e-02 3.239423e-01 1.955172e-03 9.998150e-01 -1.913328e-02 -4.054012e-01 -2.276472e-02 1.917286e-02 9.995570e-01 1.529970e+01
9.998803e-01 -1.515905e-03 1.539901e-02 3.196913e-01 1.823652e-03 9.997985e-01 -1.999052e-02 -4.063092e-01 -1.536560e-02 2.001620e-02 9.996816e-01 1.542946e+01
9.999757e-01 -2.083518e-03 6.655707e-03 3.223588e-01 2.225226e-03 9.997695e-01 -2.135521e-02 -4.098273e-01 -6.609678e-03 2.136950e-02 9.997498e-01 1.556215e+01
9.999897e-01 -3.122812e-03 -3.283623e-03 3.083307e-01 3.048187e-03 9.997424e-01 -2.249084e-02 -4.162549e-01 3.353012e-03 2.248060e-02 9.997417e-01 1.569996e+01
9.998466e-01 -5.382946e-03 -1.666606e-02 3.028043e-01 4.981147e-03 9.996982e-01 -2.405716e-02 -4.275032e-01 1.679053e-02 2.397046e-02 9.995717e-01 1.584728e+01
9.994172e-01 -6.780845e-03 -3.345488e-02 2.909223e-01 5.934039e-03 9.996611e-01 -2.534655e-02 -4.441616e-01 3.361542e-02 2.513325e-02 9.991188e-01 1.600527e+01
9.985592e-01 -6.827495e-03 -5.322537e-02 2.731123e-01 5.400631e-03 9.996234e-01 -2.690584e-02 -4.412994e-01 5.338902e-02 2.657963e-02 9.982200e-01 1.617729e+01
9.971052e-01 -7.102510e-03 -7.570208e-02 2.481414e-01 5.067051e-03 9.996213e-01 -2.704599e-02 -4.411609e-01 7.586551e-02 2.658411e-02 9.967636e-01 1.637114e+01
9.950657e-01 -7.476490e-03 -9.893630e-02 1.929619e-01 4.958083e-03 9.996580e-01 -2.567628e-02 -4.485582e-01 9.909444e-02 2.505905e-02 9.947625e-01 1.657720e+01
9.920374e-01 -7.977240e-03 -1.256908e-01 1.341297e-01 4.966638e-03 9.996936e-01 -2.424765e-02 -4.600495e-01 1.258457e-01 2.343031e-02 9.917731e-01 1.679993e+01
9.876803e-01 -8.105399e-03 -1.562755e-01 7.367616e-02 4.647352e-03 9.997365e-01 -2.248059e-02 -4.679134e-01 1.564165e-01 2.147737e-02 9.874576e-01 1.703652e+01
9.818357e-01 -9.284807e-03 -1.895055e-01 -6.161030e-03 5.635015e-03 9.997883e-01 -1.978930e-02 -4.696545e-01 1.896492e-01 1.836197e-02 9.816802e-01 1.728741e+01
9.740190e-01 -9.312381e-03 -2.262749e-01 -1.009007e-01 5.856819e-03 9.998558e-01 -1.593807e-02 -4.792676e-01 2.263907e-01 1.419873e-02 9.739331e-01 1.754690e+01
9.638504e-01 -9.281548e-03 -2.662824e-01 -2.056785e-01 6.669458e-03 9.999204e-01 -1.071212e-02 -4.939297e-01 2.663606e-01 8.548923e-03 9.638355e-01 1.781819e+01
9.513918e-01 -5.890181e-03 -3.079269e-01 -3.139482e-01 4.341170e-03 9.999742e-01 -5.715240e-03 -5.009796e-01 3.079526e-01 4.100670e-03 9.513929e-01 1.807149e+01
9.366409e-01 -3.640698e-03 -3.502720e-01 -4.541195e-01 3.468903e-03 9.999934e-01 -1.117867e-03 -5.127944e-01 3.502738e-01 -1.680193e-04 9.366473e-01 1.835291e+01
9.193823e-01 -2.615935e-03 -3.933566e-01 -5.971626e-01 4.476384e-03 9.999827e-01 3.812364e-03 -5.227522e-01 3.933398e-01 -5.265835e-03 9.193781e-01 1.861977e+01
8.993811e-01 -1.844867e-03 -4.371615e-01 -7.788317e-01 6.960005e-03 9.999248e-01 1.009917e-02 -5.313422e-01 4.371100e-01 -1.212565e-02 8.993263e-01 1.892198e+01
8.771494e-01 2.781132e-04 -4.802175e-01 -9.628194e-01 8.403068e-03 9.998378e-01 1.592781e-02 -5.335432e-01 4.801441e-01 -1.800637e-02 8.770048e-01 1.917528e+01
8.520050e-01 5.014036e-03 -5.235097e-01 -1.192545e+00 6.984902e-03 9.997563e-01 2.094323e-02 -5.437672e-01 5.234871e-01 -2.150040e-02 8.517623e-01 1.945254e+01
8.236421e-01 8.701754e-03 -5.670432e-01 -1.415532e+00 6.347103e-03 9.996782e-01 2.456020e-02 -5.547624e-01 5.670744e-01 -2.382790e-02 8.233218e-01 1.970184e+01
7.921194e-01 1.398441e-02 -6.102060e-01 -1.661532e+00 3.584079e-03 9.996137e-01 2.756123e-02 -5.553504e-01 6.103557e-01 -2.401881e-02 7.917632e-01 1.997190e+01
7.579035e-01 1.768139e-02 -6.521271e-01 -1.930987e+00 2.506442e-03 9.995463e-01 3.001411e-02 -5.470888e-01 6.523619e-01 -2.438232e-02 7.575153e-01 2.022777e+01
7.200201e-01 2.178968e-02 -6.936110e-01 -2.226109e+00 2.222695e-03 9.994294e-01 3.370424e-02 -5.411759e-01 6.939496e-01 -2.580942e-02 7.195608e-01 2.049901e+01
6.799024e-01 2.357687e-02 -7.329235e-01 -2.529774e+00 2.985936e-03 9.993857e-01 3.491843e-02 -5.287682e-01 7.332965e-01 -2.592959e-02 6.794144e-01 2.075290e+01
6.381125e-01 2.394014e-02 -7.695709e-01 -2.862894e+00 3.883609e-03 9.994037e-01 3.431009e-02 -5.179161e-01 7.699333e-01 -2.488241e-02 6.376390e-01 2.099925e+01
5.942574e-01 2.289597e-02 -8.039490e-01 -3.202029e+00 6.633300e-03 9.994212e-01 3.336606e-02 -5.234038e-01 8.042476e-01 -2.516086e-02 5.937615e-01 2.122583e+01
5.486489e-01 2.195199e-02 -8.357646e-01 -3.597182e+00 8.892509e-03 9.994455e-01 3.208880e-02 -5.026326e-01 8.360056e-01 -2.503753e-02 5.481494e-01 2.145912e+01
5.012551e-01 2.363257e-02 -8.649768e-01 -4.016574e+00 9.822991e-03 9.994071e-01 3.299786e-02 -4.914464e-01 8.652438e-01 -2.503701e-02 5.007258e-01 2.166387e+01
4.506505e-01 2.734568e-02 -8.922815e-01 -4.468081e+00 6.984611e-03 9.993921e-01 3.415589e-02 -4.754248e-01 8.926731e-01 -2.162461e-02 4.501856e-01 2.186444e+01
3.969824e-01 2.584013e-02 -9.174624e-01 -4.945472e+00 7.944612e-03 9.994694e-01 3.158744e-02 -4.608570e-01 9.177918e-01 -1.982854e-02 3.965665e-01 2.205594e+01
3.422685e-01 2.418374e-02 -9.392909e-01 -5.415705e+00 9.262074e-03 9.995333e-01 2.910980e-02 -4.543571e-01 9.395565e-01 -1.866315e-02 3.418848e-01 2.221385e+01
2.874829e-01 2.501531e-02 -9.574591e-01 -5.919960e+00 8.075088e-03 9.995600e-01 2.853987e-02 -4.387851e-01 9.577517e-01 -1.593629e-02 2.871544e-01 2.234089e+01
2.333144e-01 2.789312e-02 -9.720012e-01 -6.452647e+00 1.293624e-02 9.994110e-01 3.178484e-02 -4.228426e-01 9.723153e-01 -1.998991e-02 2.328162e-01 2.244208e+01
1.809720e-01 2.848838e-02 -9.830756e-01 -7.006265e+00 1.838051e-02 9.993078e-01 3.234239e-02 -4.061840e-01 9.833165e-01 -2.392250e-02 1.803231e-01 2.253153e+01
1.319047e-01 2.687543e-02 -9.908980e-01 -7.580711e+00 2.052557e-02 9.993440e-01 2.983679e-02 -3.904185e-01 9.910499e-01 -2.427436e-02 1.312666e-01 2.259444e+01
8.683816e-02 2.774776e-02 -9.958359e-01 -8.187729e+00 2.207691e-02 9.993129e-01 2.976977e-02 -3.888985e-01 9.959778e-01 -2.457013e-02 8.616592e-02 2.263843e+01
4.555619e-02 3.074217e-02 -9.984886e-01 -8.845687e+00 2.029052e-02 9.992917e-01 3.169265e-02 -3.894613e-01 9.987557e-01 -2.170365e-02 4.490014e-02 2.266673e+01
9.610339e-03 3.594643e-02 -9.993075e-01 -9.495272e+00 1.562183e-02 9.992263e-01 3.609375e-02 -3.742478e-01 9.998318e-01 -1.595789e-02 9.041354e-03 2.266394e+01
-1.909445e-02 3.988377e-02 -9.990219e-01 -1.017366e+01 1.561120e-02 9.990941e-01 3.958828e-02 -3.504937e-01 9.996958e-01 -1.484001e-02 -1.969979e-02 2.262976e+01
-4.013457e-02 4.288140e-02 -9.982737e-01 -1.087750e+01 1.974978e-02 9.989175e-01 4.211503e-02 -3.276696e-01 9.989991e-01 -1.802541e-02 -4.093802e-02 2.258786e+01
-5.347917e-02 4.217948e-02 -9.976777e-01 -1.163859e+01 2.543737e-02 9.988408e-01 4.086512e-02 -2.980802e-01 9.982449e-01 -2.319287e-02 -5.449011e-02 2.254690e+01
-6.135123e-02 4.354856e-02 -9.971658e-01 -1.240759e+01 2.794351e-02 9.987311e-01 4.189768e-02 -2.790884e-01 9.977250e-01 -2.529383e-02 -6.249028e-02 2.249087e+01
-6.540750e-02 4.253081e-02 -9.969518e-01 -1.320778e+01 2.516045e-02 9.988439e-01 4.096081e-02 -2.638812e-01 9.975414e-01 -2.240461e-02 -6.640198e-02 2.243374e+01
-6.518734e-02 3.479248e-02 -9.972663e-01 -1.400450e+01 2.066121e-02 9.992248e-01 3.351026e-02 -2.503983e-01 9.976591e-01 -1.842029e-02 -6.585566e-02 2.238532e+01
-6.165131e-02 2.298847e-02 -9.978330e-01 -1.482134e+01 1.767341e-02 9.996031e-01 2.193729e-02 -2.153701e-01 9.979413e-01 -1.628264e-02 -6.203313e-02 2.234585e+01
-5.617730e-02 2.240293e-02 -9.981694e-01 -1.566076e+01 1.767743e-02 9.996138e-01 2.144046e-02 -2.018492e-01 9.982643e-01 -1.644060e-02 -5.655163e-02 2.231136e+01
-5.048978e-02 2.445118e-02 -9.984252e-01 -1.652384e+01 1.633072e-02 9.995868e-01 2.365379e-02 -1.932128e-01 9.985911e-01 -1.511073e-02 -5.086823e-02 2.224776e+01
-4.787429e-02 1.995980e-02 -9.986539e-01 -1.741550e+01 1.016787e-02 9.997583e-01 1.949443e-02 -2.020517e-01 9.988016e-01 -9.220897e-03 -4.806566e-02 2.222219e+01
-4.590739e-02 2.193825e-02 -9.987048e-01 -1.831178e+01 -4.410421e-04 9.997583e-01 2.198167e-02 -1.995064e-01 9.989456e-01 1.449592e-03 -4.588661e-02 2.218887e+01
-4.524473e-02 2.945947e-02 -9.985415e-01 -1.923646e+01 -7.937665e-03 9.995229e-01 2.984808e-02 -1.942607e-01 9.989444e-01 9.276556e-03 -4.498930e-02 2.213848e+01
-4.668148e-02 3.508337e-02 -9.982935e-01 -2.017382e+01 -1.052499e-02 9.993103e-01 3.561127e-02 -1.662701e-01 9.988544e-01 1.216942e-02 -4.628003e-02 2.208088e+01
-4.976732e-02 4.462850e-02 -9.977633e-01 -2.111277e+01 -3.962557e-03 9.989845e-01 4.488077e-02 -1.269312e-01 9.987530e-01 6.187289e-03 -4.953994e-02 2.200866e+01
-5.431390e-02 4.974516e-02 -9.972840e-01 -2.209255e+01 4.625980e-03 9.987601e-01 4.956685e-02 -8.851487e-02 9.985132e-01 -1.921247e-03 -5.447668e-02 2.194118e+01
-5.853527e-02 5.184076e-02 -9.969384e-01 -2.312528e+01 1.410992e-02 9.985939e-01 5.109838e-02 -3.656121e-02 9.981856e-01 -1.107566e-02 -5.918443e-02 2.186814e+01
-5.994304e-02 5.378110e-02 -9.967519e-01 -2.417394e+01 2.391978e-02 9.983382e-01 5.242819e-02 1.608050e-02 9.979152e-01 -2.069938e-02 -6.112986e-02 2.179525e+01
-6.088980e-02 5.149782e-02 -9.968151e-01 -2.522301e+01 3.151134e-02 9.982696e-01 4.964811e-02 5.664289e-02 9.976470e-01 -2.838791e-02 -6.240720e-02 2.172077e+01
-6.247454e-02 5.083707e-02 -9.967510e-01 -2.626839e+01 3.196164e-02 9.982916e-01 4.891234e-02 1.001918e-01 9.975347e-01 -2.880202e-02 -6.399264e-02 2.164533e+01
-6.419499e-02 5.195701e-02 -9.965839e-01 -2.730431e+01 2.910124e-02 9.983165e-01 5.017278e-02 1.379656e-01 9.975130e-01 -2.578099e-02 -6.559893e-02 2.156468e+01
-6.728479e-02 5.224879e-02 -9.963648e-01 -2.832236e+01 2.414384e-02 9.984207e-01 5.072616e-02 1.794924e-01 9.974416e-01 -2.064297e-02 -6.844001e-02 2.149025e+01
-7.234151e-02 5.181798e-02 -9.960329e-01 -2.938127e+01 1.904980e-02 9.985391e-01 5.056478e-02 2.153248e-01 9.971980e-01 -1.531629e-02 -7.322295e-02 2.140764e+01
-7.818179e-02 5.184449e-02 -9.955902e-01 -3.040131e+01 1.456719e-02 9.985997e-01 5.085728e-02 2.466361e-01 9.968327e-01 -1.052684e-02 -7.882754e-02 2.131955e+01
-8.534020e-02 5.310179e-02 -9.949358e-01 -3.142658e+01 1.294914e-02 9.985535e-01 5.218416e-02 2.811408e-01 9.962677e-01 -8.430160e-03 -8.590438e-02 2.123761e+01
-9.191897e-02 5.358737e-02 -9.943235e-01 -3.250192e+01 1.507998e-02 9.985113e-01 5.241901e-02 3.341087e-01 9.956523e-01 -1.017608e-02 -9.259022e-02 2.113068e+01
-9.828244e-02 5.600187e-02 -9.935816e-01 -3.361888e+01 2.023030e-02 9.983215e-01 5.426790e-02 3.792919e-01 9.949529e-01 -1.476687e-02 -9.925041e-02 2.101809e+01
-1.041259e-01 5.905770e-02 -9.928091e-01 -3.471236e+01 2.354239e-02 9.981021e-01 5.690342e-02 4.233206e-01 9.942854e-01 -1.744798e-02 -1.053186e-01 2.088672e+01
-1.081835e-01 6.268182e-02 -9.921529e-01 -3.579507e+01 2.645598e-02 9.978383e-01 6.015628e-02 4.640889e-01 9.937789e-01 -1.974046e-02 -1.096079e-01 2.073783e+01
-1.102575e-01 6.747006e-02 -9.916103e-01 -3.687434e+01 2.857224e-02 9.974960e-01 6.469358e-02 5.149286e-01 9.934923e-01 -2.119957e-02 -1.119092e-01 2.059405e+01
-1.109815e-01 7.161155e-02 -9.912391e-01 -3.796794e+01 3.059233e-02 9.971740e-01 6.861513e-02 5.696097e-01 9.933515e-01 -2.270930e-02 -1.128587e-01 2.043405e+01
-1.121907e-01 7.266329e-02 -9.910264e-01 -3.904174e+01 3.070597e-02 9.971000e-01 6.963250e-02 6.179947e-01 9.932122e-01 -2.261831e-02 -1.140966e-01 2.029129e+01
-1.138860e-01 7.294865e-02 -9.908120e-01 -4.013432e+01 2.972210e-02 9.971044e-01 6.999561e-02 6.851514e-01 9.930491e-01 -2.147749e-02 -1.157244e-01 2.015444e+01
-1.149702e-01 7.387146e-02 -9.906184e-01 -4.120949e+01 2.935172e-02 9.970483e-01 7.094442e-02 7.368684e-01 9.929352e-01 -2.091986e-02 -1.167991e-01 2.001803e+01
-1.159651e-01 7.630186e-02 -9.903182e-01 -4.231373e+01 2.871435e-02 9.968858e-01 7.344546e-02 8.054549e-01 9.928382e-01 -1.991923e-02 -1.177949e-01 1.988786e+01
-1.164272e-01 8.058895e-02 -9.899243e-01 -4.341372e+01 2.730122e-02 9.965857e-01 7.792029e-02 8.632598e-01 9.928239e-01 -1.795411e-02 -1.182298e-01 1.974230e+01
-1.163070e-01 8.589177e-02 -9.894924e-01 -4.449953e+01 2.360717e-02 9.962113e-01 8.370015e-02 9.228155e-01 9.929327e-01 -1.362421e-02 -1.178940e-01 1.959614e+01
-1.157242e-01 8.700156e-02 -9.894638e-01 -4.561691e+01 2.351266e-02 9.961174e-01 8.483664e-02 9.945807e-01 9.930031e-01 -1.344727e-02 -1.173206e-01 1.946413e+01
-1.135508e-01 8.800438e-02 -9.896269e-01 -4.672315e+01 2.792983e-02 9.959584e-01 8.536272e-02 1.074423e+00 9.931395e-01 -1.794711e-02 -1.155498e-01 1.931138e+01
-1.119903e-01 8.800757e-02 -9.898044e-01 -4.785741e+01 3.114580e-02 9.958919e-01 8.502487e-02 1.151305e+00 9.932211e-01 -2.130629e-02 -1.142713e-01 1.918600e+01
-1.105444e-01 8.607128e-02 -9.901372e-01 -4.897586e+01 2.989221e-02 9.960802e-01 8.325057e-02 1.244795e+00 9.934216e-01 -2.039450e-02 -1.126840e-01 1.904307e+01
-1.075999e-01 8.576625e-02 -9.904880e-01 -5.009387e+01 2.869072e-02 9.961250e-01 8.313759e-02 1.330259e+00 9.937802e-01 -1.947221e-02 -1.096437e-01 1.889263e+01
-1.025352e-01 8.947044e-02 -9.906975e-01 -5.123728e+01 3.018615e-02 9.957680e-01 8.680415e-02 1.399686e+00 9.942713e-01 -2.100486e-02 -1.048021e-01 1.873117e+01
-9.608851e-02 9.379001e-02 -9.909442e-01 -5.237682e+01 3.211260e-02 9.953247e-01 9.109076e-02 1.471388e+00 9.948547e-01 -2.306902e-02 -9.865111e-02 1.858645e+01
-8.970220e-02 9.711083e-02 -9.912230e-01 -5.350207e+01 3.209445e-02 9.950001e-01 9.457645e-02 1.562771e+00 9.954514e-01 -2.332904e-02 -9.237042e-02 1.845399e+01
-8.307312e-02 9.837396e-02 -9.916761e-01 -5.464775e+01 3.116464e-02 9.948855e-01 9.608165e-02 1.657672e+00 9.960560e-01 -2.292342e-02 -8.571403e-02 1.831512e+01
-7.644657e-02 9.721873e-02 -9.923228e-01 -5.579949e+01 3.026875e-02 9.950027e-01 9.514944e-02 1.746596e+00 9.966141e-01 -2.276252e-02 -7.900723e-02 1.818314e+01
-7.055272e-02 9.497844e-02 -9.929760e-01 -5.693651e+01 3.008550e-02 9.952064e-01 9.305415e-02 1.825381e+00 9.970542e-01 -2.330896e-02 -7.307199e-02 1.806444e+01
-6.485216e-02 9.372146e-02 -9.934840e-01 -5.807446e+01 3.069252e-02 9.952961e-01 9.188888e-02 1.909843e+00 9.974228e-01 -2.453333e-02 -6.742365e-02 1.796692e+01
-5.871963e-02 9.214894e-02 -9.940124e-01 -5.923852e+01 3.235243e-02 9.953831e-01 9.036485e-02 1.996801e+00 9.977501e-01 -2.685252e-02 -6.142977e-02 1.787938e+01
-5.325162e-02 9.233164e-02 -9.943033e-01 -6.042365e+01 3.382279e-02 9.953116e-01 9.061383e-02 2.081455e+00 9.980082e-01 -2.880478e-02 -5.612487e-02 1.780971e+01
-4.820989e-02 9.125128e-02 -9.946602e-01 -6.160675e+01 3.282496e-02 9.954250e-01 8.973046e-02 2.174054e+00 9.982977e-01 -2.832379e-02 -5.098465e-02 1.774596e+01
-4.258195e-02 9.130828e-02 -9.949118e-01 -6.278418e+01 2.769597e-02 9.955403e-01 9.018057e-02 2.270463e+00 9.987090e-01 -2.371499e-02 -4.492092e-02 1.767322e+01
-3.732392e-02 9.106856e-02 -9.951449e-01 -6.397131e+01 2.178144e-02 9.956764e-01 9.030026e-02 2.372574e+00 9.990658e-01 -1.830532e-02 -3.914615e-02 1.759277e+01
-3.261706e-02 9.085813e-02 -9.953296e-01 -6.515398e+01 2.078457e-02 9.957057e-01 9.021136e-02 2.471464e+00 9.992518e-01 -1.774507e-02 -3.436544e-02 1.751479e+01
-2.894231e-02 8.965798e-02 -9.955520e-01 -6.634470e+01 2.341609e-02 9.957567e-01 8.899567e-02 2.555574e+00 9.993068e-01 -2.073619e-02 -3.091894e-02 1.746398e+01
-2.695246e-02 8.915158e-02 -9.956533e-01 -6.751892e+01 2.339003e-02 9.957987e-01 8.853142e-02 2.634923e+00 9.993630e-01 -2.090223e-02 -2.892448e-02 1.743243e+01
-2.555876e-02 9.088383e-02 -9.955335e-01 -6.870699e+01 2.279994e-02 9.956527e-01 9.030936e-02 2.734025e+00 9.994133e-01 -2.038991e-02 -2.751980e-02 1.737877e+01
-2.493656e-02 9.181364e-02 -9.954639e-01 -6.988808e+01 2.399206e-02 9.955417e-01 9.121981e-02 2.820456e+00 9.994011e-01 -2.160852e-02 -2.702818e-02 1.735260e+01
-2.351751e-02 9.223573e-02 -9.954594e-01 -7.108382e+01 2.362951e-02 9.955079e-01 9.168198e-02 2.907810e+00 9.994441e-01 -2.136608e-02 -2.559135e-02 1.731291e+01
-2.248825e-02 9.271501e-02 -9.954387e-01 -7.229986e+01 2.164622e-02 9.955022e-01 9.223191e-02 2.999060e+00 9.995127e-01 -1.947336e-02 -2.439403e-02 1.727871e+01
-2.175903e-02 9.117401e-02 -9.955972e-01 -7.351670e+01 2.030174e-02 9.956680e-01 9.073679e-02 3.091868e+00 9.995571e-01 -1.823802e-02 -2.351576e-02 1.723748e+01
-2.161836e-02 8.864384e-02 -9.958288e-01 -7.474412e+01 2.000891e-02 9.959004e-01 8.821584e-02 3.179475e+00 9.995661e-01 -1.801837e-02 -2.330340e-02 1.720292e+01
-2.121336e-02 8.656089e-02 -9.960207e-01 -7.595573e+01 2.084453e-02 9.960666e-01 8.612093e-02 3.260513e+00 9.995577e-01 -1.893467e-02 -2.293424e-02 1.716205e+01
-2.112663e-02 8.619632e-02 -9.960541e-01 -7.719712e+01 2.370759e-02 9.960396e-01 8.569221e-02 3.344400e+00 9.994957e-01 -2.180366e-02 -2.308647e-02 1.713183e+01
-2.048228e-02 8.800662e-02 -9.959093e-01 -7.839840e+01 2.763834e-02 9.957874e-01 8.742743e-02 3.421398e+00 9.994081e-01 -2.573457e-02 -2.282836e-02 1.709139e+01
-1.912086e-02 9.002602e-02 -9.957558e-01 -7.957415e+01 2.778729e-02 9.956011e-01 8.947845e-02 3.492611e+00 9.994310e-01 -2.595845e-02 -2.153833e-02 1.703619e+01
-1.738941e-02 9.100883e-02 -9.956982e-01 -8.069294e+01 2.554978e-02 9.955641e-01 9.055035e-02 3.571042e+00 9.995223e-01 -2.386526e-02 -1.963753e-02 1.695627e+01
-1.742424e-02 9.060063e-02 -9.957349e-01 -8.190205e+01 2.313341e-02 9.956560e-01 9.018865e-02 3.658017e+00 9.995805e-01 -2.146328e-02 -1.944445e-02 1.692634e+01
-1.717217e-02 8.862218e-02 -9.959173e-01 -8.312489e+01 2.219022e-02 9.958526e-01 8.823381e-02 3.749526e+00 9.996063e-01 -2.058446e-02 -1.906750e-02 1.687647e+01
-1.790171e-02 8.705928e-02 -9.960423e-01 -8.434039e+01 2.344516e-02 9.959645e-01 8.663111e-02 3.835070e+00 9.995648e-01 -2.180153e-02 -1.987059e-02 1.686034e+01
-1.776024e-02 8.677398e-02 -9.960697e-01 -8.559787e+01 2.627043e-02 9.959234e-01 8.629283e-02 3.922588e+00 9.994971e-01 -2.463460e-02 -1.996743e-02 1.682340e+01
-1.798651e-02 8.764302e-02 -9.959896e-01 -8.684341e+01 2.838220e-02 9.957940e-01 8.711326e-02 4.007965e+00 9.994353e-01 -2.670151e-02 -2.039836e-02 1.680482e+01
-1.700678e-02 8.963400e-02 -9.958296e-01 -8.810424e+01 2.857505e-02 9.956104e-01 8.912626e-02 4.090015e+00 9.994470e-01 -2.694013e-02 -1.949342e-02 1.673999e+01
-1.637446e-02 8.903887e-02 -9.958935e-01 -8.931130e+01 2.655704e-02 9.957144e-01 8.858621e-02 4.166293e+00 9.995132e-01 -2.499743e-02 -1.866890e-02 1.668911e+01
-1.629880e-02 8.739479e-02 -9.960404e-01 -9.048499e+01 2.539385e-02 9.958876e-01 8.696585e-02 4.237735e+00 9.995446e-01 -2.387586e-02 -1.845106e-02 1.666328e+01
-1.640548e-02 8.610367e-02 -9.961511e-01 -9.165409e+01 2.638003e-02 9.959756e-01 8.565405e-02 4.319080e+00 9.995174e-01 -2.487330e-02 -1.861087e-02 1.663916e+01
-1.635837e-02 8.342010e-02 -9.963802e-01 -9.283195e+01 2.956576e-02 9.961181e-01 8.291276e-02 4.390631e+00 9.994290e-01 -2.810242e-02 -1.876125e-02 1.661607e+01
-1.601579e-02 8.199473e-02 -9.965041e-01 -9.401367e+01 3.214197e-02 9.961590e-01 8.144976e-02 4.463245e+00 9.993550e-01 -3.072513e-02 -1.858975e-02 1.658156e+01
-1.513761e-02 8.299741e-02 -9.964348e-01 -9.518376e+01 3.382496e-02 9.960211e-01 8.244909e-02 4.535395e+00 9.993131e-01 -3.245628e-02 -1.788476e-02 1.654539e+01
-1.452563e-02 8.521604e-02 -9.962566e-01 -9.634969e+01 3.584562e-02 9.957657e-01 8.465141e-02 4.604319e+00 9.992518e-01 -3.448182e-02 -1.751875e-02 1.651700e+01
-1.396724e-02 8.645632e-02 -9.961577e-01 -9.753867e+01 3.471020e-02 9.956964e-01 8.592961e-02 4.691689e+00 9.992998e-01 -3.337664e-02 -1.690804e-02 1.648255e+01
-1.362680e-02 8.847950e-02 -9.959848e-01 -9.869494e+01 3.067636e-02 9.956454e-01 8.802964e-02 4.764613e+00 9.994365e-01 -2.935363e-02 -1.628169e-02 1.645250e+01
-1.218252e-02 8.936272e-02 -9.959246e-01 -9.988310e+01 2.890825e-02 9.956137e-01 8.898121e-02 4.843499e+00 9.995078e-01 -2.770642e-02 -1.471240e-02 1.639969e+01
-1.153828e-02 8.907017e-02 -9.959585e-01 -1.010519e+02 2.751749e-02 9.956759e-01 8.872610e-02 4.914744e+00 9.995547e-01 -2.638253e-02 -1.393938e-02 1.636291e+01
-1.152567e-02 8.803468e-02 -9.960507e-01 -1.022378e+02 2.813556e-02 9.957510e-01 8.768263e-02 4.998121e+00 9.995377e-01 -2.701384e-02 -1.395361e-02 1.634585e+01
-1.212530e-02 8.814267e-02 -9.960341e-01 -1.034035e+02 2.999418e-02 9.956911e-01 8.774718e-02 5.087334e+00 9.994765e-01 -2.881127e-02 -1.471682e-02 1.633449e+01
-1.215336e-02 8.755702e-02 -9.960854e-01 -1.046000e+02 3.178789e-02 9.956893e-01 8.713436e-02 5.176642e+00 9.994207e-01 -3.060448e-02 -1.488422e-02 1.632029e+01
-1.276357e-02 9.112713e-02 -9.957575e-01 -1.057677e+02 3.090484e-02 9.953988e-01 9.069817e-02 5.253762e+00 9.994408e-01 -2.961609e-02 -1.552111e-02 1.630057e+01
-1.264548e-02 9.538014e-02 -9.953606e-01 -1.069612e+02 3.186073e-02 9.949732e-01 9.493824e-02 5.342340e+00 9.994123e-01 -3.051238e-02 -1.562080e-02 1.626859e+01
-1.240764e-02 9.713064e-02 -9.951943e-01 -1.081557e+02 3.055490e-02 9.948430e-01 9.671541e-02 5.442220e+00 9.994561e-01 -2.920805e-02 -1.531147e-02 1.623492e+01
-1.219656e-02 9.730823e-02 -9.951796e-01 -1.094401e+02 2.650640e-02 9.949353e-01 9.695949e-02 5.552045e+00 9.995742e-01 -2.519606e-02 -1.471408e-02 1.618523e+01
-1.256792e-02 9.767159e-02 -9.951393e-01 -1.106558e+02 2.246518e-02 9.949943e-01 9.737363e-02 5.649925e+00 9.996686e-01 -2.113220e-02 -1.469922e-02 1.615069e+01
-1.977016e-03 1.013615e-01 -9.948477e-01 -1.111929e+02 1.233406e-02 9.947764e-01 1.013298e-01 5.593408e+00 9.999220e-01 -1.207018e-02 -3.216888e-03 1.541391e+01
-3.960092e-03 9.960657e-02 -9.950190e-01 -1.124145e+02 1.705733e-02 9.948888e-01 9.952564e-02 5.474834e+00 9.998467e-01 -1.657824e-02 -5.638874e-03 1.550328e+01
-4.322141e-03 9.883909e-02 -9.950940e-01 -1.136376e+02 1.921904e-02 9.949277e-01 9.873909e-02 5.578214e+00 9.998060e-01 -1.869799e-02 -6.199810e-03 1.548410e+01
-4.985848e-03 9.928792e-02 -9.950463e-01 -1.148336e+02 2.354841e-02 9.947943e-01 9.914479e-02 5.672198e+00 9.997103e-01 -2.293744e-02 -7.297966e-03 1.546703e+01
-5.437544e-03 9.891136e-02 -9.950814e-01 -1.160630e+02 2.394771e-02 9.948236e-01 9.875487e-02 5.760930e+00 9.996984e-01 -2.329293e-02 -7.778097e-03 1.545424e+01
-5.347111e-03 9.994878e-02 -9.949782e-01 -1.173285e+02 1.899001e-02 9.948232e-01 9.983115e-02 5.874422e+00 9.998054e-01 -1.836084e-02 -7.217458e-03 1.542845e+01
-6.242499e-03 1.000777e-01 -9.949600e-01 -1.185675e+02 1.555810e-02 9.948687e-01 9.997086e-02 5.973924e+00 9.998595e-01 -1.485562e-02 -7.767485e-03 1.541378e+01
-7.051084e-03 9.808368e-02 -9.951532e-01 -1.198529e+02 1.430673e-02 9.950860e-01 9.797569e-02 6.079228e+00 9.998728e-01 -1.354655e-02 -8.419692e-03 1.539284e+01
-7.184036e-03 1.006237e-01 -9.948986e-01 -1.211099e+02 1.590159e-02 9.948100e-01 1.004999e-01 6.180970e+00 9.998478e-01 -1.509847e-02 -8.746827e-03 1.537175e+01
-7.242956e-03 1.055373e-01 -9.943890e-01 -1.223477e+02 2.096791e-02 9.942124e-01 1.053658e-01 6.278742e+00 9.997539e-01 -2.008710e-02 -9.413933e-03 1.534525e+01
-6.715891e-03 1.107504e-01 -9.938256e-01 -1.236407e+02 2.463500e-02 9.935647e-01 1.105548e-01 6.380067e+00 9.996740e-01 -2.374042e-02 -9.401008e-03 1.530952e+01
-5.910688e-03 1.180635e-01 -9.929885e-01 -1.249394e+02 2.443280e-02 9.927264e-01 1.178869e-01 6.505282e+00 9.996840e-01 -2.356469e-02 -8.752318e-03 1.527405e+01
-5.274879e-03 1.206166e-01 -9.926852e-01 -1.262775e+02 2.256295e-02 9.924606e-01 1.204694e-01 6.632291e+00 9.997315e-01 -2.176244e-02 -7.956576e-03 1.524290e+01
-5.086087e-03 1.222210e-01 -9.924899e-01 -1.275719e+02 2.150708e-02 9.922865e-01 1.220857e-01 6.755135e+00 9.997558e-01 -2.072462e-02 -7.675472e-03 1.520263e+01
-5.060837e-03 1.211958e-01 -9.926157e-01 -1.288764e+02 2.155045e-02 9.924111e-01 1.210609e-01 6.859284e+00 9.997550e-01 -2.077864e-02 -7.634254e-03 1.516101e+01
-5.267219e-03 1.179624e-01 -9.930041e-01 -1.301374e+02 2.108238e-02 9.928103e-01 1.178275e-01 6.969527e+00 9.997639e-01 -2.031427e-02 -7.716277e-03 1.512972e+01
-5.491551e-03 1.180940e-01 -9.929872e-01 -1.313963e+02 2.191821e-02 9.927779e-01 1.179479e-01 7.087127e+00 9.997447e-01 -2.111678e-02 -8.040299e-03 1.510225e+01
-6.118486e-03 1.184712e-01 -9.929386e-01 -1.326838e+02 2.733523e-02 9.926060e-01 1.182631e-01 7.208925e+00 9.996076e-01 -2.641862e-02 -9.311684e-03 1.508183e+01
-6.701549e-03 1.165255e-01 -9.931651e-01 -1.339534e+02 3.117608e-02 9.927289e-01 1.162640e-01 7.338912e+00 9.994914e-01 -3.018384e-02 -1.028563e-02 1.505472e+01
-1.021841e-02 1.156136e-01 -9.932417e-01 -1.346774e+02 2.687161e-02 9.929666e-01 1.153052e-01 7.525255e+00 9.995867e-01 -2.551177e-02 -1.325326e-02 1.519107e+01
-9.635436e-03 1.159285e-01 -9.932108e-01 -1.359271e+02 2.516989e-02 9.929703e-01 1.156563e-01 7.649069e+00 9.996368e-01 -2.388461e-02 -1.248561e-02 1.518130e+01
-8.403254e-03 1.154728e-01 -9.932751e-01 -1.371843e+02 2.490530e-02 9.930262e-01 1.152332e-01 7.760717e+00 9.996545e-01 -2.376948e-02 -1.122054e-02 1.516331e+01
-7.112521e-03 1.159186e-01 -9.932332e-01 -1.384606e+02 2.432335e-02 9.929845e-01 1.157154e-01 7.875609e+00 9.996788e-01 -2.333573e-02 -9.882153e-03 1.513430e+01
-6.499229e-03 1.152594e-01 -9.933142e-01 -1.397335e+02 2.648219e-02 9.930066e-01 1.150504e-01 7.993166e+00 9.996282e-01 -2.555739e-02 -9.506098e-03 1.512036e+01
-5.649208e-03 1.162813e-01 -9.932003e-01 -1.410183e+02 3.037959e-02 9.927776e-01 1.160590e-01 8.110452e+00 9.995225e-01 -2.951738e-02 -9.140986e-03 1.510235e+01
-3.937061e-03 1.175340e-01 -9.930611e-01 -1.422998e+02 3.113687e-02 9.926016e-01 1.173562e-01 8.231495e+00 9.995074e-01 -3.045878e-02 -7.567576e-03 1.508286e+01
-2.736296e-03 1.193895e-01 -9.928437e-01 -1.435518e+02 2.820295e-02 9.924617e-01 1.192659e-01 8.357232e+00 9.995985e-01 -2.767478e-02 -6.082806e-03 1.506442e+01
-2.196301e-03 1.181458e-01 -9.929938e-01 -1.448062e+02 2.505941e-02 9.926909e-01 1.180543e-01 8.478980e+00 9.996836e-01 -2.462456e-02 -5.140912e-03 1.503534e+01
-1.544795e-03 1.152906e-01 -9.933306e-01 -1.460686e+02 2.329802e-02 9.930663e-01 1.152237e-01 8.607041e+00 9.997274e-01 -2.296464e-02 -4.220126e-03 1.499845e+01
-1.064907e-03 1.140003e-01 -9.934801e-01 -1.473143e+02 2.270789e-02 9.932273e-01 1.139469e-01 8.727291e+00 9.997416e-01 -2.243850e-02 -3.646400e-03 1.496818e+01
-1.438191e-03 1.110171e-01 -9.938175e-01 -1.485467e+02 2.309894e-02 9.935570e-01 1.109546e-01 8.839526e+00 9.997321e-01 -2.279655e-02 -3.993302e-03 1.495813e+01
-1.903540e-03 1.090469e-01 -9.940348e-01 -1.497748e+02 2.191919e-02 9.938023e-01 1.089794e-01 8.952055e+00 9.997579e-01 -2.158099e-02 -4.281962e-03 1.494844e+01
-1.377388e-03 1.080918e-01 -9.941400e-01 -1.510328e+02 2.224278e-02 9.938983e-01 1.080347e-01 9.065766e+00 9.997516e-01 -2.196363e-02 -3.773245e-03 1.492119e+01
-1.522977e-03 1.057475e-01 -9.943919e-01 -1.522944e+02 2.504711e-02 9.940851e-01 1.056765e-01 9.176716e+00 9.996851e-01 -2.474570e-02 -4.162636e-03 1.491106e+01
-1.350616e-03 1.031401e-01 -9.946659e-01 -1.535487e+02 2.649187e-02 9.943214e-01 1.030684e-01 9.281191e+00 9.996481e-01 -2.621136e-02 -4.075321e-03 1.489241e+01
-5.321821e-04 1.007440e-01 -9.949122e-01 -1.548100e+02 2.527442e-02 9.945959e-01 1.006985e-01 9.377009e+00 9.996804e-01 -2.509224e-02 -3.075553e-03 1.486355e+01
5.373749e-05 1.019822e-01 -9.947862e-01 -1.560732e+02 2.575120e-02 9.944562e-01 1.019497e-01 9.473001e+00 9.996684e-01 -2.562242e-02 -2.572723e-03 1.482512e+01
1.226615e-03 1.029395e-01 -9.946869e-01 -1.573591e+02 3.070387e-02 9.942148e-01 1.029285e-01 9.573563e+00 9.995278e-01 -3.066699e-02 -1.941123e-03 1.479613e+01
1.805046e-03 1.076953e-01 -9.941823e-01 -1.586058e+02 3.788508e-02 9.934628e-01 1.076861e-01 9.665829e+00 9.992805e-01 -3.785905e-02 -2.286799e-03 1.478682e+01
3.476356e-03 1.120688e-01 -9.936944e-01 -1.598430e+02 3.798723e-02 9.929683e-01 1.121198e-01 9.774450e+00 9.992722e-01 -3.813747e-02 -8.052722e-04 1.477363e+01
5.801853e-03 1.156199e-01 -9.932766e-01 -1.611294e+02 3.424440e-02 9.926877e-01 1.157513e-01 9.891623e+00 9.993966e-01 -3.468573e-02 1.800095e-03 1.474820e+01
7.763828e-03 1.174155e-01 -9.930525e-01 -1.624017e+02 2.843507e-02 9.926550e-01 1.175908e-01 1.001951e+01 9.995655e-01 -2.915047e-02 4.368085e-03 1.473526e+01
9.472203e-03 1.196244e-01 -9.927740e-01 -1.636903e+02 2.670322e-02 9.924342e-01 1.198383e-01 1.015338e+01 9.995985e-01 -2.764539e-02 6.206181e-03 1.472395e+01
1.133669e-02 1.143040e-01 -9.933811e-01 -1.649448e+02 2.376189e-02 9.931336e-01 1.145467e-01 1.027167e+01 9.996534e-01 -2.490320e-02 8.542769e-03 1.471807e+01
1.146880e-02 1.107715e-01 -9.937797e-01 -1.661734e+02 1.976509e-02 9.936258e-01 1.109825e-01 1.038076e+01 9.997389e-01 -2.091499e-02 9.206289e-03 1.472487e+01
1.108304e-02 1.049536e-01 -9.944154e-01 -1.674070e+02 1.625914e-02 9.943260e-01 1.051254e-01 1.050310e+01 9.998064e-01 -1.733345e-02 9.313697e-03 1.473563e+01
1.025902e-02 1.027266e-01 -9.946567e-01 -1.686684e+02 1.931037e-02 9.945032e-01 1.029099e-01 1.062135e+01 9.997609e-01 -2.026295e-02 8.218941e-03 1.473769e+01
1.173731e-02 1.031888e-01 -9.945925e-01 -1.699519e+02 2.553889e-02 9.943056e-01 1.034604e-01 1.073422e+01 9.996049e-01 -2.661513e-02 9.035149e-03 1.473072e+01
1.391150e-02 1.049372e-01 -9.943815e-01 -1.712082e+02 2.869624e-02 9.940263e-01 1.053011e-01 1.084302e+01 9.994914e-01 -2.999991e-02 1.081710e-02 1.473223e+01
1.648662e-02 1.057431e-01 -9.942568e-01 -1.724642e+02 2.537670e-02 9.940274e-01 1.061395e-01 1.095040e+01 9.995420e-01 -2.698084e-02 1.370474e-02 1.472958e+01
1.758894e-02 1.081384e-01 -9.939802e-01 -1.737217e+02 2.520186e-02 9.937702e-01 1.085615e-01 1.106724e+01 9.995276e-01 -2.695963e-02 1.475408e-02 1.472909e+01
1.852719e-02 1.060133e-01 -9.941921e-01 -1.750074e+02 2.664686e-02 9.939572e-01 1.064848e-01 1.117352e+01 9.994732e-01 -2.846496e-02 1.559031e-02 1.473849e+01
1.919697e-02 1.057489e-01 -9.942075e-01 -1.762191e+02 2.466216e-02 9.940381e-01 1.062071e-01 1.127620e+01 9.995115e-01 -2.655816e-02 1.647452e-02 1.474791e+01
2.113584e-02 1.055136e-01 -9.941932e-01 -1.774211e+02 2.318880e-02 9.940961e-01 1.059963e-01 1.137436e+01 9.995077e-01 -2.529447e-02 1.856433e-02 1.475004e+01
2.356684e-02 1.066845e-01 -9.940136e-01 -1.786250e+02 2.518133e-02 9.939109e-01 1.072705e-01 1.146830e+01 9.994051e-01 -2.755861e-02 2.073688e-02 1.475887e+01
2.550911e-02 1.061726e-01 -9.940205e-01 -1.797944e+02 2.687439e-02 9.939118e-01 1.068506e-01 1.156811e+01 9.993133e-01 -2.943936e-02 2.250048e-02 1.476756e+01
2.676664e-02 1.072952e-01 -9.938668e-01 -1.809520e+02 2.835060e-02 9.937417e-01 1.080452e-01 1.166747e+01 9.992396e-01 -3.106872e-02 2.355724e-02 1.477180e+01
2.703009e-02 1.065905e-01 -9.939355e-01 -1.820530e+02 2.991338e-02 9.937673e-01 1.073859e-01 1.175133e+01 9.991870e-01 -3.263463e-02 2.367314e-02 1.479576e+01
2.705970e-02 1.052084e-01 -9.940820e-01 -1.831288e+02 3.033696e-02 9.939016e-01 1.060151e-01 1.184779e+01 9.991734e-01 -3.302616e-02 2.370297e-02 1.481350e+01
2.757089e-02 1.051596e-01 -9.940731e-01 -1.841959e+02 2.996504e-02 9.939173e-01 1.059742e-01 1.191390e+01 9.991706e-01 -3.270924e-02 2.425207e-02 1.483444e+01
2.912265e-02 1.057522e-01 -9.939660e-01 -1.852454e+02 3.076043e-02 9.938220e-01 1.066381e-01 1.197426e+01 9.991024e-01 -3.368041e-02 2.568975e-02 1.485962e+01
3.006620e-02 1.059299e-01 -9.939189e-01 -1.862790e+02 3.184417e-02 9.937622e-01 1.068765e-01 1.204707e+01 9.990405e-01 -3.486390e-02 2.650540e-02 1.490384e+01
2.909368e-02 1.039889e-01 -9.941528e-01 -1.872603e+02 3.057633e-02 9.940158e-01 1.048694e-01 1.211652e+01 9.991089e-01 -3.344858e-02 2.573998e-02 1.492957e+01
2.576182e-02 1.022180e-01 -9.944284e-01 -1.882348e+02 2.755754e-02 9.943079e-01 1.029195e-01 1.219359e+01 9.992882e-01 -3.005540e-02 2.279830e-02 1.494343e+01
2.090985e-02 1.022372e-01 -9.945403e-01 -1.892261e+02 2.387226e-02 9.944231e-01 1.027270e-01 1.227508e+01 9.994963e-01 -2.588993e-02 1.835261e-02 1.495392e+01
1.507013e-02 1.033620e-01 -9.945296e-01 -1.901767e+02 2.024984e-02 9.944070e-01 1.036561e-01 1.235530e+01 9.996814e-01 -2.170117e-02 1.289278e-02 1.497978e+01
1.125829e-02 1.054671e-01 -9.943591e-01 -1.911497e+02 1.947949e-02 9.942102e-01 1.056719e-01 1.244077e+01 9.997469e-01 -2.055929e-02 9.138657e-03 1.498092e+01
8.605704e-03 1.069664e-01 -9.942254e-01 -1.920957e+02 2.066368e-02 9.940309e-01 1.071244e-01 1.251142e+01 9.997494e-01 -2.146623e-02 6.344016e-03 1.497265e+01
7.130932e-03 1.057408e-01 -9.943682e-01 -1.930545e+02 2.242589e-02 9.941264e-01 1.058759e-01 1.259463e+01 9.997231e-01 -2.305459e-02 4.717716e-03 1.495966e+01
5.891783e-03 1.028867e-01 -9.946756e-01 -1.940154e+02 2.379660e-02 9.943968e-01 1.029988e-01 1.268002e+01 9.996995e-01 -2.427674e-02 3.410416e-03 1.495433e+01
4.672271e-03 1.015506e-01 -9.948194e-01 -1.949544e+02 2.389499e-02 9.945349e-01 1.016338e-01 1.276319e+01 9.997036e-01 -2.424606e-02 2.220185e-03 1.494496e+01
3.421433e-03 1.016266e-01 -9.948167e-01 -1.958860e+02 2.282873e-02 9.945554e-01 1.016784e-01 1.283789e+01 9.997335e-01 -2.305828e-02 1.082800e-03 1.494624e+01
2.262216e-03 1.033112e-01 -9.946465e-01 -1.968243e+02 2.220475e-02 9.943986e-01 1.033360e-01 1.290502e+01 9.997509e-01 -2.231965e-02 -4.445572e-05 1.495305e+01
2.695396e-03 1.067866e-01 -9.942783e-01 -1.977604e+02 2.181333e-02 9.940391e-01 1.068201e-01 1.297858e+01 9.997584e-01 -2.197644e-02 3.499573e-04 1.494069e+01
3.627442e-03 1.096267e-01 -9.939662e-01 -1.986927e+02 1.983087e-02 9.937694e-01 1.096774e-01 1.306978e+01 9.997968e-01 -2.010906e-02 1.430847e-03 1.493467e+01
4.772322e-03 1.096066e-01 -9.939636e-01 -1.996209e+02 1.715362e-02 9.938197e-01 1.096731e-01 1.315087e+01 9.998415e-01 -1.757347e-02 2.862677e-03 1.492137e+01
5.772981e-03 1.093644e-01 -9.939850e-01 -2.005576e+02 1.448107e-02 9.938882e-01 1.094378e-01 1.323754e+01 9.998785e-01 -1.502575e-02 4.153985e-03 1.490785e+01
6.927570e-03 1.096986e-01 -9.939408e-01 -2.015297e+02 1.381766e-02 9.938592e-01 1.097859e-01 1.333601e+01 9.998805e-01 -1.449449e-02 5.369251e-03 1.489469e+01
7.576042e-03 1.072422e-01 -9.942041e-01 -2.024871e+02 1.627716e-02 9.940876e-01 1.073537e-01 1.343239e+01 9.998388e-01 -1.699613e-02 5.785651e-03 1.489549e+01
8.071864e-03 1.063806e-01 -9.942927e-01 -2.034471e+02 1.773657e-02 9.941535e-01 1.065097e-01 1.350869e+01 9.998101e-01 -1.849508e-02 6.137844e-03 1.488738e+01
9.732053e-03 1.011745e-01 -9.948211e-01 -2.044184e+02 1.432440e-02 9.947520e-01 1.013076e-01 1.358605e+01 9.998500e-01 -1.523615e-02 8.231715e-03 1.487416e+01
9.999690e-03 9.935044e-02 -9.950023e-01 -2.054152e+02 1.153754e-02 9.949743e-01 9.946360e-02 1.366550e+01 9.998834e-01 -1.247448e-02 8.803176e-03 1.487040e+01
1.076619e-02 1.036274e-01 -9.945579e-01 -2.063859e+02 1.245530e-02 9.945245e-01 1.037588e-01 1.373894e+01 9.998645e-01 -1.350460e-02 9.416527e-03 1.486511e+01
1.175794e-02 1.049386e-01 -9.944092e-01 -2.073559e+02 1.623956e-02 9.943267e-01 1.051219e-01 1.383202e+01 9.997990e-01 -1.738479e-02 9.987075e-03 1.487640e+01
1.330664e-02 1.022497e-01 -9.946698e-01 -2.083497e+02 1.496457e-02 9.946261e-01 1.024454e-01 1.392927e+01 9.997995e-01 -1.624801e-02 1.170501e-02 1.488933e+01
1.473289e-02 1.008163e-01 -9.947960e-01 -2.093277e+02 1.532198e-02 9.947644e-01 1.010400e-01 1.403464e+01 9.997741e-01 -1.673085e-02 1.311105e-02 1.490614e+01
1.708567e-02 1.014132e-01 -9.946977e-01 -2.103285e+02 2.036472e-02 9.946012e-01 1.017532e-01 1.411742e+01 9.996466e-01 -2.199526e-02 1.492817e-02 1.490215e+01
-7.142154e-02 1.314859e-01 -9.887418e-01 -2.113215e+02 1.368544e-01 9.831903e-01 1.208620e-01 1.283337e+01 9.880131e-01 -1.266816e-01 -8.821540e-02 1.620100e+01
-7.031304e-02 1.310567e-01 -9.888783e-01 -2.123345e+02 1.373744e-01 9.831585e-01 1.205308e-01 1.294498e+01 9.880204e-01 -1.273717e-01 -8.713270e-02 1.611114e+01
-5.913403e-02 1.130342e-01 -9.918298e-01 -2.135808e+02 9.294999e-02 9.898755e-01 1.072697e-01 1.372597e+01 9.939132e-01 -8.584729e-02 -6.904186e-02 1.566286e+01
-5.543210e-02 1.148133e-01 -9.918393e-01 -2.146272e+02 9.435745e-02 9.895233e-01 1.092717e-01 1.382978e+01 9.939939e-01 -8.753027e-02 -6.568484e-02 1.557247e+01
-5.165028e-02 1.145696e-01 -9.920716e-01 -2.157136e+02 9.423566e-02 9.895241e-01 1.093692e-01 1.393147e+01 9.942092e-01 -8.783957e-02 -6.190575e-02 1.549382e+01
-4.793254e-02 1.168127e-01 -9.919966e-01 -2.167777e+02 9.218226e-02 9.894171e-01 1.120548e-01 1.402346e+01 9.945878e-01 -8.607342e-02 -5.819334e-02 1.541038e+01
-4.546837e-02 1.157205e-01 -9.922406e-01 -2.178258e+02 8.893095e-02 9.897930e-01 1.113599e-01 1.412760e+01 9.949995e-01 -8.317754e-02 -5.529541e-02 1.535937e+01
-4.468306e-02 1.135007e-01 -9.925326e-01 -2.188972e+02 8.784386e-02 9.901229e-01 1.092704e-01 1.423284e+01 9.951316e-01 -8.230536e-02 -5.421206e-02 1.531535e+01
-4.337325e-02 1.131044e-01 -9.926360e-01 -2.199758e+02 8.979142e-02 9.899913e-01 1.088796e-01 1.434078e+01 9.950157e-01 -8.440773e-02 -5.309494e-02 1.525647e+01
-4.158884e-02 1.144579e-01 -9.925572e-01 -2.210688e+02 9.343885e-02 9.895085e-01 1.101912e-01 1.443889e+01 9.947560e-01 -8.816068e-02 -5.184732e-02 1.519879e+01
-4.062239e-02 1.143827e-01 -9.926059e-01 -2.221417e+02 9.343474e-02 9.895077e-01 1.102018e-01 1.453122e+01 9.947963e-01 -8.826721e-02 -5.088348e-02 1.513982e+01
-3.969030e-02 1.131948e-01 -9.927797e-01 -2.232244e+02 9.056283e-02 9.898809e-01 1.092437e-01 1.463413e+01 9.950995e-01 -8.557302e-02 -4.953992e-02 1.507730e+01
-4.006356e-02 1.107229e-01 -9.930435e-01 -2.243204e+02 8.685757e-02 9.904653e-01 1.069312e-01 1.475052e+01 9.954148e-01 -8.196930e-02 -4.929868e-02 1.502877e+01
-4.144215e-02 1.087382e-01 -9.932062e-01 -2.254404e+02 8.553596e-02 9.907969e-01 1.049054e-01 1.485804e+01 9.954728e-01 -8.060734e-02 -5.036178e-02 1.500194e+01
-4.211430e-02 1.085299e-01 -9.932007e-01 -2.265584e+02 8.429871e-02 9.909239e-01 1.047067e-01 1.496628e+01 9.955502e-01 -7.931589e-02 -5.088100e-02 1.496294e+01
-4.074457e-02 1.087426e-01 -9.932346e-01 -2.277495e+02 8.425038e-02 9.908938e-01 1.050302e-01 1.508856e+01 9.956112e-01 -7.940099e-02 -4.953515e-02 1.486662e+01
-4.015630e-02 1.116437e-01 -9.929366e-01 -2.288629e+02 8.523542e-02 9.904987e-01 1.079225e-01 1.518740e+01 9.955513e-01 -8.029960e-02 -4.929077e-02 1.478869e+01
-4.044950e-02 1.121468e-01 -9.928680e-01 -2.299944e+02 8.737290e-02 9.902719e-01 1.082940e-01 1.529750e+01 9.953541e-01 -8.236933e-02 -4.985460e-02 1.472935e+01
-4.099909e-02 1.132901e-01 -9.927157e-01 -2.311222e+02 8.918953e-02 9.899997e-01 1.092967e-01 1.540149e+01 9.951705e-01 -8.405878e-02 -5.069338e-02 1.466736e+01
-4.007151e-02 1.143972e-01 -9.926266e-01 -2.323098e+02 8.996082e-02 9.898030e-01 1.104402e-01 1.553003e+01 9.951388e-01 -8.487199e-02 -4.995417e-02 1.456543e+01
-4.011964e-02 1.173630e-01 -9.922784e-01 -2.335138e+02 9.155920e-02 9.893317e-01 1.133126e-01 1.563335e+01 9.949911e-01 -8.630615e-02 -5.043729e-02 1.444939e+01
-4.122938e-02 1.197820e-01 -9.919437e-01 -2.346803e+02 9.046858e-02 9.891574e-01 1.156853e-01 1.574442e+01 9.950455e-01 -8.497011e-02 -5.161886e-02 1.438608e+01
-4.206117e-02 1.186152e-01 -9.920490e-01 -2.358501e+02 8.573253e-02 9.896940e-01 1.146987e-01 1.585609e+01 9.954300e-01 -8.022651e-02 -5.179686e-02 1.430644e+01
-4.388966e-02 1.152004e-01 -9.923722e-01 -2.370329e+02 7.996328e-02 9.905475e-01 1.114520e-01 1.597470e+01 9.958311e-01 -7.446175e-02 -5.268659e-02 1.425490e+01
-4.614616e-02 1.103193e-01 -9.928243e-01 -2.382170e+02 7.543845e-02 9.914298e-01 1.066580e-01 1.609333e+01 9.960821e-01 -6.997527e-02 -5.407300e-02 1.417984e+01
-4.939042e-02 1.042848e-01 -9.933203e-01 -2.394446e+02 7.574038e-02 9.920614e-01 1.003867e-01 1.619895e+01 9.959036e-01 -7.027632e-02 -5.689691e-02 1.413141e+01
-5.195764e-02 1.001929e-01 -9.936105e-01 -2.406741e+02 7.989514e-02 9.921822e-01 9.587105e-02 1.629347e+01 9.954482e-01 -7.440342e-02 -5.955637e-02 1.404947e+01
-5.124461e-02 9.562749e-02 -9.940973e-01 -2.417114e+02 8.230807e-02 9.924231e-01 9.122355e-02 1.640330e+01 9.952886e-01 -7.714751e-02 -5.872725e-02 1.396014e+01
-5.334450e-02 9.400058e-02 -9.941420e-01 -2.429475e+02 8.212074e-02 9.926002e-01 8.944830e-02 1.648769e+01 9.951937e-01 -7.686810e-02 -6.066916e-02 1.387986e+01
-4.201831e-02 9.256581e-02 -9.948196e-01 -2.440615e+02 6.293860e-02 9.939666e-01 8.982810e-02 1.711113e+01 9.971325e-01 -5.883813e-02 -4.759076e-02 1.335091e+01
-4.345218e-02 9.210123e-02 -9.948011e-01 -2.452724e+02 6.415022e-02 9.939439e-01 8.921984e-02 1.720218e+01 9.969938e-01 -5.993992e-02 -4.909735e-02 1.326103e+01
-4.526081e-02 9.189206e-02 -9.947398e-01 -2.465075e+02 6.395525e-02 9.939841e-01 8.891227e-02 1.728858e+01 9.969259e-01 -5.959460e-02 -5.086550e-02 1.317747e+01
-7.251717e-02 9.079115e-02 -9.932262e-01 -2.477812e+02 6.219093e-02 9.943218e-01 8.635064e-02 1.740838e+01 9.954263e-01 -5.550775e-02 -7.775179e-02 1.349515e+01
-1.254881e-01 5.470569e-02 -9.905857e-01 -2.490285e+02 8.943962e-03 9.985004e-01 5.400975e-02 1.789933e+01 9.920548e-01 -2.082181e-03 -1.257892e-01 1.410183e+01
-1.277009e-01 5.546984e-02 -9.902604e-01 -2.502945e+02 9.944296e-03 9.984562e-01 5.464655e-02 1.795653e+01 9.917629e-01 -2.869028e-03 -1.280554e-01 1.392474e+01
-1.295790e-01 5.565297e-02 -9.900061e-01 -2.515545e+02 1.031486e-02 9.984453e-01 5.477730e-02 1.800709e+01 9.915154e-01 -3.113785e-03 -1.299516e-01 1.373858e+01
-1.318345e-01 5.692353e-02 -9.896360e-01 -2.528048e+02 1.129162e-02 9.983713e-01 5.592177e-02 1.805850e+01 9.912074e-01 -3.802180e-03 -1.322625e-01 1.356742e+01
-1.339646e-01 5.901219e-02 -9.892275e-01 -2.540515e+02 1.328938e-02 9.982426e-01 5.775029e-02 1.810606e+01 9.908970e-01 -5.409725e-03 -1.345134e-01 1.339567e+01
-1.347175e-01 6.087479e-02 -9.890124e-01 -2.553312e+02 1.419425e-02 9.981272e-01 5.950236e-02 1.816612e+01 9.907824e-01 -6.022284e-03 -1.353292e-01 1.320104e+01
-1.348921e-01 6.332909e-02 -9.888344e-01 -2.566029e+02 1.495307e-02 9.979719e-01 6.187447e-02 1.820658e+01 9.907475e-01 -6.439738e-03 -1.355655e-01 1.300152e+01
-1.346593e-01 6.361633e-02 -9.888477e-01 -2.578832e+02 1.506045e-02 9.979531e-01 6.215121e-02 1.826128e+01 9.907775e-01 -6.523256e-03 -1.353417e-01 1.280815e+01
-1.347330e-01 6.254056e-02 -9.889063e-01 -2.591650e+02 1.355290e-02 9.980291e-01 6.127100e-02 1.831740e+01 9.907893e-01 -5.147321e-03 -1.353150e-01 1.263501e+01
-1.346538e-01 5.952924e-02 -9.891029e-01 -2.604316e+02 1.235461e-02 9.982171e-01 5.839585e-02 1.836380e+01 9.908157e-01 -4.356757e-03 -1.351492e-01 1.245777e+01
-1.345910e-01 5.816934e-02 -9.891924e-01 -2.617253e+02 1.238505e-02 9.982962e-01 5.701957e-02 1.840650e+01 9.908238e-01 -4.576877e-03 -1.350822e-01 1.226552e+01
-1.345403e-01 5.848233e-02 -9.891808e-01 -2.629846e+02 1.303576e-02 9.982749e-01 5.724697e-02 1.844941e+01 9.908224e-01 -5.192703e-03 -1.350705e-01 1.208445e+01
-1.342622e-01 5.706846e-02 -9.893012e-01 -2.642421e+02 1.299123e-02 9.983559e-01 5.582769e-02 1.849113e+01 9.908607e-01 -5.356695e-03 -1.347828e-01 1.190579e+01
-1.336387e-01 5.673946e-02 -9.894045e-01 -2.654943e+02 1.379632e-02 9.983695e-01 5.539010e-02 1.853310e+01 9.909341e-01 -6.247882e-03 -1.342036e-01 1.172703e+01
-1.339226e-01 5.398810e-02 -9.895201e-01 -2.667467e+02 1.436714e-02 9.985158e-01 5.253444e-02 1.856889e+01 9.908876e-01 -7.181028e-03 -1.344995e-01 1.156111e+01
-1.341609e-01 4.993121e-02 -9.897008e-01 -2.680213e+02 1.626450e-02 9.987062e-01 4.818077e-02 1.860685e+01 9.908261e-01 -9.633010e-03 -1.347995e-01 1.138280e+01
-1.342262e-01 4.702546e-02 -9.898343e-01 -2.692916e+02 1.932948e-02 9.988076e-01 4.483060e-02 1.864371e+01 9.907622e-01 -1.311554e-02 -1.349751e-01 1.119965e+01
-1.341715e-01 4.454462e-02 -9.899565e-01 -2.705495e+02 2.117834e-02 9.988899e-01 4.207624e-02 1.867840e+01 9.907318e-01 -1.532020e-02 -1.349660e-01 1.102526e+01
-1.340863e-01 4.566936e-02 -9.899167e-01 -2.717853e+02 1.977151e-02 9.988619e-01 4.340395e-02 1.869405e+01 9.907724e-01 -1.375227e-02 -1.348367e-01 1.085046e+01
-1.339868e-01 4.869399e-02 -9.897861e-01 -2.730169e+02 1.868163e-02 9.987387e-01 4.660551e-02 1.872058e+01 9.908070e-01 -1.224630e-02 -1.347275e-01 1.067944e+01
-1.340108e-01 5.492488e-02 -9.894566e-01 -2.742549e+02 2.267108e-02 9.983715e-01 5.234920e-02 1.875575e+01 9.907205e-01 -1.541669e-02 -1.350378e-01 1.049857e+01
-1.337765e-01 6.123395e-02 -9.891179e-01 -2.755347e+02 2.934810e-02 9.978962e-01 5.780811e-02 1.879739e+01 9.905769e-01 -2.129536e-02 -1.352921e-01 1.032013e+01
-1.332596e-01 6.584907e-02 -9.888912e-01 -2.767954e+02 2.965167e-02 9.976085e-01 6.243379e-02 1.882572e+01 9.906375e-01 -2.100237e-02 -1.348935e-01 1.013901e+01
-1.329719e-01 6.591721e-02 -9.889254e-01 -2.780241e+02 2.279037e-02 9.977254e-01 6.343937e-02 1.886996e+01 9.908577e-01 -1.410232e-02 -1.341717e-01 9.962966e+00
-1.332489e-01 6.332266e-02 -9.890576e-01 -2.792571e+02 1.734413e-02 9.979530e-01 6.155552e-02 1.889414e+01 9.909308e-01 -8.952135e-03 -1.340744e-01 9.769678e+00
-1.333505e-01 5.804926e-02 -9.893674e-01 -2.805000e+02 1.460141e-02 9.982899e-01 5.660474e-02 1.897216e+01 9.909614e-01 -6.897886e-03 -1.339701e-01 9.598200e+00
-1.324706e-01 5.470435e-02 -9.896762e-01 -2.817438e+02 1.553198e-02 9.984678e-01 5.311131e-02 1.902111e+01 9.910652e-01 -8.335940e-03 -1.331173e-01 9.425801e+00
-1.304993e-01 5.426893e-02 -9.899620e-01 -2.830277e+02 1.723399e-02 9.984741e-01 5.246373e-02 1.907241e+01 9.912986e-01 -1.021452e-02 -1.312355e-01 9.245002e+00
-1.290123e-01 5.572840e-02 -9.900758e-01 -2.842732e+02 1.980167e-02 9.983653e-01 5.361473e-02 1.911086e+01 9.914453e-01 -1.268819e-02 -1.299049e-01 9.059212e+00
-1.276357e-01 5.678190e-02 -9.901944e-01 -2.854986e+02 2.111323e-02 9.982892e-01 5.452460e-02 1.915963e+01 9.915964e-01 -1.394692e-02 -1.286162e-01 8.873547e+00
-1.276495e-01 5.674961e-02 -9.901945e-01 -2.867271e+02 2.180550e-02 9.982810e-01 5.440203e-02 1.921379e+01 9.915796e-01 -1.464729e-02 -1.286675e-01 8.731926e+00
-1.271322e-01 5.606793e-02 -9.902998e-01 -2.879562e+02 2.113397e-02 9.983276e-01 5.380931e-02 1.924772e+01 9.916606e-01 -1.408807e-02 -1.281045e-01 8.562847e+00
-1.269761e-01 5.686835e-02 -9.902742e-01 -2.891715e+02 1.961948e-02 9.983038e-01 5.481379e-02 1.928658e+01 9.917117e-01 -1.246862e-02 -1.278765e-01 8.397599e+00
-1.267751e-01 5.705384e-02 -9.902893e-01 -2.903800e+02 1.818946e-02 9.983103e-01 5.518737e-02 1.933759e+01 9.917647e-01 -1.101644e-02 -1.275987e-01 8.230311e+00
-1.266077e-01 5.792414e-02 -9.902602e-01 -2.915933e+02 1.814199e-02 9.982619e-01 5.607268e-02 1.938033e+01 9.917870e-01 -1.086606e-02 -1.274385e-01 8.063437e+00
-1.259687e-01 5.894843e-02 -9.902813e-01 -2.928159e+02 1.811432e-02 9.982032e-01 5.711577e-02 1.941857e+01 9.918688e-01 -1.074347e-02 -1.268102e-01 7.892755e+00
-1.255989e-01 5.952106e-02 -9.902940e-01 -2.940424e+02 1.853522e-02 9.981652e-01 5.764333e-02 1.946312e+01 9.919079e-01 -1.111537e-02 -1.264717e-01 7.726595e+00
-1.255812e-01 5.845232e-02 -9.903599e-01 -2.952758e+02 1.844540e-02 9.982278e-01 5.657775e-02 1.951622e+01 9.919119e-01 -1.116249e-02 -1.264368e-01 7.561065e+00
-1.254939e-01 5.815388e-02 -9.903885e-01 -2.964933e+02 1.693943e-02 9.982606e-01 5.646969e-02 1.955364e+01 9.919498e-01 -9.690022e-03 -1.262607e-01 7.395250e+00
-1.254598e-01 5.791739e-02 -9.904067e-01 -2.977093e+02 1.396417e-02 9.982987e-01 5.660999e-02 1.960980e+01 9.920004e-01 -6.727936e-03 -1.260551e-01 7.233898e+00
-1.256475e-01 5.896577e-02 -9.903210e-01 -2.989254e+02 1.143391e-02 9.982518e-01 5.798730e-02 1.964419e+01 9.920091e-01 -4.037278e-03 -1.261021e-01 7.069138e+00
-1.257580e-01 6.008861e-02 -9.902395e-01 -3.001323e+02 1.034155e-02 9.981892e-01 5.925765e-02 1.969163e+01 9.920070e-01 -2.788491e-03 -1.261517e-01 6.902270e+00
-1.258548e-01 6.300422e-02 -9.900460e-01 -3.013667e+02 1.127412e-02 9.980076e-01 6.207771e-02 1.973170e+01 9.919846e-01 -3.349116e-03 -1.263143e-01 6.729922e+00
-1.262060e-01 6.642120e-02 -9.897779e-01 -3.026284e+02 1.276526e-02 9.977820e-01 6.533065e-02 1.979073e+01 9.919219e-01 -4.389654e-03 -1.267739e-01 6.561317e+00
-1.258770e-01 7.032558e-02 -9.895500e-01 -3.038882e+02 1.415102e-02 9.975100e-01 6.909118e-02 1.985996e+01 9.919449e-01 -5.306151e-03 -1.265588e-01 6.377824e+00
-1.252332e-01 7.241707e-02 -9.894809e-01 -3.051024e+02 1.407965e-02 9.973618e-01 7.121187e-02 1.992710e+01 9.920274e-01 -5.013454e-03 -1.259224e-01 6.188297e+00
-1.254473e-01 7.215957e-02 -9.894726e-01 -3.063329e+02 1.203284e-02 9.973887e-01 7.121132e-02 1.998943e+01 9.920273e-01 -2.972896e-03 -1.259880e-01 6.019836e+00
-1.259069e-01 7.025347e-02 -9.895514e-01 -3.075709e+02 9.449833e-03 9.975290e-01 6.961748e-02 2.006020e+01 9.919970e-01 -5.857715e-04 -1.262597e-01 5.855759e+00
-1.268469e-01 6.767297e-02 -9.896111e-01 -3.087942e+02 8.650847e-03 9.977076e-01 6.711777e-02 2.012498e+01 9.918846e-01 -4.729123e-05 -1.271416e-01 5.694945e+00
-1.271615e-01 6.559908e-02 -9.897104e-01 -3.100252e+02 1.029675e-02 9.978442e-01 6.481522e-02 2.018589e+01 9.918286e-01 -1.948801e-03 -1.275628e-01 5.518786e+00
-1.270888e-01 6.372302e-02 -9.898423e-01 -3.112711e+02 1.107011e-02 9.979632e-01 6.282449e-02 2.023991e+01 9.918296e-01 -2.973375e-03 -1.275353e-01 5.332730e+00
-1.268071e-01 6.474815e-02 -9.898119e-01 -3.125116e+02 1.088805e-02 9.978980e-01 6.388221e-02 2.028916e+01 9.918676e-01 -2.676405e-03 -1.272455e-01 5.145980e+00
-1.250778e-01 6.619759e-02 -9.899361e-01 -3.137247e+02 9.620501e-03 9.978056e-01 6.550829e-02 2.034260e+01 9.921003e-01 -1.330046e-03 -1.254402e-01 4.932251e+00
-1.233860e-01 6.621437e-02 -9.901472e-01 -3.149902e+02 9.261071e-03 9.978048e-01 6.557241e-02 2.040047e+01 9.923155e-01 -1.079106e-03 -1.237284e-01 4.729432e+00
-1.208612e-01 6.408756e-02 -9.905985e-01 -3.162612e+02 9.062635e-03 9.979434e-01 6.345704e-02 2.044869e+01 9.926281e-01 -1.307942e-03 -1.211934e-01 4.519695e+00
-1.203953e-01 6.179590e-02 -9.908008e-01 -3.175217e+02 1.000156e-02 9.980855e-01 6.103492e-02 2.049580e+01 9.926756e-01 -2.561238e-03 -1.207829e-01 4.357585e+00
-1.200751e-01 5.788128e-02 -9.910760e-01 -3.188138e+02 1.032974e-02 9.983177e-01 5.705270e-02 2.054200e+01 9.927111e-01 -3.386949e-03 -1.204710e-01 4.192110e+00
-1.191889e-01 5.581433e-02 -9.913016e-01 -3.200779e+02 1.076313e-02 9.984327e-01 5.492173e-02 2.058487e+01 9.928133e-01 -4.123450e-03 -1.196028e-01 4.016189e+00
-1.185886e-01 5.452963e-02 -9.914450e-01 -3.213206e+02 1.038218e-02 9.985044e-01 5.367607e-02 2.062241e+01 9.928892e-01 -3.927997e-03 -1.189773e-01 3.862971e+00
-1.178379e-01 5.474680e-02 -9.915226e-01 -3.225850e+02 9.425251e-03 9.984958e-01 5.401168e-02 2.067519e+01 9.929881e-01 -2.980725e-03 -1.181767e-01 3.702840e+00
-1.168608e-01 5.573226e-02 -9.915833e-01 -3.238295e+02 1.061728e-02 9.984373e-01 5.486621e-02 2.072060e+01 9.930915e-01 -4.116203e-03 -1.172699e-01 3.550021e+00
-1.153020e-01 5.795849e-02 -9.916382e-01 -3.250821e+02 1.245679e-02 9.983022e-01 5.689958e-02 2.077659e+01 9.932524e-01 -5.792000e-03 -1.158282e-01 3.392793e+00
-1.126823e-01 5.995928e-02 -9.918203e-01 -3.263164e+02 1.367708e-02 9.981767e-01 5.878967e-02 2.081560e+01 9.935369e-01 -6.940655e-03 -1.132969e-01 3.224766e+00
-1.101062e-01 6.297955e-02 -9.919225e-01 -3.275775e+02 1.479537e-02 9.979837e-01 6.172207e-02 2.087319e+01 9.938097e-01 -7.879883e-03 -1.108160e-01 3.057720e+00
-1.080995e-01 6.546979e-02 -9.919820e-01 -3.288737e+02 1.733824e-02 9.978015e-01 6.396447e-02 2.093935e+01 9.939889e-01 -1.028470e-02 -1.089970e-01 2.893580e+00
-1.073332e-01 6.769594e-02 -9.919157e-01 -3.301656e+02 2.152318e-02 9.976036e-01 6.575514e-02 2.100181e+01 9.939901e-01 -1.429147e-02 -1.085330e-01 2.732971e+00
-1.071135e-01 7.015089e-02 -9.917689e-01 -3.314366e+02 2.382772e-02 9.974024e-01 6.797591e-02 2.105996e+01 9.939612e-01 -1.635045e-02 -1.085068e-01 2.572041e+00
-1.073360e-01 7.556389e-02 -9.913471e-01 -3.326847e+02 2.652406e-02 9.969703e-01 7.312067e-02 2.111624e+01 9.938689e-01 -1.844607e-02 -1.090151e-01 2.438746e+00
-1.020383e-01 8.796238e-02 -9.908838e-01 -3.341246e+02 3.216145e-02 9.958539e-01 8.509169e-02 2.108744e+01 9.942604e-01 -2.318565e-02 -1.044443e-01 2.069851e+00
-9.974868e-02 6.268316e-02 -9.930363e-01 -3.355497e+02 2.669415e-02 9.978231e-01 6.030393e-02 2.110532e+01 9.946545e-01 -2.049302e-02 -1.012048e-01 1.895886e+00
-1.023036e-01 6.146469e-02 -9.928525e-01 -3.368515e+02 1.769354e-02 9.980438e-01 5.996293e-02 2.122196e+01 9.945959e-01 -1.143265e-02 -1.031910e-01 1.799277e+00
-1.021366e-01 6.174845e-02 -9.928521e-01 -3.381209e+02 1.117838e-02 9.980798e-01 6.092364e-02 2.126624e+01 9.947076e-01 -4.875943e-03 -1.026307e-01 1.652366e+00
-1.025531e-01 6.319616e-02 -9.927180e-01 -3.394017e+02 1.094177e-02 9.979911e-01 6.240150e-02 2.132026e+01 9.946674e-01 -4.462631e-03 -1.030386e-01 1.508551e+00
-1.026662e-01 6.169358e-02 -9.928009e-01 -3.406884e+02 1.389858e-02 9.980664e-01 6.058353e-02 2.136966e+01 9.946188e-01 -7.578641e-03 -1.033251e-01 1.368789e+00
-1.022183e-01 6.295387e-02 -9.927680e-01 -3.419355e+02 1.459823e-02 9.979829e-01 6.178149e-02 2.141792e+01 9.946549e-01 -8.177457e-03 -1.029311e-01 1.224501e+00
-1.026915e-01 6.228942e-02 -9.927610e-01 -3.431978e+02 1.675497e-02 9.980041e-01 6.088525e-02 2.146872e+01 9.945721e-01 -1.038128e-02 -1.035302e-01 1.093655e+00
-1.032795e-01 6.170638e-02 -9.927365e-01 -3.444976e+02 1.912501e-02 9.980125e-01 6.004465e-02 2.153785e+01 9.944685e-01 -1.278471e-02 -1.042543e-01 9.496496e-01
-1.032368e-01 6.104727e-02 -9.927816e-01 -3.457336e+02 2.059661e-02 9.980320e-01 5.922833e-02 2.158461e+01 9.944435e-01 -1.433339e-02 -1.042910e-01 8.046419e-01
-1.027975e-01 6.242833e-02 -9.927413e-01 -3.469611e+02 2.070260e-02 9.979467e-01 6.061193e-02 2.164082e+01 9.944868e-01 -1.432157e-02 -1.038788e-01 6.515823e-01
-1.031160e-01 6.345609e-02 -9.926432e-01 -3.481799e+02 1.951923e-02 9.978999e-01 6.176447e-02 2.167306e+01 9.944778e-01 -1.300673e-02 -1.041380e-01 5.185310e-01
-1.023345e-01 6.473331e-02 -9.926415e-01 -3.493952e+02 1.735228e-02 9.978447e-01 6.328372e-02 2.171357e+01 9.945987e-01 -1.074849e-02 -1.032372e-01 3.625908e-01
-1.016628e-01 6.564366e-02 -9.926508e-01 -3.505838e+02 1.794545e-02 9.977792e-01 6.414491e-02 2.175347e+01 9.946570e-01 -1.129241e-02 -1.026150e-01 2.151023e-01
-1.013347e-01 6.499404e-02 -9.927271e-01 -3.517620e+02 2.091360e-02 9.977824e-01 6.319021e-02 2.179642e+01 9.946325e-01 -1.435814e-02 -1.024692e-01 7.210468e-02
-1.012775e-01 6.325633e-02 -9.928452e-01 -3.529270e+02 2.353455e-02 9.978496e-01 6.117448e-02 2.183533e+01 9.945798e-01 -1.717057e-02 -1.025484e-01 -6.526081e-02
-1.023805e-01 6.028911e-02 -9.929166e-01 -3.540888e+02 2.551168e-02 9.979925e-01 5.796678e-02 2.186845e+01 9.944181e-01 -1.939630e-02 -1.037131e-01 -1.622114e-01
-1.032337e-01 6.059386e-02 -9.928097e-01 -3.552293e+02 2.901903e-02 9.979013e-01 5.788718e-02 2.190287e+01 9.942337e-01 -2.283447e-02 -1.047754e-01 -2.673579e-01
-1.036552e-01 6.068881e-02 -9.927600e-01 -3.563238e+02 3.082709e-02 9.978532e-01 5.778147e-02 2.194184e+01 9.941354e-01 -2.461455e-02 -1.053036e-01 -3.956356e-01
-1.047179e-01 6.107831e-02 -9.926246e-01 -3.574117e+02 2.576870e-02 9.979438e-01 5.868711e-02 2.197257e+01 9.941681e-01 -1.943305e-02 -1.060765e-01 -5.083114e-01
-1.050362e-01 6.266296e-02 -9.924922e-01 -3.584641e+02 1.421727e-02 9.980054e-01 6.150643e-02 2.200697e+01 9.943668e-01 -7.650129e-03 -1.057176e-01 -6.341568e-01
-1.059358e-01 6.414423e-02 -9.923019e-01 -3.595075e+02 3.255932e-03 9.979343e-01 6.416072e-02 2.204484e+01 9.943676e-01 3.566052e-03 -1.059259e-01 -7.540406e-01
-1.062822e-01 6.442869e-02 -9.922465e-01 -3.605655e+02 -1.369842e-03 9.978881e-01 6.494174e-02 2.209439e+01 9.943351e-01 8.261370e-03 -1.059694e-01 -8.827251e-01
-1.069883e-01 6.501186e-02 -9.921325e-01 -3.616117e+02 1.569668e-03 9.978698e-01 6.521854e-02 2.214159e+01 9.942590e-01 5.420301e-03 -1.068624e-01 -1.003843e+00
-1.078133e-01 6.507552e-02 -9.920390e-01 -3.626657e+02 8.493332e-03 9.978793e-01 6.453558e-02 2.219587e+01 9.941349e-01 -1.467922e-03 -1.081374e-01 -1.117012e+00
-1.087749e-01 6.580337e-02 -9.918860e-01 -3.637129e+02 1.385659e-02 9.978101e-01 6.467680e-02 2.224983e+01 9.939698e-01 -6.708942e-03 -1.094485e-01 -1.235539e+00
-1.093052e-01 6.710840e-02 -9.917403e-01 -3.647649e+02 1.642643e-02 9.977041e-01 6.570150e-02 2.230116e+01 9.938725e-01 -9.109235e-03 -1.101566e-01 -1.353837e+00
-1.077060e-01 7.191610e-02 -9.915783e-01 -3.658452e+02 1.938443e-02 9.973426e-01 7.022861e-02 2.234940e+01 9.939938e-01 -1.165714e-02 -1.088138e-01 -1.532777e+00
-1.056566e-01 7.490719e-02 -9.915773e-01 -3.668957e+02 2.088306e-02 9.971060e-01 7.309967e-02 2.240174e+01 9.941834e-01 -1.298371e-02 -1.069151e-01 -1.676774e+00
-1.034783e-01 7.786625e-02 -9.915791e-01 -3.679216e+02 1.979713e-02 9.968946e-01 7.621770e-02 2.246151e+01 9.944347e-01 -1.174354e-02 -1.046985e-01 -1.805319e+00
-1.000106e-01 7.981492e-02 -9.917799e-01 -3.688875e+02 1.692494e-02 9.967697e-01 7.850977e-02 2.251322e+01 9.948424e-01 -8.934007e-03 -1.010384e-01 -1.916601e+00
-9.561597e-02 8.139826e-02 -9.920846e-01 -3.698559e+02 1.441218e-02 9.966597e-01 8.038461e-02 2.257107e+01 9.953140e-01 -6.612047e-03 -9.646971e-02 -2.027818e+00
-9.035268e-02 7.943757e-02 -9.927367e-01 -3.707602e+02 1.066121e-02 9.968338e-01 7.879510e-02 2.262385e+01 9.958528e-01 -3.464421e-03 -9.091351e-02 -2.103271e+00
-8.175228e-02 8.057732e-02 -9.933901e-01 -3.716436e+02 8.422111e-03 9.967467e-01 8.015648e-02 2.266170e+01 9.966171e-01 -1.813466e-03 -8.216495e-02 -2.184463e+00
-6.835932e-02 7.936815e-02 -9.944987e-01 -3.725194e+02 5.322309e-03 9.968454e-01 7.918959e-02 2.271250e+01 9.976466e-01 1.203175e-04 -6.856610e-02 -2.255325e+00
-5.107099e-02 7.878122e-02 -9.955829e-01 -3.733279e+02 4.048516e-03 9.968919e-01 7.867712e-02 2.276159e+01 9.986868e-01 -1.251497e-05 -5.123121e-02 -2.290496e+00
-3.007006e-02 7.527569e-02 -9.967093e-01 -3.741148e+02 3.998416e-03 9.971613e-01 7.518919e-02 2.279938e+01 9.995398e-01 -1.724314e-03 -3.028569e-02 -2.293359e+00
-5.076219e-03 7.016511e-02 -9.975225e-01 -3.748825e+02 5.405326e-03 9.975227e-01 7.013762e-02 2.284677e+01 9.999725e-01 -5.035900e-03 -5.442909e-03 -2.273921e+00
2.201477e-02 6.493033e-02 -9.976469e-01 -3.755957e+02 7.619124e-03 9.978489e-01 6.511160e-02 2.287318e+01 9.997286e-01 -9.034613e-03 2.147270e-02 -2.216643e+00
5.341220e-02 6.004028e-02 -9.967659e-01 -3.763174e+02 1.177034e-02 9.980836e-01 6.075037e-02 2.289499e+01 9.985032e-01 -1.497708e-02 5.260315e-02 -2.158753e+00
8.697988e-02 5.358642e-02 -9.947678e-01 -3.770187e+02 1.676501e-02 9.983321e-01 5.524431e-02 2.292978e+01 9.960690e-01 -2.148243e-02 8.593643e-02 -2.066066e+00
1.224178e-01 4.691162e-02 -9.913693e-01 -3.776953e+02 2.303102e-02 9.984790e-01 5.009200e-02 2.294308e+01 9.922114e-01 -2.896440e-02 1.211512e-01 -1.956905e+00
1.596286e-01 3.903492e-02 -9.864051e-01 -3.783135e+02 2.771010e-02 9.986470e-01 4.400366e-02 2.296094e+01 9.867882e-01 -3.435762e-02 1.583309e-01 -1.820234e+00
1.994073e-01 3.254664e-02 -9.793761e-01 -3.789355e+02 2.904946e-02 9.988127e-01 3.910721e-02 2.297186e+01 9.794860e-01 -3.624861e-02 1.982250e-01 -1.649675e+00
2.430366e-01 2.731668e-02 -9.696324e-01 -3.795299e+02 2.931488e-02 9.989400e-01 3.549007e-02 2.298565e+01 9.695740e-01 -3.705005e-02 2.419782e-01 -1.476297e+00
2.890224e-01 2.385837e-02 -9.570250e-01 -3.800754e+02 3.124502e-02 9.989217e-01 3.433887e-02 2.297416e+01 9.568123e-01 -3.982697e-02 2.879653e-01 -1.287416e+00
3.377916e-01 1.800921e-02 -9.410486e-01 -3.806364e+02 3.344723e-02 9.989558e-01 3.112336e-02 2.298065e+01 9.406265e-01 -4.198868e-02 3.368365e-01 -1.075635e+00
3.849112e-01 1.261080e-02 -9.228674e-01 -3.811797e+02 3.532501e-02 9.989727e-01 2.838419e-02 2.299347e+01 9.222773e-01 -4.352569e-02 3.840703e-01 -8.182695e-01
4.308300e-01 2.044077e-03 -9.024308e-01 -3.817216e+02 3.556527e-02 9.991821e-01 1.924246e-02 2.300771e+01 9.017320e-01 -4.038542e-02 4.304049e-01 -5.244248e-01
4.755210e-01 3.617385e-04 -8.797043e-01 -3.822330e+02 3.291157e-02 9.992925e-01 1.820114e-02 2.300688e+01 8.790885e-01 -3.760747e-02 4.751726e-01 -2.181296e-01
5.198047e-01 -3.804316e-03 -8.542767e-01 -3.827221e+02 3.376450e-02 9.993002e-01 1.609466e-02 2.301538e+01 8.536176e-01 -3.721031e-02 5.195694e-01 9.928467e-02
5.619534e-01 -6.618830e-03 -8.271424e-01 -3.831961e+02 3.752707e-02 9.991424e-01 1.750039e-02 2.300856e+01 8.263172e-01 -4.087463e-02 5.617199e-01 4.408662e-01
6.018234e-01 -1.384620e-02 -7.985092e-01 -3.836839e+02 4.520794e-02 9.988371e-01 1.675259e-02 2.300387e+01 7.973487e-01 -4.618106e-02 6.017495e-01 8.331074e-01
6.395934e-01 -2.131289e-02 -7.684179e-01 -3.841525e+02 5.120310e-02 9.985768e-01 1.492236e-02 2.300947e+01 7.670062e-01 -4.888962e-02 6.397744e-01 1.284079e+00
6.757546e-01 -2.449533e-02 -7.367196e-01 -3.846019e+02 5.186216e-02 9.985509e-01 1.436946e-02 2.301539e+01 7.353000e-01 -4.791810e-02 6.760457e-01 1.727074e+00
7.101527e-01 -2.443770e-02 -7.036234e-01 -3.850397e+02 5.103077e-02 9.985554e-01 1.682326e-02 2.300664e+01 7.021958e-01 -4.785353e-02 7.103739e-01 2.197656e+00
7.424248e-01 -2.839344e-02 -6.693274e-01 -3.854642e+02 5.300696e-02 9.984588e-01 1.644039e-02 2.300513e+01 6.678291e-01 -4.768477e-02 7.427856e-01 2.714259e+00
7.714601e-01 -3.860985e-02 -6.351052e-01 -3.858543e+02 5.856587e-02 9.982288e-01 1.045459e-02 2.300338e+01 6.335767e-01 -4.526079e-02 7.723549e-01 3.245236e+00
7.978533e-01 -4.636035e-02 -6.010665e-01 -3.862232e+02 6.122643e-02 9.981147e-01 4.286986e-03 2.299737e+01 5.997345e-01 -4.022154e-02 7.991875e-01 3.788417e+00
8.222503e-01 -5.060838e-02 -5.668714e-01 -3.865797e+02 6.105362e-02 9.981343e-01 -5.514606e-04 2.299245e+01 5.658417e-01 -3.415611e-02 8.238061e-01 4.355352e+00
8.445429e-01 -5.111949e-02 -5.330424e-01 -3.869353e+02 5.858737e-02 9.982780e-01 -2.911432e-03 2.298513e+01 5.322733e-01 -2.877072e-02 8.460836e-01 4.932144e+00
8.645613e-01 -5.332893e-02 -4.996897e-01 -3.872711e+02 5.820154e-02 9.982878e-01 -5.841268e-03 2.297569e+01 4.991457e-01 -2.403258e-02 8.661848e-01 5.539031e+00
8.833597e-01 -5.341681e-02 -4.656417e-01 -3.875897e+02 5.763845e-02 9.983241e-01 -5.179517e-03 2.296618e+01 4.651380e-01 -2.226349e-02 8.849582e-01 6.182542e+00
9.006856e-01 -4.947203e-02 -4.316456e-01 -3.879159e+02 5.433711e-02 9.985221e-01 -1.061644e-03 2.295229e+01 4.310602e-01 -2.249817e-02 9.020427e-01 6.868932e+00
9.160739e-01 -4.635320e-02 -3.983215e-01 -3.882297e+02 5.095054e-02 9.987007e-01 9.577318e-04 2.293883e+01 3.977596e-01 -2.117205e-02 9.172454e-01 7.567621e+00
9.284419e-01 -4.406656e-02 -3.688547e-01 -3.884355e+02 4.727610e-02 9.988818e-01 -3.366390e-04 2.292027e+01 3.684571e-01 -1.712547e-02 9.294870e-01 8.262356e+00
9.396715e-01 -4.194217e-02 -3.394971e-01 -3.887073e+02 4.381807e-02 9.990372e-01 -2.141985e-03 2.290618e+01 3.392601e-01 -1.286335e-02 9.406047e-01 9.018226e+00
9.488211e-01 -3.650794e-02 -3.136968e-01 -3.889580e+02 3.758752e-02 9.992899e-01 -2.608225e-03 2.288974e+01 3.135693e-01 -9.316346e-03 9.495196e-01 9.798410e+00
9.558352e-01 -3.223441e-02 -2.921300e-01 -3.892031e+02 3.263388e-02 9.994612e-01 -3.506774e-03 2.290556e+01 2.920856e-01 -6.181437e-03 9.563722e-01 1.060644e+01
9.612070e-01 -2.716018e-02 -2.744876e-01 -3.894061e+02 2.834340e-02 9.995982e-01 3.446898e-04 2.288325e+01 2.743679e-01 -8.111230e-03 9.615906e-01 1.148807e+01
9.659147e-01 -2.208779e-02 -2.579164e-01 -3.896187e+02 2.366088e-02 9.997156e-01 2.996622e-03 2.287922e+01 2.577769e-01 -8.997009e-03 9.661626e-01 1.233972e+01
9.703822e-01 -1.665875e-02 -2.409998e-01 -3.898268e+02 1.854585e-02 9.998125e-01 5.564034e-03 2.287212e+01 2.408620e-01 -9.868785e-03 9.705092e-01 1.320946e+01
9.745986e-01 -1.317275e-02 -2.235710e-01 -3.900240e+02 1.521422e-02 9.998568e-01 7.411048e-03 2.286770e+01 2.234414e-01 -1.062425e-02 9.746595e-01 1.407005e+01
9.783678e-01 -1.137423e-02 -2.065603e-01 -3.902083e+02 1.357252e-02 9.998653e-01 9.228381e-03 2.286167e+01 2.064275e-01 -1.183229e-02 9.783904e-01 1.496047e+01
9.815749e-01 -1.080378e-02 -1.907721e-01 -3.903859e+02 1.307343e-02 9.998579e-01 1.064258e-02 2.285452e+01 1.906300e-01 -1.294053e-02 9.815767e-01 1.587375e+01
9.838427e-01 -1.191391e-02 -1.786383e-01 -3.905605e+02 1.420068e-02 9.998327e-01 1.152788e-02 2.284391e+01 1.784711e-01 -1.387841e-02 9.838473e-01 1.681317e+01
9.852670e-01 -1.414231e-02 -1.704376e-01 -3.907129e+02 1.631365e-02 9.998025e-01 1.134598e-02 2.283469e+01 1.702435e-01 -1.395928e-02 9.853032e-01 1.779164e+01
9.864821e-01 -1.449283e-02 -1.632270e-01 -3.908908e+02 1.640443e-02 9.998117e-01 1.036945e-02 2.283673e+01 1.630460e-01 -1.290692e-02 9.865340e-01 1.877040e+01
9.873559e-01 -1.379285e-02 -1.579180e-01 -3.910246e+02 1.535851e-02 9.998442e-01 8.698263e-03 2.284751e+01 1.577734e-01 -1.101367e-02 9.874139e-01 1.978175e+01
9.882740e-01 -1.324004e-02 -1.521160e-01 -3.911773e+02 1.468230e-02 9.998572e-01 8.361967e-03 2.283915e+01 1.519835e-01 -1.049733e-02 9.883273e-01 2.077300e+01
9.890101e-01 -1.414992e-02 -1.471694e-01 -3.913127e+02 1.561084e-02 9.998396e-01 8.776442e-03 2.284200e+01 1.470217e-01 -1.097743e-02 9.890724e-01 2.184122e+01
9.890722e-01 -1.737475e-02 -1.464043e-01 -3.914429e+02 1.920319e-02 9.997542e-01 1.108482e-02 2.282784e+01 1.461757e-01 -1.377512e-02 9.891627e-01 2.312292e+01
9.893850e-01 -2.125745e-02 -1.437547e-01 -3.916454e+02 2.339088e-02 9.996397e-01 1.316686e-02 2.283124e+01 1.434230e-01 -1.638964e-02 9.895258e-01 2.461642e+01
9.895459e-01 -2.290121e-02 -1.423884e-01 -3.917904e+02 2.536066e-02 9.995585e-01 1.548192e-02 2.283660e+01 1.419709e-01 -1.893113e-02 9.896898e-01 2.567442e+01
9.896735e-01 -2.496203e-02 -1.411499e-01 -3.919291e+02 2.781576e-02 9.994459e-01 1.828071e-02 2.282695e+01 1.406154e-01 -2.201812e-02 9.898194e-01 2.673250e+01
9.898512e-01 -2.616664e-02 -1.396781e-01 -3.920715e+02 2.914602e-02 9.993883e-01 1.932720e-02 2.281687e+01 1.390869e-01 -2.320211e-02 9.900083e-01 2.778440e+01
9.900475e-01 -2.602656e-02 -1.383060e-01 -3.922166e+02 2.901863e-02 9.993855e-01 1.966113e-02 2.279717e+01 1.377093e-01 -2.347890e-02 9.901944e-01 2.887593e+01
9.902427e-01 -2.740367e-02 -1.366323e-01 -3.923726e+02 3.031260e-02 9.993550e-01 1.925487e-02 2.281057e+01 1.360165e-01 -2.320868e-02 9.904347e-01 2.992675e+01
9.905718e-01 -2.867851e-02 -1.339591e-01 -3.925496e+02 3.146255e-02 9.993298e-01 1.871190e-02 2.280299e+01 1.333327e-01 -2.275017e-02 9.908102e-01 3.093673e+01
9.909706e-01 -2.922840e-02 -1.308551e-01 -3.927133e+02 3.185699e-02 9.993296e-01 1.803931e-02 2.280044e+01 1.302401e-01 -2.204507e-02 9.912374e-01 3.196371e+01
9.873986e-01 -1.515262e-02 -1.575260e-01 -3.921905e+02 1.479569e-02 9.998846e-01 -3.438298e-03 2.341214e+01 1.575600e-01 1.064263e-03 9.875088e-01 3.450123e+01
9.879255e-01 -1.616890e-02 -1.540835e-01 -3.923769e+02 1.595456e-02 9.998693e-01 -2.627621e-03 2.339555e+01 1.541059e-01 1.375595e-04 9.880543e-01 3.551566e+01
9.883795e-01 -1.851333e-02 -1.508747e-01 -3.925445e+02 1.871219e-02 9.998249e-01 -1.016709e-04 2.333519e+01 1.508502e-01 -2.722707e-03 9.885529e-01 3.646878e+01
9.887272e-01 -1.986164e-02 -1.484049e-01 -3.927197e+02 2.013763e-02 9.997972e-01 3.572055e-04 2.332083e+01 1.483677e-01 -3.341702e-03 9.889266e-01 3.747610e+01
9.889349e-01 -1.996367e-02 -1.470006e-01 -3.928722e+02 2.019857e-02 9.997960e-01 1.052482e-04 2.329708e+01 1.469685e-01 -3.073286e-03 9.891364e-01 3.850092e+01
9.891424e-01 -2.083254e-02 -1.454759e-01 -3.930162e+02 2.084893e-02 9.997816e-01 -1.412116e-03 2.328175e+01 1.454735e-01 -1.636232e-03 9.893608e-01 3.948475e+01
9.893722e-01 -2.053378e-02 -1.439483e-01 -3.931679e+02 2.049123e-02 9.997885e-01 -1.778328e-03 2.326731e+01 1.439543e-01 -1.190249e-03 9.895836e-01 4.046752e+01
9.896172e-01 -2.000418e-02 -1.423291e-01 -3.933085e+02 2.015623e-02 9.997968e-01 -3.735499e-04 2.323841e+01 1.423077e-01 -2.499146e-03 9.898193e-01 4.144453e+01
9.898710e-01 -1.924974e-02 -1.406587e-01 -3.934573e+02 1.960433e-02 9.998072e-01 1.135618e-03 2.321922e+01 1.406097e-01 -3.881635e-03 9.900575e-01 4.242859e+01
9.900998e-01 -2.015473e-02 -1.389110e-01 -3.936011e+02 2.060440e-02 9.997861e-01 1.799709e-03 2.319728e+01 1.388450e-01 -4.644068e-03 9.903032e-01 4.340354e+01
9.903148e-01 -2.079801e-02 -1.372738e-01 -3.937552e+02 2.119906e-02 9.997742e-01 1.460047e-03 2.317699e+01 1.372124e-01 -4.355981e-03 9.905321e-01 4.438084e+01
9.905974e-01 -2.083130e-02 -1.352141e-01 -3.939206e+02 2.135230e-02 9.997691e-01 2.403951e-03 2.314555e+01 1.351328e-01 -5.268480e-03 9.908135e-01 4.535532e+01
9.908513e-01 -2.210304e-02 -1.331360e-01 -3.940951e+02 2.257606e-02 9.997430e-01 2.044205e-03 2.313390e+01 1.330566e-01 -5.031190e-03 9.910957e-01 4.633165e+01
9.910734e-01 -2.205907e-02 -1.314794e-01 -3.942429e+02 2.252912e-02 9.997440e-01 2.088436e-03 2.311100e+01 1.313996e-01 -5.031908e-03 9.913167e-01 4.728183e+01
9.913081e-01 -2.184316e-02 -1.297349e-01 -3.943928e+02 2.213536e-02 9.997547e-01 8.105409e-04 2.309941e+01 1.296853e-01 -3.675223e-03 9.915484e-01 4.822451e+01
9.915559e-01 -2.016261e-02 -1.281030e-01 -3.945177e+02 2.027240e-02 9.997944e-01 -4.469564e-04 2.307941e+01 1.280857e-01 -2.153773e-03 9.917608e-01 4.915346e+01
9.918910e-01 -1.995272e-02 -1.255154e-01 -3.946633e+02 1.985988e-02 9.998008e-01 -1.991038e-03 2.305108e+01 1.255301e-01 -5.178274e-04 9.920897e-01 5.008356e+01
9.922672e-01 -1.865011e-02 -1.227111e-01 -3.947958e+02 1.855118e-02 9.998260e-01 -1.948755e-03 2.303051e+01 1.227261e-01 -3.427515e-04 9.924405e-01 5.099842e+01
9.926349e-01 -1.728409e-02 -1.199051e-01 -3.949035e+02 1.735501e-02 9.998493e-01 -4.528055e-04 2.300495e+01 1.198949e-01 -1.631484e-03 9.927853e-01 5.190502e+01
9.930493e-01 -1.781841e-02 -1.163427e-01 -3.950182e+02 1.800256e-02 9.998378e-01 5.321627e-04 2.298924e+01 1.163143e-01 -2.622930e-03 9.932090e-01 5.282307e+01
9.935262e-01 -1.745049e-02 -1.122550e-01 -3.951137e+02 1.759943e-02 9.998451e-01 3.359738e-04 2.298030e+01 1.122318e-01 -2.309424e-03 9.936794e-01 5.372088e+01
9.941871e-01 -1.709080e-02 -1.063014e-01 -3.952237e+02 1.723455e-02 9.998514e-01 4.337393e-04 2.295940e+01 1.062782e-01 -2.263274e-03 9.943339e-01 5.459640e+01
9.949565e-01 -1.570277e-02 -9.907052e-02 -3.953173e+02 1.595531e-02 9.998712e-01 1.757241e-03 2.292989e+01 9.903016e-02 -3.329079e-03 9.950789e-01 5.545033e+01
9.959146e-01 -1.422932e-02 -8.917177e-02 -3.954014e+02 1.455954e-02 9.998893e-01 3.053868e-03 2.290307e+01 8.911845e-02 -4.339692e-03 9.960116e-01 5.631204e+01
9.969473e-01 -1.222912e-02 -7.711398e-02 -3.954797e+02 1.256499e-02 9.999136e-01 3.871770e-03 2.288699e+01 7.705996e-02 -4.828887e-03 9.970148e-01 5.714591e+01
9.979308e-01 -1.157392e-02 -6.324657e-02 -3.955360e+02 1.181786e-02 9.999241e-01 3.484193e-03 2.287711e+01 6.320144e-02 -4.224423e-03 9.979918e-01 5.796587e+01
9.988358e-01 -1.136939e-02 -4.688058e-02 -3.955841e+02 1.153597e-02 9.999281e-01 3.284286e-03 2.285822e+01 4.683987e-02 -3.821276e-03 9.988951e-01 5.876845e+01
9.995358e-01 -1.085364e-02 -2.846779e-02 -3.955878e+02 1.095019e-02 9.999348e-01 3.238079e-03 2.285294e+01 2.843079e-02 -3.548304e-03 9.995895e-01 5.958290e+01
9.998933e-01 -1.254087e-02 -7.494815e-03 -3.955882e+02 1.258604e-02 9.999027e-01 6.010178e-03 2.284634e+01 7.418714e-03 -6.103867e-03 9.999539e-01 6.038048e+01
9.997181e-01 -1.816318e-02 1.529318e-02 -3.955630e+02 1.800900e-02 9.997862e-01 1.015950e-02 2.283743e+01 -1.547444e-02 -9.881221e-03 9.998314e-01 6.115308e+01
9.988430e-01 -2.706489e-02 3.975230e-02 -3.955134e+02 2.661567e-02 9.995763e-01 1.178664e-02 2.282648e+01 -4.005446e-02 -1.071497e-02 9.991400e-01 6.192162e+01
9.971988e-01 -3.458263e-02 6.632255e-02 -3.954448e+02 3.384330e-02 9.993522e-01 1.223905e-02 2.281261e+01 -6.670284e-02 -9.960187e-03 9.977232e-01 6.265238e+01
9.945240e-01 -4.344456e-02 9.505091e-02 -3.953464e+02 4.266931e-02 9.990374e-01 1.017443e-02 2.280533e+01 -9.540144e-02 -6.062954e-03 9.954204e-01 6.340362e+01
9.906512e-01 -5.380162e-02 1.253620e-01 -3.952239e+02 5.309223e-02 9.985491e-01 8.995382e-03 2.280327e+01 -1.256641e-01 -2.255537e-03 9.920703e-01 6.414399e+01
9.854641e-01 -6.205129e-02 1.581463e-01 -3.950903e+02 6.126074e-02 9.980730e-01 9.873512e-03 2.279235e+01 -1.584542e-01 -4.183414e-05 9.873663e-01 6.484792e+01
9.788219e-01 -6.939238e-02 1.925938e-01 -3.949371e+02 6.839673e-02 9.975882e-01 1.182177e-02 2.279157e+01 -1.929496e-01 1.601377e-03 9.812074e-01 6.553513e+01
9.709133e-01 -7.562645e-02 2.271741e-01 -3.947541e+02 7.431867e-02 9.971318e-01 1.431746e-02 2.278875e+01 -2.276053e-01 2.982263e-03 9.737489e-01 6.621764e+01
9.614851e-01 -8.014864e-02 2.629116e-01 -3.945466e+02 7.893028e-02 9.967641e-01 1.521041e-02 2.277564e+01 -2.632799e-01 6.127104e-03 9.647000e-01 6.689520e+01
9.501999e-01 -8.036802e-02 3.011000e-01 -3.943398e+02 7.953886e-02 9.967184e-01 1.503311e-02 2.276590e+01 -3.013201e-01 9.664691e-03 9.534741e-01 6.753333e+01
9.368035e-01 -7.992140e-02 3.406050e-01 -3.941044e+02 7.963552e-02 9.967135e-01 1.484389e-02 2.275972e+01 -3.406719e-01 1.321844e-02 9.400893e-01 6.815289e+01
9.214408e-01 -7.558563e-02 3.810953e-01 -3.938545e+02 7.727461e-02 9.969503e-01 1.089263e-02 2.275370e+01 -3.807564e-01 1.941207e-02 9.244716e-01 6.875900e+01
9.027296e-01 -7.223522e-02 4.241005e-01 -3.935777e+02 7.762343e-02 9.969722e-01 4.582735e-03 2.274734e+01 -4.231475e-01 2.878317e-02 9.056035e-01 6.935457e+01
8.798061e-01 -7.203480e-02 4.698428e-01 -3.932598e+02 8.035922e-02 9.967632e-01 2.343558e-03 2.273742e+01 -4.684908e-01 3.569432e-02 8.827470e-01 6.992401e+01
8.532716e-01 -7.241371e-02 5.164144e-01 -3.929126e+02 8.299197e-02 9.965468e-01 2.612179e-03 2.273281e+01 -5.148203e-01 4.062935e-02 8.563348e-01 7.048530e+01
8.242857e-01 -7.346922e-02 5.613869e-01 -3.925420e+02 8.747301e-02 9.961650e-01 1.932202e-03 2.274403e+01 -5.593760e-01 4.751352e-02 8.275512e-01 7.102376e+01
7.930591e-01 -7.019975e-02 6.050862e-01 -3.921431e+02 8.684958e-02 9.962199e-01 1.747741e-03 2.273416e+01 -6.029216e-01 5.116542e-02 7.961581e-01 7.155605e+01
7.597078e-01 -6.774652e-02 6.467260e-01 -3.917247e+02 8.707425e-02 9.961997e-01 2.069007e-03 2.271564e+01 -6.444084e-01 5.474134e-02 7.627196e-01 7.206553e+01
7.257521e-01 -6.104592e-02 6.852425e-01 -3.912710e+02 8.517852e-02 9.963646e-01 -1.451311e-03 2.271626e+01 -6.826628e-01 5.942123e-02 7.283136e-01 7.252586e+01
6.895681e-01 -5.784136e-02 7.219073e-01 -3.907800e+02 8.776375e-02 9.961332e-01 -4.019063e-03 2.271531e+01 -7.188834e-01 6.612871e-02 6.919781e-01 7.296305e+01
6.524955e-01 -5.109105e-02 7.560683e-01 -3.902626e+02 8.738529e-02 9.961417e-01 -8.100575e-03 2.270716e+01 -7.527373e-01 7.135484e-02 6.544426e-01 7.337822e+01
6.150966e-01 -4.660156e-02 7.870733e-01 -3.897614e+02 8.965165e-02 9.959114e-01 -1.109604e-02 2.269651e+01 -7.833382e-01 7.738756e-02 6.167596e-01 7.375821e+01
