9.999965e-01 2.607946e-03 3.899873e-04 -1.561645e-02 -2.608593e-03 9.999952e-01 1.668058e-03 -1.977618e-02 -3.856352e-04 -1.669070e-03 9.999985e-01 7.817415e-01
9.999857e-01 5.200159e-03 1.243323e-03 -4.949193e-02 -5.202428e-03 9.999848e-01 1.828862e-03 -3.004905e-02 -1.233794e-03 -1.835304e-03 9.999976e-01 1.571114e+00
9.999731e-01 7.064419e-03 1.963892e-03 -6.331313e-02 -7.067949e-03 9.999734e-01 1.796640e-03 -5.377107e-02 -1.951147e-03 -1.810472e-03 9.999965e-01 2.354221e+00
9.999535e-01 9.422555e-03 2.061070e-03 -6.618097e-02 -9.426071e-03 9.999541e-01 1.703129e-03 -7.585807e-02 -2.044928e-03 -1.722478e-03 9.999964e-01 3.101355e+00
9.999508e-01 9.605047e-03 2.464286e-03 -6.908143e-02 -9.608275e-03 9.999530e-01 1.301214e-03 -8.519319e-02 -2.451672e-03 -1.324828e-03 9.999961e-01 3.826238e+00
9.999446e-01 1.008269e-02 3.017043e-03 -7.973206e-02 -1.008957e-02 9.999465e-01 2.274970e-03 -9.502280e-02 -2.993944e-03 -2.305285e-03 9.999929e-01 4.546094e+00
9.999351e-01 1.083586e-02 3.507884e-03 -8.117343e-02 -1.085441e-02 9.999270e-01 5.312098e-03 -1.073709e-01 -3.450066e-03 -5.349829e-03 9.999797e-01 5.243455e+00
9.999312e-01 1.055538e-02 5.109274e-03 -8.862091e-02 -1.060351e-02 9.998988e-01 9.486441e-03 -1.166871e-01 -5.008624e-03 -9.539965e-03 9.999419e-01 5.926461e+00
9.999301e-01 1.017754e-02 6.024094e-03 -7.780790e-02 -1.025774e-02 9.998571e-01 1.343494e-02 -1.406580e-01 -5.886499e-03 -1.349579e-02 9.998916e-01 6.576992e+00
9.999296e-01 9.661156e-03 6.889498e-03 -7.393461e-02 -9.766709e-03 9.998329e-01 1.545542e-02 -1.467365e-01 -6.739029e-03 -1.552162e-02 9.998568e-01 7.206771e+00
9.999172e-01 1.020256e-02 7.841759e-03 -6.954114e-02 -1.032308e-02 9.998268e-01 1.548502e-02 -1.580430e-01 -7.682414e-03 -1.556469e-02 9.998493e-01 7.807457e+00
9.998982e-01 1.128089e-02 8.739112e-03 -6.267488e-02 -1.139456e-02 9.998497e-01 1.306855e-02 -1.688977e-01 -8.590374e-03 -1.316680e-02 9.998764e-01 8.382401e+00
9.998913e-01 1.122870e-02 9.552655e-03 -5.705802e-02 -1.132390e-02 9.998862e-01 9.970361e-03 -1.733771e-01 -9.439613e-03 -1.007745e-02 9.999047e-01 8.919504e+00
9.998960e-01 9.525166e-03 1.082529e-02 -4.205591e-02 -9.612667e-03 9.999213e-01 8.060003e-03 -1.718519e-01 -1.074766e-02 -8.163224e-03 9.999089e-01 9.439257e+00
9.998980e-01 6.087270e-03 1.291806e-02 -4.283569e-02 -6.161959e-03 9.999645e-01 5.749835e-03 -1.817160e-01 -1.288260e-02 -5.828849e-03 9.999000e-01 9.924785e+00
9.998819e-01 4.414839e-03 1.471911e-02 -3.299504e-02 -4.479888e-03 9.999803e-01 4.389344e-03 -1.844078e-01 -1.469944e-02 -4.454765e-03 9.998820e-01 1.037968e+01
9.998285e-01 8.203217e-03 1.660208e-02 -2.900584e-02 -8.247792e-03 9.999626e-01 2.618231e-03 -2.040312e-01 -1.657998e-02 -2.754712e-03 9.998587e-01 1.080051e+01
9.997309e-01 1.254764e-02 1.951112e-02 -2.456939e-02 -1.258485e-02 9.999192e-01 1.785884e-03 -2.185100e-01 -1.948713e-02 -2.030948e-03 9.998080e-01 1.118909e+01
9.996512e-01 1.278883e-02 2.310763e-02 -2.020326e-02 -1.286151e-02 9.999128e-01 2.999306e-03 -2.277592e-01 -2.306726e-02 -3.295459e-03 9.997285e-01 1.154505e+01
9.996091e-01 8.874254e-03 2.651247e-02 -1.158864e-02 -8.974737e-03 9.999530e-01 3.673424e-03 -2.397294e-01 -2.647862e-02 -3.909930e-03 9.996417e-01 1.187105e+01
9.995663e-01 4.247226e-03 2.913896e-02 4.793430e-03 -4.356118e-03 9.999838e-01 3.674533e-03 -2.455466e-01 -2.912288e-02 -3.799873e-03 9.995686e-01 1.216319e+01
9.995040e-01 2.037677e-04 3.149282e-02 1.667553e-02 -3.804869e-04 9.999842e-01 5.605520e-03 -2.628380e-01 -3.149118e-02 -5.614722e-03 9.994883e-01 1.242501e+01
9.994137e-01 2.802681e-04 3.423695e-02 2.350051e-02 -5.012857e-04 9.999791e-01 6.447112e-03 -2.648938e-01 -3.423443e-02 -6.460495e-03 9.993929e-01 1.265482e+01
9.993355e-01 8.735393e-04 3.643773e-02 2.860146e-02 -1.067314e-03 9.999854e-01 5.298849e-03 -2.639228e-01 -3.643257e-02 -5.334218e-03 9.993219e-01 1.286230e+01
9.992548e-01 1.427226e-03 3.857222e-02 3.486781e-02 -1.581803e-03 9.999908e-01 3.977250e-03 -2.717312e-01 -3.856619e-02 -4.035299e-03 9.992479e-01 1.304701e+01
9.991411e-01 3.906830e-03 4.125275e-02 3.568236e-02 -4.034868e-03 9.999873e-01 3.020939e-03 -2.763269e-01 -4.124042e-02 -3.184794e-03 9.991442e-01 1.322501e+01
9.990567e-01 6.613119e-03 4.291743e-02 3.970918e-02 -6.716927e-03 9.999749e-01 2.275012e-03 -2.794759e-01 -4.290130e-02 -2.561140e-03 9.990760e-01 1.339349e+01
9.989986e-01 8.041304e-03 4.401330e-02 5.330932e-02 -8.082248e-03 9.999671e-01 7.523941e-04 -2.842914e-01 -4.400580e-02 -1.107367e-03 9.990307e-01 1.355769e+01
9.989373e-01 7.243760e-03 4.551794e-02 7.049994e-02 -7.199069e-03 9.999734e-01 -1.145695e-03 -2.834036e-01 -4.552503e-02 8.167902e-04 9.989629e-01 1.371665e+01
9.988721e-01 6.049362e-03 4.709577e-02 7.818179e-02 -5.912344e-03 9.999779e-01 -3.048111e-03 -2.769971e-01 -4.711316e-02 2.766227e-03 9.988857e-01 1.387075e+01
9.988398e-01 5.280592e-03 4.786530e-02 9.406630e-02 -5.105614e-03 9.999798e-01 -3.777155e-03 -2.866111e-01 -4.788428e-02 3.528391e-03 9.988467e-01 1.401226e+01
9.987737e-01 5.789701e-03 4.916790e-02 1.055468e-01 -5.555531e-03 9.999726e-01 -4.897982e-03 -2.962841e-01 -4.919491e-02 4.618822e-03 9.987785e-01 1.413973e+01
9.987257e-01 6.313376e-03 5.007136e-02 1.164335e-01 -5.991062e-03 9.999604e-01 -6.584568e-03 -3.122648e-01 -5.011095e-02 6.276197e-03 9.987239e-01 1.426599e+01
9.986896e-01 6.828552e-03 5.071880e-02 1.269294e-01 -6.363827e-03 9.999363e-01 -9.318626e-03 -3.039837e-01 -5.077921e-02 8.983649e-03 9.986695e-01 1.438917e+01
9.986627e-01 6.005924e-03 5.134920e-02 1.391160e-01 -5.427120e-03 9.999202e-01 -1.140394e-02 -3.103185e-01 -5.141360e-02 1.111001e-02 9.986156e-01 1.451356e+01
9.987027e-01 5.069760e-03 5.066775e-02 1.495829e-01 -4.389300e-03 9.998988e-01 -1.353210e-02 -3.118650e-01 -5.073123e-02 1.329215e-02 9.986239e-01 1.464596e+01
9.988084e-01 4.651144e-03 4.858146e-02 1.520758e-01 -3.947299e-03 9.998860e-01 -1.457384e-02 -3.180918e-01 -4.864371e-02 1.436471e-02 9.987129e-01 1.478133e+01
9.989587e-01 4.772096e-03 4.537414e-02 1.566023e-01 -4.082453e-03 9.998749e-01 -1.527956e-02 -3.251179e-01 -4.544138e-02 1.507841e-02 9.988532e-01 1.490525e+01
9.991398e-01 5.001870e-03 4.116502e-02 1.598031e-01 -4.335349e-03 9.998583e-01 -1.626483e-02 -3.316922e-01 -4.124055e-02 1.607237e-02 9.990200e-01 1.503254e+01
9.993700e-01 5.104995e-03 3.512129e-02 1.658102e-01 -4.513077e-03 9.998468e-01 -1.691222e-02 -3.445571e-01 -3.520224e-02 1.674306e-02 9.992399e-01 1.515259e+01
9.995988e-01 4.521278e-03 2.796086e-02 1.725082e-01 -4.034366e-03 9.998397e-01 -1.744601e-02 -3.531721e-01 -2.803525e-02 1.732621e-02 9.994568e-01 1.527770e+01
9.997748e-01 4.696831e-03 2.069510e-02 1.693551e-01 -4.319651e-03 9.998244e-01 -1.823275e-02 -3.583996e-01 -2.077710e-02 1.813925e-02 9.996196e-01 1.540263e+01
9.999141e-01 4.259303e-03 1.239541e-02 1.664102e-01 -4.020873e-03 9.998076e-01 -1.919709e-02 -3.624673e-01 -1.247480e-02 1.914560e-02 9.997389e-01 1.552885e+01
9.999925e-01 2.863422e-03 2.616118e-03 1.522824e-01 -2.808852e-03 9.997832e-01 -2.063001e-02 -3.643255e-01 -2.674624e-03 2.062251e-02 9.997838e-01 1.566798e+01
9.999430e-01 9.040024e-04 -1.063652e-02 1.472675e-01 -1.143536e-03 9.997454e-01 -2.253541e-02 -3.686976e-01 1.061344e-02 2.254629e-02 9.996895e-01 1.581605e+01
9.996428e-01 -2.258807e-05 -2.672468e-02 1.213720e-01 -6.375092e-04 9.996949e-01 -2.469113e-02 -3.708360e-01 2.671708e-02 2.469935e-02 9.993379e-01 1.597808e+01
9.989158e-01 -2.262388e-04 -4.655244e-02 1.018202e-01 -9.745731e-04 9.996674e-01 -2.577051e-02 -3.750943e-01 4.654279e-02 2.578794e-02 9.985834e-01 1.615672e+01
9.976447e-01 1.452325e-04 -6.859277e-02 6.831420e-02 -1.893554e-03 9.996750e-01 -2.542409e-02 -3.801904e-01 6.856678e-02 2.549409e-02 9.973207e-01 1.634626e+01
9.956855e-01 -7.506262e-05 -9.279221e-02 3.151058e-02 -2.172500e-03 9.997067e-01 -2.412021e-02 -3.815044e-01 9.276681e-02 2.421773e-02 9.953933e-01 1.655742e+01
9.928001e-01 -9.807171e-05 -1.197833e-01 -2.362701e-02 -2.636149e-03 9.997396e-01 -2.266772e-02 -3.874930e-01 1.197544e-01 2.282028e-02 9.925412e-01 1.677241e+01
9.885926e-01 -5.028434e-05 -1.506142e-01 -7.244377e-02 -3.111897e-03 9.997797e-01 -2.075948e-02 -3.948045e-01 1.505820e-01 2.099136e-02 9.883746e-01 1.700449e+01
9.829837e-01 -2.068037e-03 -1.836813e-01 -1.620634e-01 -1.251746e-03 9.998380e-01 -1.795581e-02 -3.940021e-01 1.836887e-01 1.788019e-02 9.828218e-01 1.724681e+01
9.753175e-01 -2.277559e-03 -2.207951e-01 -2.588025e-01 -9.546204e-04 9.998940e-01 -1.453101e-02 -3.986977e-01 2.208048e-01 1.438312e-02 9.752120e-01 1.751391e+01
9.653810e-01 -1.702565e-03 -2.608385e-01 -3.598580e-01 -8.508294e-04 9.999528e-01 -9.675947e-03 -4.035953e-01 2.608427e-01 9.562904e-03 9.653340e-01 1.777692e+01
9.529579e-01 7.014628e-04 -3.031018e-01 -4.525373e-01 -2.270533e-03 9.999858e-01 -4.824352e-03 -4.045194e-01 3.030941e-01 5.285607e-03 9.529460e-01 1.802760e+01
9.383829e-01 3.085460e-03 -3.455836e-01 -5.823118e-01 -3.558457e-03 9.999934e-01 -7.342821e-04 -4.055721e-01 3.455791e-01 1.918782e-03 9.383877e-01 1.829748e+01
9.211277e-01 3.316757e-03 -3.892465e-01 -7.190448e-01 -1.993437e-03 9.999908e-01 3.803545e-03 -4.041870e-01 3.892555e-01 -2.727613e-03 9.211258e-01 1.856286e+01
9.014370e-01 4.562649e-03 -4.328863e-01 -8.907288e-01 5.617712e-05 9.999432e-01 1.065645e-02 -4.214921e-01 4.329103e-01 -9.630434e-03 9.013855e-01 1.883486e+01
8.790645e-01 6.956157e-03 -4.766521e-01 -1.056090e+00 1.005523e-03 9.998642e-01 1.644624e-02 -4.172500e-01 4.767018e-01 -1.493659e-02 8.789382e-01 1.909063e+01
8.537913e-01 1.124530e-02 -5.204939e-01 -1.271562e+00 -1.380749e-04 9.997715e-01 2.137363e-02 -4.230193e-01 5.206154e-01 -1.817676e-02 8.535978e-01 1.936422e+01
8.255547e-01 1.415698e-02 -5.641445e-01 -1.478659e+00 -7.759536e-04 9.997128e-01 2.395188e-02 -4.124126e-01 5.643216e-01 -1.933584e-02 8.253286e-01 1.961023e+01
7.941791e-01 1.946786e-02 -6.073718e-01 -1.729067e+00 -3.962546e-03 9.996314e-01 2.685952e-02 -4.087556e-01 6.076708e-01 -1.892453e-02 7.939635e-01 1.987752e+01
7.601025e-01 2.245180e-02 -6.494152e-01 -1.993515e+00 -4.947822e-03 9.995739e-01 2.876646e-02 -3.973871e-01 6.497844e-01 -1.865227e-02 7.598897e-01 2.013344e+01
7.223571e-01 2.643626e-02 -6.910147e-01 -2.300956e+00 -5.449679e-03 9.994556e-01 3.253947e-02 -3.945611e-01 6.914987e-01 -1.973931e-02 7.221079e-01 2.040954e+01
6.829472e-01 2.768772e-02 -7.299428e-01 -2.617989e+00 -4.210693e-03 9.994140e-01 3.396953e-02 -3.967815e-01 7.304556e-01 -2.012583e-02 6.826636e-01 2.066029e+01
6.413388e-01 2.796555e-02 -7.667480e-01 -2.968869e+00 -3.420188e-03 9.994298e-01 3.359135e-02 -3.891686e-01 7.672502e-01 -1.892102e-02 6.410687e-01 2.091510e+01
5.983347e-01 2.617480e-02 -8.008186e-01 -3.337881e+00 1.012088e-04 9.994638e-01 3.274314e-02 -4.025075e-01 8.012463e-01 -1.967241e-02 5.980112e-01 2.114876e+01
5.526459e-01 2.476800e-02 -8.330481e-01 -3.738101e+00 2.569487e-03 9.995029e-01 3.142160e-02 -3.882775e-01 8.334122e-01 -1.950553e-02 5.523075e-01 2.139357e+01
5.048113e-01 2.606460e-02 -8.628361e-01 -4.149766e+00 3.786345e-03 9.994676e-01 3.240721e-02 -3.798498e-01 8.632214e-01 -1.962652e-02 5.044438e-01 2.161538e+01
4.541361e-01 2.864320e-02 -8.904718e-01 -4.592953e+00 1.781900e-03 9.994519e-01 3.305745e-02 -3.664991e-01 8.909305e-01 -1.659931e-02 4.538361e-01 2.181363e+01
4.007922e-01 2.673164e-02 -9.157789e-01 -5.044284e+00 2.743183e-03 9.995347e-01 3.037704e-02 -3.505250e-01 9.161649e-01 -1.468703e-02 4.005324e-01 2.198454e+01
3.464425e-01 2.500250e-02 -9.377379e-01 -5.531230e+00 3.563565e-03 9.996025e-01 2.796850e-02 -3.356384e-01 9.380644e-01 -1.303117e-02 3.462157e-01 2.213346e+01
2.917280e-01 2.605945e-02 -9.561463e-01 -6.013584e+00 2.382405e-03 9.996059e-01 2.797082e-02 -3.285991e-01 9.564984e-01 -1.043780e-02 2.915509e-01 2.226355e+01
2.380098e-01 2.747862e-02 -9.708740e-01 -6.531781e+00 8.080106e-03 9.995091e-01 3.026991e-02 -3.207672e-01 9.712291e-01 -1.504930e-02 2.376709e-01 2.235448e+01
1.862902e-01 2.855309e-02 -9.820798e-01 -7.097342e+00 1.308677e-02 9.994168e-01 3.153958e-02 -3.124959e-01 9.824076e-01 -1.872777e-02 1.858079e-01 2.241971e+01
1.371242e-01 2.654745e-02 -9.901981e-01 -7.675201e+00 1.544273e-02 9.994620e-01 2.893435e-02 -3.048120e-01 9.904335e-01 -1.925896e-02 1.366405e-01 2.248674e+01
9.229343e-02 2.643194e-02 -9.953810e-01 -8.318770e+00 1.719013e-02 9.994563e-01 2.813406e-02 -2.995438e-01 9.955835e-01 -1.970732e-02 9.178889e-02 2.250628e+01
5.147737e-02 2.948393e-02 -9.982388e-01 -8.950312e+00 1.508809e-02 9.994271e-01 3.029709e-02 -2.925207e-01 9.985602e-01 -1.662113e-02 5.100302e-02 2.252434e+01
1.573550e-02 3.414124e-02 -9.992931e-01 -9.598863e+00 1.021044e-02 9.993593e-01 3.430428e-02 -2.731607e-01 9.998241e-01 -1.074301e-02 1.537682e-02 2.252205e+01
-1.299349e-02 3.744940e-02 -9.992140e-01 -1.026980e+01 1.015629e-02 9.992518e-01 3.731875e-02 -2.458770e-01 9.998640e-01 -9.663402e-03 -1.336411e-02 2.249774e+01
-3.428710e-02 4.002037e-02 -9.986104e-01 -1.099246e+01 1.423232e-02 9.991162e-01 3.955198e-02 -2.218380e-01 9.993107e-01 -1.285642e-02 -3.482638e-02 2.246216e+01
-4.762627e-02 3.949241e-02 -9.980842e-01 -1.174671e+01 2.034840e-02 9.990491e-01 3.855961e-02 -2.089309e-01 9.986579e-01 -1.847297e-02 -4.838459e-02 2.242841e+01
-5.561819e-02 4.016665e-02 -9.976439e-01 -1.250792e+01 2.309199e-02 9.989750e-01 3.893287e-02 -1.922287e-01 9.981850e-01 -2.087220e-02 -5.648870e-02 2.237529e+01
-5.934089e-02 3.913112e-02 -9.974705e-01 -1.328736e+01 2.014826e-02 9.990748e-01 3.799541e-02 -1.692418e-01 9.980344e-01 -1.784262e-02 -6.007441e-02 2.231279e+01
-5.919777e-02 3.178736e-02 -9.977400e-01 -1.408021e+01 1.557087e-02 9.994007e-01 3.091642e-02 -1.449097e-01 9.981248e-01 -1.370550e-02 -5.965725e-02 2.227282e+01
-5.559575e-02 2.004686e-02 -9.982521e-01 -1.490430e+01 1.263028e-02 9.997325e-01 1.937318e-02 -1.220162e-01 9.983735e-01 -1.153114e-02 -5.583408e-02 2.223649e+01
-5.041789e-02 1.896573e-02 -9.985481e-01 -1.575083e+01 1.291823e-02 9.997484e-01 1.833628e-02 -1.185440e-01 9.986447e-01 -1.197499e-02 -5.065021e-02 2.220677e+01
-4.543642e-02 2.051346e-02 -9.987566e-01 -1.661109e+01 1.166093e-02 9.997319e-01 2.000300e-02 -1.172114e-01 9.988992e-01 -1.073757e-02 -4.566345e-02 2.217266e+01
-4.261437e-02 1.629828e-02 -9.989586e-01 -1.747903e+01 4.853244e-03 9.998585e-01 1.610592e-02 -1.101326e-01 9.990798e-01 -4.161846e-03 -4.268744e-02 2.214054e+01
-4.062597e-02 1.803199e-02 -9.990117e-01 -1.835224e+01 -5.394065e-03 9.998186e-01 1.826591e-02 -1.182446e-01 9.991599e-01 6.130804e-03 -4.052133e-02 2.210542e+01
-3.969081e-02 2.532410e-02 -9.988910e-01 -1.924095e+01 -1.330532e-02 9.995768e-01 2.587017e-02 -1.102752e-01 9.991234e-01 1.431738e-02 -3.933707e-02 2.204871e+01
-4.127649e-02 3.070955e-02 -9.986757e-01 -2.016602e+01 -1.541224e-02 9.993891e-01 3.136849e-02 -9.868031e-02 9.990289e-01 1.668661e-02 -4.077797e-02 2.200174e+01
-4.453580e-02 4.007293e-02 -9.982037e-01 -2.110964e+01 -8.969166e-03 9.991389e-01 4.051064e-02 -6.220221e-02 9.989675e-01 1.075723e-02 -4.413803e-02 2.194141e+01
-4.896015e-02 4.532968e-02 -9.977716e-01 -2.208642e+01 -7.308006e-04 9.989677e-01 4.541988e-02 -2.196961e-02 9.988005e-01 2.952936e-03 -4.887648e-02 2.186868e+01
-5.304865e-02 4.720955e-02 -9.974754e-01 -2.310099e+01 9.133689e-03 9.988630e-01 4.678947e-02 1.592018e-02 9.985502e-01 -6.628511e-03 -5.341954e-02 2.179035e+01
-5.455996e-02 4.824299e-02 -9.973444e-01 -2.413853e+01 1.935834e-02 9.986955e-01 4.724935e-02 5.007844e-02 9.983228e-01 -1.672900e-02 -5.542270e-02 2.172054e+01
-5.582898e-02 4.650947e-02 -9.973565e-01 -2.517848e+01 2.711555e-02 9.986166e-01 4.505039e-02 7.928045e-02 9.980721e-01 -2.452875e-02 -5.701288e-02 2.166489e+01
-5.715511e-02 4.565837e-02 -9.973207e-01 -2.620570e+01 2.794172e-02 9.986355e-01 4.411726e-02 1.044450e-01 9.979742e-01 -2.534533e-02 -5.835290e-02 2.159325e+01
-5.875185e-02 4.719542e-02 -9.971564e-01 -2.724418e+01 2.489816e-02 9.986404e-01 4.579867e-02 1.455196e-01 9.979621e-01 -2.213660e-02 -5.984705e-02 2.151651e+01
-6.170076e-02 4.769202e-02 -9.969546e-01 -2.826544e+01 2.005048e-02 9.987154e-01 4.653535e-02 1.699720e-01 9.978933e-01 -1.711815e-02 -6.257774e-02 2.145436e+01
-6.648018e-02 4.781366e-02 -9.966415e-01 -2.925537e+01 1.490916e-02 9.987873e-01 4.692210e-02 1.992015e-01 9.976764e-01 -1.173970e-02 -6.711242e-02 2.139417e+01
-7.252555e-02 4.781403e-02 -9.962198e-01 -3.028244e+01 1.012240e-02 9.988340e-01 4.720258e-02 2.288619e-01 9.973152e-01 -6.660741e-03 -7.292498e-02 2.131993e+01
-7.951816e-02 4.934671e-02 -9.956113e-01 -3.130965e+01 8.549343e-03 9.987710e-01 4.882050e-02 2.498822e-01 9.967968e-01 -4.629706e-03 -7.984231e-02 2.123999e+01
-8.607417e-02 4.939256e-02 -9.950636e-01 -3.236395e+01 1.098866e-02 9.987566e-01 4.862534e-02 2.842265e-01 9.962281e-01 -6.749032e-03 -8.650990e-02 2.114323e+01
-9.278020e-02 5.129031e-02 -9.943647e-01 -3.345187e+01 1.622187e-02 9.986177e-01 4.999608e-02 3.179465e-01 9.955545e-01 -1.149181e-02 -9.348397e-02 2.105295e+01
-9.899257e-02 5.430452e-02 -9.936053e-01 -3.454815e+01 1.939202e-02 9.984255e-01 5.263594e-02 3.682194e-01 9.948992e-01 -1.405745e-02 -9.988978e-02 2.094677e+01
-1.034645e-01 5.821200e-02 -9.929282e-01 -3.564245e+01 2.236486e-02 9.981696e-01 5.618883e-02 4.000415e-01 9.943817e-01 -1.639315e-02 -1.045770e-01 2.083099e+01
-1.053842e-01 6.306638e-02 -9.924297e-01 -3.672844e+01 2.464211e-02 9.978461e-01 6.079388e-02 4.374936e-01 9.941262e-01 -1.804885e-02 -1.067113e-01 2.069174e+01
-1.065983e-01 6.701912e-02 -9.920409e-01 -3.784541e+01 2.673979e-02 9.975582e-01 6.451857e-02 4.809588e-01 9.939425e-01 -1.964940e-02 -1.081301e-01 2.055057e+01
-1.085922e-01 6.834028e-02 -9.917345e-01 -3.894132e+01 2.644918e-02 9.974796e-01 6.584006e-02 5.310740e-01 9.937345e-01 -1.908085e-02 -1.101260e-01 2.043991e+01
-1.099079e-01 6.878207e-02 -9.915590e-01 -4.002928e+01 2.587089e-02 9.974627e-01 6.632397e-02 5.786704e-01 9.936050e-01 -1.836298e-02 -1.114085e-01 2.030198e+01
-1.108722e-01 7.036670e-02 -9.913405e-01 -4.109254e+01 2.549621e-02 9.973634e-01 6.794270e-02 6.307233e-01 9.935076e-01 -1.774247e-02 -1.123739e-01 2.016882e+01
-1.121065e-01 7.250380e-02 -9.910476e-01 -4.220195e+01 2.520114e-02 9.972213e-01 7.010473e-02 6.810944e-01 9.933766e-01 -1.711633e-02 -1.136222e-01 2.005429e+01
-1.128292e-01 7.661885e-02 -9.906559e-01 -4.329445e+01 2.354128e-02 9.969488e-01 7.442436e-02 7.443474e-01 9.933355e-01 -1.492407e-02 -1.142886e-01 1.991774e+01
-1.129568e-01 8.196701e-02 -9.902132e-01 -4.439849e+01 1.959241e-02 9.965815e-01 8.025919e-02 8.108546e-01 9.934067e-01 -1.033484e-02 -1.141766e-01 1.978552e+01
-1.121080e-01 8.297940e-02 -9.902253e-01 -4.549647e+01 1.918666e-02 9.965023e-01 8.133319e-02 8.815081e-01 9.935108e-01 -9.881015e-03 -1.133080e-01 1.964985e+01
-1.105595e-01 8.325462e-02 -9.903763e-01 -4.661243e+01 2.386544e-02 9.964203e-01 8.109851e-02 9.403089e-01 9.935829e-01 -1.466956e-02 -1.121507e-01 1.951730e+01
-1.084805e-01 8.322240e-02 -9.906089e-01 -4.773411e+01 2.701590e-02 9.963684e-01 8.074777e-02 1.013080e+00 9.937314e-01 -1.800263e-02 -1.103349e-01 1.936835e+01
-1.070430e-01 8.132201e-02 -9.909231e-01 -4.884252e+01 2.627943e-02 9.965326e-01 7.894357e-02 1.089184e+00 9.939070e-01 -1.759054e-02 -1.088090e-01 1.923514e+01
-1.048035e-01 8.047347e-02 -9.912317e-01 -4.997559e+01 2.552980e-02 9.966099e-01 7.821082e-02 1.154795e+00 9.941652e-01 -1.710918e-02 -1.065026e-01 1.911828e+01
-1.004319e-01 8.447872e-02 -9.913510e-01 -5.111227e+01 2.684751e-02 9.962561e-01 8.217684e-02 1.221440e+00 9.945816e-01 -1.836213e-02 -1.023240e-01 1.899138e+01
-9.437803e-02 8.887644e-02 -9.915613e-01 -5.224779e+01 2.848172e-02 9.958404e-01 8.654907e-02 1.302970e+00 9.951289e-01 -2.007304e-02 -9.651681e-02 1.886198e+01
-8.768586e-02 9.222529e-02 -9.918698e-01 -5.336492e+01 2.871687e-02 9.955253e-01 9.002648e-02 1.382908e+00 9.957342e-01 -2.058935e-02 -8.994191e-02 1.871995e+01
-8.117879e-02 9.310896e-02 -9.923410e-01 -5.449985e+01 2.820837e-02 9.954428e-01 9.109240e-02 1.462932e+00 9.963003e-01 -2.059755e-02 -8.343530e-02 1.859144e+01
-7.460387e-02 9.227815e-02 -9.929345e-01 -5.563934e+01 2.793203e-02 9.955120e-01 9.041903e-02 1.534969e+00 9.968220e-01 -2.098907e-02 -7.684656e-02 1.846829e+01
-6.846082e-02 9.051000e-02 -9.935397e-01 -5.677050e+01 2.706987e-02 9.956780e-01 8.883953e-02 1.627898e+00 9.972865e-01 -2.081296e-02 -7.061503e-02 1.835069e+01
-6.292817e-02 8.900813e-02 -9.940410e-01 -5.791706e+01 2.753966e-02 9.957907e-01 8.742139e-02 1.714777e+00 9.976380e-01 -2.187429e-02 -6.511454e-02 1.826125e+01
-5.656642e-02 8.792133e-02 -9.945200e-01 -5.907168e+01 2.847490e-02 9.958518e-01 8.641947e-02 1.807010e+00 9.979927e-01 -2.343042e-02 -5.883532e-02 1.816864e+01
-5.088872e-02 8.870358e-02 -9.947573e-01 -6.024739e+01 2.927156e-02 9.957524e-01 8.729487e-02 1.903605e+00 9.982753e-01 -2.467577e-02 -5.326906e-02 1.810528e+01
-4.619643e-02 8.775251e-02 -9.950705e-01 -6.142668e+01 2.826984e-02 9.958499e-01 8.650881e-02 1.993978e+00 9.985323e-01 -2.413409e-02 -4.848546e-02 1.806097e+01
-4.113169e-02 8.755476e-02 -9.953102e-01 -6.261271e+01 2.328976e-02 9.959665e-01 8.665004e-02 2.083505e+00 9.988823e-01 -1.961648e-02 -4.300492e-02 1.799937e+01
-3.550283e-02 8.673925e-02 -9.955982e-01 -6.377174e+01 1.810342e-02 9.961186e-01 8.613902e-02 2.160806e+00 9.992056e-01 -1.496555e-02 -3.693531e-02 1.791124e+01
-3.055347e-02 8.656491e-02 -9.957776e-01 -6.494741e+01 1.691370e-02 9.961448e-01 8.607787e-02 2.260751e+00 9.993900e-01 -1.421230e-02 -3.189981e-02 1.783193e+01
-2.657462e-02 8.548834e-02 -9.959847e-01 -6.614754e+01 1.920093e-02 9.961964e-01 8.499419e-02 2.344283e+00 9.994624e-01 -1.686514e-02 -2.811500e-02 1.776833e+01
-2.381858e-02 8.605758e-02 -9.960054e-01 -6.731839e+01 1.866727e-02 9.961526e-01 8.562389e-02 2.427265e+00 9.995420e-01 -1.655326e-02 -2.533341e-02 1.771294e+01
-2.206022e-02 8.830663e-02 -9.958490e-01 -6.848824e+01 1.754227e-02 9.959723e-01 8.792896e-02 2.530415e+00 9.996027e-01 -1.552972e-02 -2.352047e-02 1.766101e+01
-2.091913e-02 8.965395e-02 -9.957533e-01 -6.967967e+01 1.787276e-02 9.958456e-01 8.928679e-02 2.625772e+00 9.996214e-01 -1.592905e-02 -2.243459e-02 1.762345e+01
-1.940846e-02 9.029766e-02 -9.957257e-01 -7.085959e+01 1.737536e-02 9.957933e-01 8.996511e-02 2.710358e+00 9.996606e-01 -1.555501e-02 -2.089577e-02 1.758282e+01
-1.849085e-02 9.069652e-02 -9.957069e-01 -7.206539e+01 1.543089e-02 9.957844e-01 9.041702e-02 2.797285e+00 9.997099e-01 -1.369275e-02 -1.981243e-02 1.756152e+01
-1.776179e-02 8.959386e-02 -9.958200e-01 -7.329149e+01 1.422521e-02 9.958989e-01 8.934724e-02 2.875069e+00 9.997410e-01 -1.257878e-02 -1.896343e-02 1.753041e+01
-1.736346e-02 8.681092e-02 -9.960735e-01 -7.451833e+01 1.448196e-02 9.961410e-01 8.656436e-02 2.945580e+00 9.997444e-01 -1.292204e-02 -1.855364e-02 1.750061e+01
-1.698422e-02 8.528226e-02 -9.962121e-01 -7.573601e+01 1.552783e-02 9.962581e-01 8.502148e-02 3.021026e+00 9.997352e-01 -1.402499e-02 -1.824492e-02 1.746889e+01
-1.710519e-02 8.559398e-02 -9.961833e-01 -7.696216e+01 1.827601e-02 9.961893e-01 8.528069e-02 3.103770e+00 9.996867e-01 -1.674751e-02 -1.860432e-02 1.744388e+01
-1.655961e-02 8.813755e-02 -9.959707e-01 -7.818293e+01 2.225748e-02 9.958929e-01 8.776061e-02 3.176683e+00 9.996151e-01 -2.071451e-02 -1.845332e-02 1.741656e+01
-1.609246e-02 9.090838e-02 -9.957292e-01 -7.938743e+01 2.219071e-02 9.956454e-01 9.054209e-02 3.261800e+00 9.996242e-01 -2.063889e-02 -1.803971e-02 1.739417e+01
-1.575313e-02 9.134602e-02 -9.956946e-01 -8.060685e+01 1.961403e-02 9.956548e-01 9.103205e-02 3.348463e+00 9.996835e-01 -1.809554e-02 -1.747635e-02 1.736966e+01
-1.514052e-02 9.089632e-02 -9.957453e-01 -8.180488e+01 1.724279e-02 9.957351e-01 9.063320e-02 3.433998e+00 9.997367e-01 -1.579719e-02 -1.664326e-02 1.733739e+01
-1.526082e-02 8.812381e-02 -9.959926e-01 -8.298835e+01 1.652960e-02 9.959947e-01 8.787073e-02 3.518115e+00 9.997469e-01 -1.512238e-02 -1.665635e-02 1.730254e+01
-1.504119e-02 8.690030e-02 -9.961035e-01 -8.419877e+01 1.760132e-02 9.960848e-01 8.663289e-02 3.606246e+00 9.997319e-01 -1.622967e-02 -1.651187e-02 1.727494e+01
-1.482475e-02 8.667105e-02 -9.961267e-01 -8.538623e+01 2.021509e-02 9.960585e-01 8.636427e-02 3.697972e+00 9.996857e-01 -1.885647e-02 -1.651838e-02 1.724708e+01
-1.384603e-02 8.670039e-02 -9.961382e-01 -8.659922e+01 2.257885e-02 9.960068e-01 8.637511e-02 3.787211e+00 9.996492e-01 -2.129570e-02 -1.574833e-02 1.719070e+01
-1.300662e-02 8.746765e-02 -9.960824e-01 -8.780081e+01 2.282535e-02 9.959331e-01 8.715649e-02 3.880037e+00 9.996549e-01 -2.160232e-02 -1.495020e-02 1.713064e+01
-1.157980e-02 8.764717e-02 -9.960843e-01 -8.905228e+01 2.106461e-02 9.959514e-01 8.739059e-02 3.949931e+00 9.997111e-01 -1.997016e-02 -1.337917e-02 1.705643e+01
-1.125907e-02 8.616982e-02 -9.962168e-01 -9.024524e+01 1.966982e-02 9.961063e-01 8.593796e-02 4.036279e+00 9.997431e-01 -1.862782e-02 -1.291017e-02 1.703421e+01
-1.128785e-02 8.492522e-02 -9.963234e-01 -9.140738e+01 2.047329e-02 9.961976e-01 8.468255e-02 4.117146e+00 9.997267e-01 -1.944214e-02 -1.298363e-02 1.701735e+01
-1.106818e-02 8.269382e-02 -9.965135e-01 -9.256682e+01 2.342962e-02 9.963224e-01 8.241773e-02 4.193326e+00 9.996642e-01 -2.243572e-02 -1.296497e-02 1.700441e+01
-1.121192e-02 8.163031e-02 -9.965996e-01 -9.373518e+01 2.618499e-02 9.963444e-01 8.131482e-02 4.261096e+00 9.995942e-01 -2.518426e-02 -1.330842e-02 1.698842e+01
-1.054907e-02 8.203518e-02 -9.965736e-01 -9.492090e+01 2.759252e-02 9.962734e-01 8.171840e-02 4.343866e+00 9.995636e-01 -2.663592e-02 -1.277332e-02 1.696490e+01
-9.683804e-03 8.447151e-02 -9.963788e-01 -9.608700e+01 2.921657e-02 9.960241e-01 8.415748e-02 4.421872e+00 9.995262e-01 -2.829581e-02 -1.211327e-02 1.693329e+01
-8.891810e-03 8.659945e-02 -9.962035e-01 -9.723786e+01 2.864614e-02 9.958561e-01 8.631356e-02 4.483331e+00 9.995501e-01 -2.776991e-02 -1.133570e-02 1.690144e+01
-8.391582e-03 8.874629e-02 -9.960189e-01 -9.840313e+01 2.502690e-02 9.957606e-01 8.851242e-02 4.549164e+00 9.996516e-01 -2.418451e-02 -1.057705e-02 1.687039e+01
-8.266770e-03 9.006952e-02 -9.959012e-01 -9.956442e+01 2.342621e-02 9.956793e-01 8.985500e-02 4.626403e+00 9.996914e-01 -2.258738e-02 -1.034104e-02 1.686504e+01
-7.928387e-03 8.972508e-02 -9.959350e-01 -1.007487e+02 2.169221e-02 9.957474e-01 8.953549e-02 4.708145e+00 9.997333e-01 -2.089416e-02 -9.841006e-03 1.684897e+01
-8.415413e-03 8.827844e-02 -9.960603e-01 -1.019263e+02 2.174004e-02 9.958763e-01 8.807846e-02 4.799760e+00 9.997282e-01 -2.091317e-02 -1.029989e-02 1.684076e+01
-7.903218e-03 8.756576e-02 -9.961274e-01 -1.031135e+02 2.360781e-02 9.958972e-01 8.735822e-02 4.888176e+00 9.996901e-01 -2.282597e-02 -9.938028e-03 1.680594e+01
-7.399171e-03 8.660243e-02 -9.962155e-01 -1.043219e+02 2.513343e-02 9.959441e-01 8.639217e-02 4.981078e+00 9.996567e-01 -2.439908e-02 -9.545777e-03 1.677793e+01
-7.527917e-03 9.007930e-02 -9.959061e-01 -1.054988e+02 2.425795e-02 9.956577e-01 8.987347e-02 5.055940e+00 9.996774e-01 -2.348208e-02 -9.680368e-03 1.676136e+01
-7.199290e-03 9.411713e-02 -9.955351e-01 -1.066836e+02 2.537103e-02 9.952576e-01 9.390743e-02 5.138455e+00 9.996522e-01 -2.458168e-02 -9.552997e-03 1.673267e+01
-7.979377e-03 9.596914e-02 -9.953523e-01 -1.078776e+02 2.499074e-02 9.950923e-01 9.574372e-02 5.223389e+00 9.996558e-01 -2.411061e-02 -1.033856e-02 1.675841e+01
-7.108083e-03 9.793922e-02 -9.951670e-01 -1.090979e+02 2.114273e-02 9.949844e-01 9.777023e-02 5.304324e+00 9.997512e-01 -2.034559e-02 -9.143134e-03 1.670931e+01
-7.803794e-03 9.699614e-02 -9.952542e-01 -1.102891e+02 1.737369e-02 9.951474e-01 9.684951e-02 5.392356e+00 9.998186e-01 -1.653544e-02 -9.451106e-03 1.669002e+01
-7.708556e-03 9.429441e-02 -9.955145e-01 -1.115035e+02 1.714240e-02 9.954103e-01 9.415179e-02 5.475541e+00 9.998233e-01 -1.633973e-02 -9.289608e-03 1.664516e+01
-9.296057e-03 8.909055e-02 -9.959801e-01 -1.130272e+02 1.645992e-02 9.959019e-01 8.892992e-02 5.620895e+00 9.998213e-01 -1.556706e-02 -1.072438e-02 1.667837e+01
-9.947296e-03 8.863426e-02 -9.960146e-01 -1.142562e+02 1.814642e-02 9.959158e-01 8.844424e-02 5.723528e+00 9.997859e-01 -1.719432e-02 -1.151506e-02 1.666394e+01
-1.105565e-02 8.802868e-02 -9.960566e-01 -1.154931e+02 2.215036e-02 9.958946e-01 8.776851e-02 5.817620e+00 9.996935e-01 -2.109268e-02 -1.296013e-02 1.665051e+01
-1.202682e-02 8.617486e-02 -9.962074e-01 -1.167402e+02 2.224914e-02 9.960559e-01 8.589315e-02 5.904025e+00 9.996801e-01 -2.113173e-02 -1.389670e-02 1.663427e+01
-1.240743e-02 8.593227e-02 -9.962237e-01 -1.180033e+02 1.715738e-02 9.961720e-01 8.571412e-02 6.007619e+00 9.997758e-01 -1.602910e-02 -1.383431e-02 1.661638e+01
-1.307579e-02 8.668213e-02 -9.961502e-01 -1.192810e+02 1.315760e-02 9.961640e-01 8.651062e-02 6.106459e+00 9.998279e-01 -1.197576e-02 -1.416616e-02 1.659086e+01
-1.378132e-02 8.494672e-02 -9.962902e-01 -1.206062e+02 1.202301e-02 9.963269e-01 8.478353e-02 6.196988e+00 9.998327e-01 -1.080998e-02 -1.475202e-02 1.655729e+01
-1.353437e-02 8.695937e-02 -9.961199e-01 -1.218454e+02 1.355514e-02 9.961356e-01 8.677656e-02 6.274170e+00 9.998165e-01 -1.232808e-02 -1.466081e-02 1.652418e+01
-1.338795e-02 9.245477e-02 -9.956269e-01 -1.231057e+02 1.838596e-02 9.955705e-01 9.220231e-02 6.361490e+00 9.997413e-01 -1.707116e-02 -1.502852e-02 1.648842e+01
-1.283625e-02 9.815078e-02 -9.950888e-01 -1.243914e+02 2.156883e-02 9.949664e-01 9.786048e-02 6.466733e+00 9.996850e-01 -2.020674e-02 -1.488863e-02 1.644598e+01
-1.195157e-02 1.049718e-01 -9.944034e-01 -1.257021e+02 2.178824e-02 9.942656e-01 1.046954e-01 6.575627e+00 9.996912e-01 -2.041503e-02 -1.417018e-02 1.640458e+01
-1.174271e-02 1.080623e-01 -9.940748e-01 -1.270603e+02 1.977287e-02 9.939740e-01 1.078178e-01 6.697928e+00 9.997355e-01 -1.838964e-02 -1.380865e-02 1.639662e+01
-1.212089e-02 1.100246e-01 -9.938550e-01 -1.283466e+02 1.838270e-02 9.937845e-01 1.097926e-01 6.814164e+00 9.997576e-01 -1.693896e-02 -1.406810e-02 1.636850e+01
-1.160666e-02 1.092562e-01 -9.939459e-01 -1.296812e+02 1.893745e-02 9.938585e-01 1.090255e-01 6.903602e+00 9.997533e-01 -1.755738e-02 -1.360442e-02 1.631841e+01
-1.146268e-02 1.079929e-01 -9.940856e-01 -1.310200e+02 1.726756e-02 9.940240e-01 1.077871e-01 7.033236e+00 9.997852e-01 -1.592990e-02 -1.325895e-02 1.629937e+01
-1.148997e-02 1.077219e-01 -9.941147e-01 -1.322973e+02 1.784276e-02 9.940441e-01 1.075080e-01 7.143615e+00 9.997748e-01 -1.650249e-02 -1.334359e-02 1.626165e+01
-1.197804e-02 1.072818e-01 -9.941565e-01 -1.335875e+02 2.308578e-02 9.939925e-01 1.069859e-01 7.260812e+00 9.996617e-01 -2.166939e-02 -1.438276e-02 1.623445e+01
-1.265123e-02 1.052337e-01 -9.943670e-01 -1.348995e+02 2.720998e-02 9.941146e-01 1.048608e-01 7.380353e+00 9.995497e-01 -2.573009e-02 -1.544018e-02 1.622102e+01
-1.246024e-02 1.053521e-01 -9.943569e-01 -1.362060e+02 2.694405e-02 9.941084e-01 1.049881e-01 7.466465e+00 9.995593e-01 -2.548382e-02 -1.522544e-02 1.622218e+01
-1.159219e-02 1.044035e-01 -9.944675e-01 -1.375047e+02 2.622021e-02 9.942241e-01 1.040723e-01 7.561962e+00 9.995890e-01 -2.486872e-02 -1.426272e-02 1.619350e+01
-1.013093e-02 1.027870e-01 -9.946518e-01 -1.388017e+02 2.598149e-02 9.943941e-01 1.024958e-01 7.654850e+00 9.996111e-01 -2.480416e-02 -1.274469e-02 1.616294e+01
-8.697357e-03 1.032271e-01 -9.946198e-01 -1.400651e+02 2.551205e-02 9.943565e-01 1.029767e-01 7.753701e+00 9.996367e-01 -2.447916e-02 -1.128181e-02 1.613178e+01
-7.854514e-03 1.035156e-01 -9.945968e-01 -1.413400e+02 2.752795e-02 9.942729e-01 1.032645e-01 7.862702e+00 9.995902e-01 -2.656812e-02 -1.065910e-02 1.611019e+01
-6.723974e-03 1.041183e-01 -9.945422e-01 -1.425926e+02 3.096647e-02 9.941094e-01 1.038636e-01 7.972542e+00 9.994978e-01 -3.009909e-02 -9.908542e-03 1.608142e+01
-4.985352e-03 1.056142e-01 -9.943947e-01 -1.438857e+02 3.206824e-02 9.939125e-01 1.054022e-01 8.078147e+00 9.994732e-01 -3.136302e-02 -8.341866e-03 1.605448e+01
-3.964685e-03 1.073528e-01 -9.942131e-01 -1.451462e+02 2.946619e-02 9.938017e-01 1.071909e-01 8.180683e+00 9.995579e-01 -2.887070e-02 -7.103389e-03 1.603180e+01
-3.420362e-03 1.057556e-01 -9.943863e-01 -1.464146e+02 2.662622e-02 9.940492e-01 1.056281e-01 8.278943e+00 9.996396e-01 -2.611546e-02 -6.215879e-03 1.599818e+01
-2.878369e-03 1.023657e-01 -9.947427e-01 -1.476833e+02 2.538501e-02 9.944337e-01 1.022605e-01 8.375054e+00 9.996736e-01 -2.495721e-02 -5.460901e-03 1.596262e+01
-2.542420e-03 1.008825e-01 -9.948951e-01 -1.489274e+02 2.470358e-02 9.946010e-01 1.007896e-01 8.484714e+00 9.996916e-01 -2.432122e-02 -5.020853e-03 1.593021e+01
-2.770652e-03 9.805516e-02 -9.951771e-01 -1.501813e+02 2.487702e-02 9.948797e-01 9.795659e-02 8.586017e+00 9.996867e-01 -2.448564e-02 -5.195786e-03 1.591101e+01
-2.933710e-03 9.670007e-02 -9.953092e-01 -1.514291e+02 2.335628e-02 9.950486e-01 9.660590e-02 8.684681e+00 9.997229e-01 -2.296331e-02 -5.177738e-03 1.589736e+01
-2.961466e-03 9.589705e-02 -9.953869e-01 -1.527063e+02 2.345058e-02 9.951241e-01 9.580197e-02 8.790212e+00 9.997206e-01 -2.305868e-02 -5.195867e-03 1.588914e+01
-3.168732e-03 9.350630e-02 -9.956136e-01 -1.540162e+02 2.624764e-02 9.952834e-01 9.339175e-02 8.884055e+00 9.996504e-01 -2.583658e-02 -5.608106e-03 1.588480e+01
-2.723368e-03 9.151817e-02 -9.957997e-01 -1.553020e+02 2.731669e-02 9.954386e-01 9.141028e-02 8.992042e+00 9.996231e-01 -2.695300e-02 -5.210919e-03 1.585120e+01
-2.136231e-03 8.910156e-02 -9.960203e-01 -1.565603e+02 2.610114e-02 9.956882e-01 8.901587e-02 9.071713e+00 9.996570e-01 -2.580710e-02 -4.452672e-03 1.581541e+01
-1.519538e-03 9.060466e-02 -9.958858e-01 -1.578319e+02 2.617268e-02 9.955494e-01 9.053412e-02 9.166197e+00 9.996563e-01 -2.592743e-02 -3.884142e-03 1.577593e+01
5.865255e-04 9.157482e-02 -9.957980e-01 -1.591186e+02 3.082608e-02 9.953233e-01 9.154933e-02 9.269878e+00 9.995246e-01 -3.075024e-02 -2.239110e-03 1.571739e+01
1.404881e-03 9.643560e-02 -9.953382e-01 -1.603701e+02 3.780701e-02 9.946225e-01 9.641961e-02 9.354591e+00 9.992841e-01 -3.776622e-02 -2.248615e-03 1.570296e+01
2.924987e-03 1.004892e-01 -9.949339e-01 -1.616079e+02 3.801439e-02 9.942078e-01 1.005276e-01 9.443255e+00 9.992729e-01 -3.811584e-02 -9.119892e-04 1.568670e+01
5.304585e-03 1.045573e-01 -9.945047e-01 -1.628846e+02 3.383945e-02 9.939303e-01 1.046774e-01 9.559358e+00 9.994132e-01 -3.420877e-02 1.734227e-03 1.565686e+01
7.682063e-03 1.060218e-01 -9.943341e-01 -1.641390e+02 2.868575e-02 9.939309e-01 1.062004e-01 9.653615e+00 9.995590e-01 -2.933906e-02 4.594126e-03 1.563318e+01
9.044476e-03 1.080183e-01 -9.941078e-01 -1.654235e+02 2.751321e-02 9.937452e-01 1.082292e-01 9.757695e+00 9.995805e-01 -2.832997e-02 6.015975e-03 1.562433e+01
1.069361e-02 1.027086e-01 -9.946540e-01 -1.666540e+02 2.433441e-02 9.943896e-01 1.029429e-01 9.863945e+00 9.996467e-01 -2.530515e-02 8.134261e-03 1.561550e+01
1.099832e-02 9.921696e-02 -9.950050e-01 -1.678741e+02 1.996997e-02 9.948450e-01 9.942174e-02 9.969545e+00 9.997401e-01 -2.096369e-02 8.960263e-03 1.561387e+01
1.007488e-02 9.335690e-02 -9.955817e-01 -1.691075e+02 1.618175e-02 9.954867e-01 9.351174e-02 1.008335e+01 9.998183e-01 -1.705237e-02 8.518733e-03 1.563201e+01
9.056246e-03 9.070952e-02 -9.958362e-01 -1.703496e+02 1.934842e-02 9.956747e-01 9.087077e-02 1.018516e+01 9.997718e-01 -2.009081e-02 7.261989e-03 1.564051e+01
1.034564e-02 9.072829e-02 -9.958219e-01 -1.716220e+02 2.650920e-02 9.955003e-01 9.097439e-02 1.026186e+01 9.995950e-01 -2.733963e-02 7.893956e-03 1.563442e+01
1.202717e-02 9.206840e-02 -9.956800e-01 -1.729117e+02 2.985899e-02 9.952750e-01 9.239162e-02 1.035560e+01 9.994818e-01 -3.084121e-02 9.221272e-03 1.564833e+01
1.403951e-02 9.275644e-02 -9.955898e-01 -1.741766e+02 2.651158e-02 9.953034e-01 9.310361e-02 1.044623e+01 9.995499e-01 -2.770178e-02 1.151445e-02 1.564949e+01
1.581301e-02 9.474395e-02 -9.953761e-01 -1.754162e+02 2.674442e-02 9.951043e-01 9.514295e-02 1.052559e+01 9.995172e-01 -2.812526e-02 1.320173e-02 1.562345e+01
1.670015e-02 9.220976e-02 -9.955996e-01 -1.766999e+02 2.801436e-02 9.953043e-01 9.265233e-02 1.061223e+01 9.994680e-01 -2.943840e-02 1.403854e-02 1.562458e+01
1.751738e-02 9.240642e-02 -9.955673e-01 -1.779374e+02 2.563162e-02 9.953513e-01 9.283737e-02 1.070959e+01 9.995180e-01 -2.714427e-02 1.506743e-02 1.563842e+01
1.960656e-02 9.251343e-02 -9.955184e-01 -1.791338e+02 2.451793e-02 9.953659e-01 9.298213e-02 1.079196e+01 9.995071e-01 -2.623110e-02 1.724746e-02 1.563697e+01
2.183043e-02 9.357472e-02 -9.953729e-01 -1.803571e+02 2.643616e-02 9.952080e-01 9.413901e-02 1.087660e+01 9.994121e-01 -2.836893e-02 1.925206e-02 1.565002e+01
2.370542e-02 9.346632e-02 -9.953402e-01 -1.815847e+02 2.805891e-02 9.951655e-01 9.411819e-02 1.097005e+01 9.993251e-01 -3.015927e-02 2.096825e-02 1.565240e+01
2.416312e-02 9.433592e-02 -9.952471e-01 -1.827053e+02 2.925179e-02 9.950448e-01 9.502694e-02 1.105010e+01 9.992800e-01 -3.140890e-02 2.128389e-02 1.567352e+01
2.473971e-02 9.488032e-02 -9.951812e-01 -1.838045e+02 3.081485e-02 9.949405e-01 9.562341e-02 1.111870e+01 9.992189e-01 -3.303205e-02 2.169081e-02 1.568466e+01
2.506875e-02 9.399659e-02 -9.952569e-01 -1.849053e+02 3.134452e-02 9.950063e-01 9.476244e-02 1.119367e+01 9.991942e-01 -3.357143e-02 2.199728e-02 1.569930e+01
2.628302e-02 9.401322e-02 -9.952240e-01 -1.859791e+02 3.054212e-02 9.950276e-01 9.480126e-02 1.126141e+01 9.991879e-01 -3.288791e-02 2.328096e-02 1.570343e+01
2.826843e-02 9.469362e-02 -9.951050e-01 -1.870609e+02 3.064445e-02 9.949529e-01 9.554967e-02 1.132553e+01 9.991305e-01 -3.319549e-02 2.522392e-02 1.571362e+01
2.947780e-02 9.541398e-02 -9.950011e-01 -1.880538e+02 3.194107e-02 9.948354e-01 9.634437e-02 1.138092e+01 9.990550e-01 -3.462142e-02 2.627794e-02 1.574754e+01
2.901217e-02 9.401010e-02 -9.951484e-01 -1.890110e+02 3.042311e-02 9.950232e-01 9.488521e-02 1.144820e+01 9.991160e-01 -3.302834e-02 2.600771e-02 1.575183e+01
2.556526e-02 9.212171e-02 -9.954195e-01 -1.899818e+02 2.730564e-02 9.953091e-01 9.281278e-02 1.152216e+01 9.993002e-01 -2.955335e-02 2.292990e-02 1.577593e+01
2.082346e-02 9.222727e-02 -9.955202e-01 -1.909742e+02 2.455434e-02 9.953886e-01 9.272869e-02 1.156490e+01 9.994816e-01 -2.637527e-02 1.846285e-02 1.580096e+01
1.539311e-02 9.476221e-02 -9.953809e-01 -1.918855e+02 2.220751e-02 9.952209e-01 9.509040e-02 1.159238e+01 9.996349e-01 -2.356867e-02 1.321511e-02 1.585198e+01
1.204284e-02 9.723736e-02 -9.951884e-01 -1.928356e+02 2.092576e-02 9.950181e-01 9.747394e-02 1.167452e+01 9.997085e-01 -2.199893e-02 9.948079e-03 1.584346e+01
9.762969e-03 9.918882e-02 -9.950207e-01 -1.937812e+02 2.175915e-02 9.948115e-01 9.938145e-02 1.174313e+01 9.997156e-01 -2.262107e-02 7.554049e-03 1.583129e+01
8.032173e-03 9.818481e-02 -9.951358e-01 -1.947366e+02 2.327790e-02 9.948799e-01 9.834744e-02 1.182818e+01 9.996968e-01 -2.395462e-02 5.705511e-03 1.582459e+01
6.699776e-03 9.550631e-02 -9.954063e-01 -1.956893e+02 2.463946e-02 9.951106e-01 9.564378e-02 1.190807e+01 9.996740e-01 -2.516707e-02 4.313794e-03 1.581568e+01
4.814240e-03 9.428633e-02 -9.955335e-01 -1.966177e+02 2.503846e-02 9.952215e-01 9.437786e-02 1.197993e+01 9.996749e-01 -2.538098e-02 2.430451e-03 1.581752e+01
3.431891e-03 9.467600e-02 -9.955022e-01 -1.975476e+02 2.411988e-02 9.952106e-01 9.473142e-02 1.204720e+01 9.997032e-01 -2.433650e-02 1.131880e-03 1.582052e+01
2.311630e-03 9.645579e-02 -9.953346e-01 -1.984721e+02 2.336209e-02 9.950604e-01 9.648348e-02 1.211218e+01 9.997244e-01 -2.347613e-02 4.680272e-05 1.581836e+01
2.837560e-03 9.999598e-02 -9.949838e-01 -1.994046e+02 2.289937e-02 9.947204e-01 1.000348e-01 1.218561e+01 9.997337e-01 -2.306835e-02 5.327337e-04 1.580478e+01
4.055392e-03 1.021504e-01 -9.947607e-01 -2.003408e+02 2.132225e-02 9.945339e-01 1.022140e-01 1.225912e+01 9.997644e-01 -2.162506e-02 1.855149e-03 1.578391e+01
4.920204e-03 1.022977e-01 -9.947417e-01 -2.012729e+02 1.849796e-02 9.945742e-01 1.023720e-01 1.234494e+01 9.998168e-01 -1.890438e-02 3.001209e-03 1.577862e+01
5.587788e-03 1.016973e-01 -9.947997e-01 -2.022260e+02 1.604975e-02 9.946780e-01 1.017750e-01 1.242611e+01 9.998556e-01 -1.653498e-02 3.925835e-03 1.576952e+01
6.589945e-03 1.022373e-01 -9.947382e-01 -2.032145e+02 1.501985e-02 9.946375e-01 1.023264e-01 1.252657e+01 9.998655e-01 -1.561515e-02 5.019017e-03 1.575973e+01
7.553961e-03 9.983817e-02 -9.949750e-01 -2.041565e+02 1.746092e-02 9.948385e-01 9.995704e-02 1.261228e+01 9.998190e-01 -1.812825e-02 5.771705e-03 1.574965e+01
8.296469e-03 9.901908e-02 -9.950509e-01 -2.051218e+02 1.895221e-02 9.948909e-01 9.916117e-02 1.269230e+01 9.997860e-01 -1.968110e-02 6.377451e-03 1.573824e+01
9.600279e-03 9.424637e-02 -9.955026e-01 -2.061173e+02 1.454608e-02 9.954300e-01 9.437977e-02 1.279017e+01 9.998481e-01 -1.538674e-02 8.185490e-03 1.573695e+01
9.621635e-03 9.223708e-02 -9.956906e-01 -2.071101e+02 1.147194e-02 9.956610e-01 9.234519e-02 1.286199e+01 9.998879e-01 -1.231102e-02 8.521748e-03 1.574570e+01
1.064846e-02 9.697798e-02 -9.952296e-01 -2.081096e+02 1.162080e-02 9.952068e-01 9.710010e-02 1.294982e+01 9.998758e-01 -1.259933e-02 9.470456e-03 1.573892e+01
1.197507e-02 9.751957e-02 -9.951616e-01 -2.091090e+02 1.564645e-02 9.950928e-01 9.770111e-02 1.303460e+01 9.998059e-01 -1.674072e-02 1.039047e-02 1.574606e+01
1.387116e-02 9.425337e-02 -9.954516e-01 -2.101055e+02 1.514028e-02 9.954135e-01 9.446073e-02 1.311276e+01 9.997892e-01 -1.638170e-02 1.238052e-02 1.575353e+01
1.663297e-02 9.228711e-02 -9.955935e-01 -2.111253e+02 1.671481e-02 9.955664e-01 9.256385e-02 1.319513e+01 9.997219e-01 -1.818076e-02 1.501666e-02 1.575518e+01
1.894433e-02 9.204694e-02 -9.955744e-01 -2.121390e+02 2.160486e-02 9.954829e-01 9.244959e-02 1.327755e+01 9.995871e-01 -2.326065e-02 1.687010e-02 1.575855e+01
1.037799e-01 1.182222e-01 -9.875491e-01 -2.111894e+02 -1.355313e-02 9.929864e-01 1.174488e-01 1.392845e+01 9.945079e-01 1.195554e-03 1.046543e-01 1.280321e+01
1.060996e-01 1.179283e-01 -9.873377e-01 -2.121950e+02 -1.304578e-02 9.930220e-01 1.172053e-01 1.403717e+01 9.942699e-01 4.451631e-04 1.068977e-01 1.289067e+01
5.759212e-02 1.150942e-01 -9.916837e-01 -2.122761e+02 -3.007434e-02 9.930816e-01 1.135099e-01 1.421587e+01 9.978871e-01 2.328696e-02 6.065506e-02 1.329484e+01
6.101813e-02 1.168430e-01 -9.912742e-01 -2.133398e+02 -2.829361e-02 9.929281e-01 1.152963e-01 1.431380e+01 9.977356e-01 2.101156e-02 6.389253e-02 1.334758e+01
6.391009e-02 1.169128e-01 -9.910837e-01 -2.144265e+02 -2.790931e-02 9.929349e-01 1.153314e-01 1.441686e+01 9.975653e-01 2.028962e-02 6.672151e-02 1.343155e+01
6.715482e-02 1.197709e-01 -9.905277e-01 -2.154863e+02 -3.054748e-02 9.925502e-01 1.179444e-01 1.452066e+01 9.972748e-01 2.233759e-02 7.031324e-02 1.349444e+01
7.014939e-02 1.198682e-01 -9.903084e-01 -2.165416e+02 -3.357011e-02 9.924754e-01 1.177525e-01 1.462874e+01 9.969715e-01 2.498449e-02 7.364553e-02 1.355877e+01
7.174890e-02 1.197703e-01 -9.902056e-01 -2.175958e+02 -3.369702e-02 9.924886e-01 1.176048e-01 1.472478e+01 9.968534e-01 2.492896e-02 7.524587e-02 1.364129e+01
7.320270e-02 1.208713e-01 -9.899654e-01 -2.186656e+02 -3.208220e-02 9.924002e-01 1.187963e-01 1.484486e+01 9.968009e-01 2.306406e-02 7.652419e-02 1.371914e+01
7.459586e-02 1.219868e-01 -9.897245e-01 -2.197454e+02 -2.896943e-02 9.923360e-01 1.201252e-01 1.495937e+01 9.967930e-01 1.971091e-02 7.755804e-02 1.379396e+01
7.629079e-02 1.219977e-01 -9.895940e-01 -2.208168e+02 -2.905321e-02 9.923371e-01 1.200960e-01 1.506825e+01 9.966622e-01 1.958866e-02 7.925061e-02 1.385932e+01
7.704036e-02 1.214448e-01 -9.896039e-01 -2.218857e+02 -3.225687e-02 9.923378e-01 1.192691e-01 1.519103e+01 9.965060e-01 2.273299e-02 8.036749e-02 1.393781e+01
7.687613e-02 1.179329e-01 -9.900414e-01 -2.229694e+02 -3.512851e-02 9.926838e-01 1.155199e-01 1.530648e+01 9.964216e-01 2.589795e-02 8.045650e-02 1.402598e+01
7.647348e-02 1.160353e-01 -9.902967e-01 -2.240741e+02 -3.609261e-02 9.928764e-01 1.135504e-01 1.542308e+01 9.964181e-01 2.705880e-02 8.011674e-02 1.412435e+01
7.601202e-02 1.146586e-01 -9.904926e-01 -2.252054e+02 -3.654744e-02 9.930194e-01 1.121464e-01 1.552351e+01 9.964369e-01 2.767550e-02 7.967188e-02 1.422948e+01
7.595445e-02 1.153673e-01 -9.904147e-01 -2.263643e+02 -3.606797e-02 9.929519e-01 1.128968e-01 1.562673e+01 9.964587e-01 2.714723e-02 7.958018e-02 1.431154e+01
7.618204e-02 1.161140e-01 -9.903100e-01 -2.275165e+02 -3.556598e-02 9.928807e-01 1.136794e-01 1.574842e+01 9.964594e-01 2.656101e-02 7.976939e-02 1.438663e+01
7.556663e-02 1.176941e-01 -9.901706e-01 -2.286732e+02 -3.444400e-02 9.927253e-01 1.153691e-01 1.588145e+01 9.965457e-01 2.538738e-02 7.907077e-02 1.447161e+01
7.430237e-02 1.188470e-01 -9.901285e-01 -2.297997e+02 -3.346400e-02 9.926111e-01 1.166338e-01 1.600323e+01 9.966741e-01 2.446750e-02 7.773045e-02 1.455641e+01
7.372127e-02 1.200490e-01 -9.900270e-01 -2.309428e+02 -3.210609e-02 9.924994e-01 1.179580e-01 1.612748e+01 9.967619e-01 2.308987e-02 7.702262e-02 1.463302e+01
7.316703e-02 1.221583e-01 -9.898100e-01 -2.321247e+02 -3.107195e-02 9.922676e-01 1.201648e-01 1.624116e+01 9.968356e-01 2.196323e-02 7.639697e-02 1.471325e+01
7.181808e-02 1.244132e-01 -9.896280e-01 -2.332924e+02 -3.242408e-02 9.919569e-01 1.223529e-01 1.635840e+01 9.968906e-01 2.330063e-02 7.527442e-02 1.479024e+01
7.088484e-02 1.234639e-01 -9.898141e-01 -2.344547e+02 -3.727344e-02 9.919451e-01 1.210604e-01 1.649387e+01 9.967879e-01 2.831243e-02 7.491579e-02 1.486096e+01
6.956758e-02 1.215071e-01 -9.901497e-01 -2.356511e+02 -4.379567e-02 9.919694e-01 1.186533e-01 1.661897e+01 9.966154e-01 3.510985e-02 7.433040e-02 1.494586e+01
6.770359e-02 1.162715e-01 -9.909072e-01 -2.368305e+02 -4.738742e-02 9.924400e-01 1.132136e-01 1.673620e+01 9.965795e-01 3.929157e-02 7.270156e-02 1.503017e+01
6.608341e-02 1.098142e-01 -9.917529e-01 -2.379663e+02 -4.624452e-02 9.931946e-01 1.068925e-01 1.685029e+01 9.967419e-01 3.879931e-02 7.071199e-02 1.509409e+01
6.432554e-02 1.053681e-01 -9.923506e-01 -2.391790e+02 -4.255472e-02 9.937952e-01 1.027630e-01 1.697899e+01 9.970212e-01 3.561891e-02 6.841032e-02 1.515924e+01
6.309273e-02 1.042024e-01 -9.925529e-01 -2.403750e+02 -4.012891e-02 9.939949e-01 1.018029e-01 1.707972e+01 9.972006e-01 3.340704e-02 6.689538e-02 1.519496e+01
6.145142e-02 1.024757e-01 -9.928356e-01 -2.416353e+02 -4.067893e-02 9.941462e-01 1.000932e-01 1.718660e+01 9.972808e-01 3.423662e-02 6.526029e-02 1.527228e+01
6.483584e-02 1.051238e-01 -9.923433e-01 -2.424474e+02 -3.859201e-02 9.939559e-01 1.027731e-01 1.725603e+01 9.971494e-01 3.163314e-02 6.850090e-02 1.502295e+01
6.346503e-02 1.048994e-01 -9.924557e-01 -2.436826e+02 -3.707750e-02 9.940217e-01 1.026939e-01 1.736481e+01 9.972951e-01 3.028030e-02 6.697503e-02 1.508242e+01
6.094273e-02 1.034896e-01 -9.927617e-01 -2.448828e+02 -3.736342e-02 9.941499e-01 1.013407e-01 1.746777e+01 9.974417e-01 3.091699e-02 6.445294e-02 1.517583e+01
5.910225e-02 1.103481e-01 -9.921342e-01 -2.458079e+02 -3.615784e-02 9.934560e-01 1.083411e-01 1.743592e+01 9.975969e-01 2.947022e-02 6.270543e-02 1.526154e+01
5.725837e-02 1.106889e-01 -9.922043e-01 -2.470519e+02 -3.640915e-02 9.934052e-01 1.087218e-01 1.755357e+01 9.976953e-01 2.990008e-02 6.091085e-02 1.531867e+01
5.525967e-02 1.107098e-01 -9.923153e-01 -2.482905e+02 -3.541357e-02 9.934259e-01 1.088616e-01 1.767712e+01 9.978438e-01 2.912577e-02 5.881702e-02 1.538074e+01
5.287761e-02 1.109708e-01 -9.924160e-01 -2.495376e+02 -3.515341e-02 9.933972e-01 1.092075e-01 1.778689e+01 9.979821e-01 2.911218e-02 5.642947e-02 1.544148e+01
5.019308e-02 1.120498e-01 -9.924341e-01 -2.507780e+02 -3.390590e-02 9.933050e-01 1.104333e-01 1.789672e+01 9.981638e-01 2.810639e-02 5.365618e-02 1.551086e+01
4.781806e-02 1.138975e-01 -9.923411e-01 -2.520454e+02 -3.210123e-02 9.931396e-01 1.124423e-01 1.800990e+01 9.983401e-01 2.647860e-02 5.114626e-02 1.556545e+01
4.651319e-02 1.156508e-01 -9.922003e-01 -2.533295e+02 -3.129220e-02 9.929565e-01 1.142720e-01 1.812927e+01 9.984274e-01 2.573298e-02 4.980455e-02 1.561517e+01
4.574277e-02 1.180543e-01 -9.919530e-01 -2.545984e+02 -3.057899e-02 9.926926e-01 1.167322e-01 1.823607e+01 9.984851e-01 2.499327e-02 4.901848e-02 1.566166e+01
4.611191e-02 1.182511e-01 -9.919125e-01 -2.558740e+02 -3.063431e-02 9.926691e-01 1.169172e-01 1.836056e+01 9.984664e-01 2.499528e-02 4.939641e-02 1.570212e+01
4.630032e-02 1.177946e-01 -9.919580e-01 -2.571318e+02 -3.159863e-02 9.926987e-01 1.164076e-01 1.848120e+01 9.984277e-01 2.595481e-02 4.968442e-02 1.575957e+01
4.655107e-02 1.154085e-01 -9.922267e-01 -2.584019e+02 -3.253600e-02 9.929517e-01 1.139664e-01 1.860800e+01 9.983859e-01 2.697783e-02 4.997790e-02 1.581392e+01
4.639120e-02 1.137388e-01 -9.924270e-01 -2.596684e+02 -3.274148e-02 9.931360e-01 1.122896e-01 1.872928e+01 9.983866e-01 2.728428e-02 4.979674e-02 1.587372e+01
4.623194e-02 1.134385e-01 -9.924688e-01 -2.609496e+02 -3.217998e-02 9.931846e-01 1.120212e-01 1.885080e+01 9.984123e-01 2.675867e-02 4.956730e-02 1.593099e+01
4.655351e-02 1.122886e-01 -9.925845e-01 -2.621936e+02 -3.198098e-02 9.933200e-01 1.108718e-01 1.895644e+01 9.984037e-01 2.658236e-02 4.983363e-02 1.598720e+01
4.645180e-02 1.117437e-01 -9.926508e-01 -2.635068e+02 -3.123860e-02 9.933999e-01 1.103662e-01 1.907082e+01 9.984320e-01 2.588231e-02 4.963593e-02 1.607166e+01
4.609583e-02 1.090352e-01 -9.929685e-01 -2.648073e+02 -3.004464e-02 9.937268e-01 1.077237e-01 1.918227e+01 9.984851e-01 2.486777e-02 4.908258e-02 1.614280e+01
4.586202e-02 1.047700e-01 -9.934384e-01 -2.661056e+02 -2.764836e-02 9.942370e-01 1.035778e-01 1.930423e+01 9.985651e-01 2.271665e-02 4.849443e-02 1.620162e+01
4.642523e-02 1.024356e-01 -9.936557e-01 -2.673691e+02 -2.408578e-02 9.945538e-01 1.014028e-01 1.941307e+01 9.986313e-01 1.922533e-02 4.863963e-02 1.624634e+01
4.682862e-02 1.005934e-01 -9.938250e-01 -2.686532e+02 -2.175506e-02 9.947832e-01 9.966533e-02 1.952026e+01 9.986660e-01 1.695353e-02 4.877274e-02 1.629297e+01
4.658006e-02 1.011609e-01 -9.937790e-01 -2.698648e+02 -2.338554e-02 9.946967e-01 1.001582e-01 1.961301e+01 9.986408e-01 1.857469e-02 4.869873e-02 1.635632e+01
4.690558e-02 1.039109e-01 -9.934799e-01 -2.711024e+02 -2.502458e-02 9.943847e-01 1.028241e-01 1.971634e+01 9.985858e-01 2.003839e-02 4.924252e-02 1.640304e+01
4.679323e-02 1.105896e-01 -9.927640e-01 -2.723653e+02 -2.216062e-02 9.937230e-01 1.096519e-01 1.981790e+01 9.986588e-01 1.686930e-02 4.895024e-02 1.644562e+01
4.735395e-02 1.159598e-01 -9.921244e-01 -2.736166e+02 -1.604071e-02 9.931989e-01 1.153198e-01 1.992401e+01 9.987494e-01 1.045353e-02 4.889197e-02 1.648343e+01
4.810707e-02 1.200616e-01 -9.916002e-01 -2.748642e+02 -1.698597e-02 9.927044e-01 1.193712e-01 2.004930e+01 9.986977e-01 1.110069e-02 4.979546e-02 1.651365e+01
4.861713e-02 1.192830e-01 -9.916693e-01 -2.760800e+02 -2.390545e-02 9.926979e-01 1.182348e-01 2.017681e+01 9.985314e-01 1.795806e-02 5.111364e-02 1.654790e+01
4.793818e-02 1.164650e-01 -9.920372e-01 -2.773011e+02 -2.928174e-02 9.929161e-01 1.151532e-01 2.028832e+01 9.984210e-01 2.352834e-02 5.100888e-02 1.660835e+01
4.830596e-02 1.108030e-01 -9.926677e-01 -2.785271e+02 -3.046410e-02 9.935290e-01 1.094166e-01 2.041807e+01 9.983679e-01 2.495525e-02 5.136889e-02 1.664877e+01
4.911286e-02 1.074933e-01 -9.929920e-01 -2.797626e+02 -2.925933e-02 9.939199e-01 1.061466e-01 2.054369e+01 9.983646e-01 2.384112e-02 5.195943e-02 1.672892e+01
5.097188e-02 1.063009e-01 -9.930267e-01 -2.810475e+02 -2.762414e-02 9.940888e-01 1.049967e-01 2.067689e+01 9.983180e-01 2.207963e-02 5.360704e-02 1.678323e+01
5.175724e-02 1.077793e-01 -9.928267e-01 -2.822985e+02 -2.546384e-02 9.939784e-01 1.065769e-01 2.079232e+01 9.983350e-01 1.976506e-02 5.419005e-02 1.685877e+01
5.256846e-02 1.088815e-01 -9.926638e-01 -2.835599e+02 -2.388954e-02 9.938908e-01 1.077510e-01 2.089171e+01 9.983315e-01 1.804997e-02 5.484844e-02 1.693198e+01
5.317111e-02 1.095618e-01 -9.925568e-01 -2.847642e+02 -2.257693e-02 9.938407e-01 1.084940e-01 2.099526e+01 9.983302e-01 1.664014e-02 5.531718e-02 1.698999e+01
5.427523e-02 1.089938e-01 -9.925596e-01 -2.859925e+02 -2.338223e-02 9.938909e-01 1.078614e-01 2.110286e+01 9.982522e-01 1.735405e-02 5.649217e-02 1.702880e+01
5.475773e-02 1.094764e-01 -9.924800e-01 -2.872018e+02 -2.499764e-02 9.938100e-01 1.082439e-01 2.121015e+01 9.981867e-01 1.888247e-02 5.715543e-02 1.707842e+01
5.503853e-02 1.089102e-01 -9.925267e-01 -2.884142e+02 -2.627418e-02 9.938472e-01 1.075982e-01 2.132536e+01 9.981385e-01 2.015578e-02 5.756141e-02 1.713522e+01
5.543304e-02 1.093559e-01 -9.924558e-01 -2.896424e+02 -2.636401e-02 9.937979e-01 1.080313e-01 2.143319e+01 9.981143e-01 2.017661e-02 5.797230e-02 1.719062e+01
5.559441e-02 1.098788e-01 -9.923890e-01 -2.908426e+02 -2.663018e-02 9.937358e-01 1.085361e-01 2.154871e+01 9.980982e-01 2.039350e-02 5.817224e-02 1.725670e+01
5.600362e-02 1.110345e-01 -9.922373e-01 -2.920875e+02 -2.632266e-02 9.936158e-01 1.097030e-01 2.165437e+01 9.980835e-01 1.997456e-02 5.856881e-02 1.732374e+01
5.604862e-02 1.101935e-01 -9.923285e-01 -2.933158e+02 -2.614737e-02 9.937120e-01 1.088703e-01 2.176766e+01 9.980856e-01 1.984475e-02 5.857746e-02 1.739883e+01
5.631828e-02 1.098568e-01 -9.923506e-01 -2.945414e+02 -2.810143e-02 9.937087e-01 1.084124e-01 2.188395e+01 9.980173e-01 2.178087e-02 5.905110e-02 1.744941e+01
5.620327e-02 1.093150e-01 -9.924170e-01 -2.957589e+02 -3.089314e-02 9.937026e-01 1.077071e-01 2.199691e+01 9.979413e-01 2.460539e-02 5.922642e-02 1.751307e+01
5.579321e-02 1.101745e-01 -9.923451e-01 -2.969866e+02 -3.367036e-02 9.935355e-01 1.084136e-01 2.210612e+01 9.978745e-01 2.736387e-02 5.914215e-02 1.758040e+01
5.575985e-02 1.114107e-01 -9.922089e-01 -2.982321e+02 -3.506998e-02 9.933603e-01 1.095692e-01 2.221656e+01 9.978281e-01 2.868718e-02 5.929680e-02 1.763383e+01
5.574900e-02 1.148454e-01 -9.918178e-01 -2.994893e+02 -3.535612e-02 9.929667e-01 1.129911e-01 2.234142e+01 9.978186e-01 2.876769e-02 5.941739e-02 1.768952e+01
5.566145e-02 1.179731e-01 -9.914556e-01 -3.007458e+02 -3.420795e-02 9.926374e-01 1.161932e-01 2.245942e+01 9.978635e-01 2.744818e-02 5.928725e-02 1.774076e+01
5.572143e-02 1.219181e-01 -9.909748e-01 -3.019960e+02 -3.377667e-02 9.921789e-01 1.201670e-01 2.260089e+01 9.978749e-01 2.677596e-02 5.940362e-02 1.779315e+01
5.577534e-02 1.234193e-01 -9.907859e-01 -3.032545e+02 -3.425733e-02 9.919829e-01 1.216399e-01 2.274277e+01 9.978555e-01 2.715718e-02 5.955620e-02 1.785107e+01
5.552333e-02 1.231812e-01 -9.908297e-01 -3.044850e+02 -3.674317e-02 9.919405e-01 1.212603e-01 2.287363e+01 9.977811e-01 2.967345e-02 5.960190e-02 1.791121e+01
5.505148e-02 1.200174e-01 -9.912442e-01 -3.057335e+02 -3.866771e-02 9.922613e-01 1.179930e-01 2.299160e+01 9.977345e-01 3.183346e-02 5.926625e-02 1.797997e+01
5.450162e-02 1.172232e-01 -9.916089e-01 -3.069820e+02 -3.913561e-02 9.925727e-01 1.151861e-01 2.312616e+01 9.977464e-01 3.252939e-02 5.868442e-02 1.803404e+01
5.354241e-02 1.150564e-01 -9.919149e-01 -3.082073e+02 -3.722455e-02 9.928793e-01 1.131589e-01 2.325214e+01 9.978715e-01 3.086479e-02 5.744407e-02 1.809718e+01
5.314531e-02 1.134613e-01 -9.921200e-01 -3.094552e+02 -3.595448e-02 9.930973e-01 1.116470e-01 2.336931e+01 9.979393e-01 2.973764e-02 5.685790e-02 1.815784e+01
5.279378e-02 1.150830e-01 -9.919520e-01 -3.106991e+02 -3.688212e-02 9.928842e-01 1.132282e-01 2.349360e+01 9.979241e-01 3.060755e-02 5.666261e-02 1.821221e+01
5.374342e-02 1.164210e-01 -9.917448e-01 -3.119474e+02 -3.845865e-02 9.926846e-01 1.144472e-01 2.361907e+01 9.978139e-01 3.199038e-02 5.782767e-02 1.824642e+01
5.565329e-02 1.169372e-01 -9.915787e-01 -3.131997e+02 -3.893625e-02 9.926167e-01 1.148742e-01 2.374013e+01 9.976907e-01 3.221523e-02 5.979548e-02 1.826943e+01
5.625822e-02 1.151440e-01 -9.917544e-01 -3.144562e+02 -3.948443e-02 9.928071e-01 1.130264e-01 2.386613e+01 9.976352e-01 3.280019e-02 6.039996e-02 1.834778e+01
5.646091e-02 1.121871e-01 -9.920818e-01 -3.156940e+02 -3.860047e-02 9.931692e-01 1.101133e-01 2.398666e+01 9.976583e-01 3.207772e-02 6.040571e-02 1.843020e+01
5.672807e-02 1.087887e-01 -9.924449e-01 -3.169641e+02 -3.757698e-02 9.935740e-01 1.067646e-01 2.409694e+01 9.976823e-01 3.123654e-02 6.045149e-02 1.850352e+01
5.738045e-02 1.062378e-01 -9.926837e-01 -3.182270e+02 -3.699141e-02 9.938655e-01 1.042260e-01 2.421244e+01 9.976668e-01 3.074023e-02 6.095834e-02 1.857291e+01
5.780550e-02 1.052064e-01 -9.927689e-01 -3.194928e+02 -3.710247e-02 9.939711e-01 1.031735e-01 2.432185e+01 9.976382e-01 3.087019e-02 6.136041e-02 1.864228e+01
5.835714e-02 1.051532e-01 -9.927423e-01 -3.207577e+02 -3.798957e-02 9.939507e-01 1.030480e-01 2.443303e+01 9.975727e-01 3.170026e-02 6.199884e-02 1.871089e+01
5.918765e-02 1.061889e-01 -9.925829e-01 -3.220508e+02 -3.728668e-02 9.938673e-01 1.041029e-01 2.455341e+01 9.975503e-01 3.084851e-02 6.278410e-02 1.878540e+01
6.090807e-02 1.080872e-01 -9.922738e-01 -3.232945e+02 -3.568431e-02 9.937198e-01 1.060544e-01 2.466875e+01 9.975053e-01 2.894904e-02 6.438257e-02 1.884747e+01
6.262540e-02 1.095914e-01 -9.920019e-01 -3.245558e+02 -3.511058e-02 9.935796e-01 1.075491e-01 2.478130e+01 9.974193e-01 2.809445e-02 6.607114e-02 1.891957e+01
6.483961e-02 1.116008e-01 -9.916356e-01 -3.258400e+02 -3.450427e-02 9.933832e-01 1.095414e-01 2.489389e+01 9.972990e-01 2.711305e-02 6.826128e-02 1.899209e+01
6.687915e-02 1.150614e-01 -9.911045e-01 -3.271149e+02 -3.235777e-02 9.930561e-01 1.131045e-01 2.501955e+01 9.972363e-01 2.450560e-02 7.013788e-02 1.904941e+01
6.740591e-02 1.167983e-01 -9.908656e-01 -3.284675e+02 -2.835091e-02 9.929475e-01 1.151151e-01 2.515449e+01 9.973228e-01 2.033250e-02 7.024186e-02 1.910187e+01
6.752689e-02 1.228420e-01 -9.901262e-01 -3.300393e+02 -2.725364e-02 9.922482e-01 1.212466e-01 2.531741e+01 9.973452e-01 1.879714e-02 7.035132e-02 1.912700e+01
6.789246e-02 1.266408e-01 -9.896225e-01 -3.313251e+02 -2.604277e-02 9.917982e-01 1.251326e-01 2.546923e+01 9.973527e-01 1.727695e-02 7.063369e-02 1.918907e+01
4.762141e-02 1.341498e-01 -9.898162e-01 -3.331743e+02 -3.061462e-02 9.906709e-01 1.327928e-01 2.575058e+01 9.983962e-01 2.397907e-02 5.128409e-02 1.955406e+01
4.764337e-02 1.388452e-01 -9.891674e-01 -3.345521e+02 -2.855438e-02 9.900766e-01 1.375975e-01 2.586970e+01 9.984562e-01 2.168945e-02 5.113522e-02 1.962662e+01
4.604674e-02 1.416679e-01 -9.888427e-01 -3.359153e+02 -3.640681e-02 9.894731e-01 1.400628e-01 2.604522e+01 9.982756e-01 2.955117e-02 5.071968e-02 1.971152e+01
4.562881e-02 1.427799e-01 -9.887021e-01 -3.371859e+02 -4.357987e-02 9.890752e-01 1.408225e-01 2.620810e+01 9.980074e-01 3.666195e-02 5.135266e-02 1.977506e+01
4.501540e-02 1.437981e-01 -9.885827e-01 -3.384493e+02 -4.401629e-02 9.889103e-01 1.418414e-01 2.636806e+01 9.980161e-01 3.712869e-02 5.084565e-02 1.983294e+01
4.519951e-02 1.416162e-01 -9.888892e-01 -3.397191e+02 -4.054400e-02 9.893453e-01 1.398284e-01 2.652110e+01 9.981549e-01 3.377335e-02 5.045961e-02 1.988071e+01
4.552407e-02 1.420094e-01 -9.888179e-01 -3.409805e+02 -4.010522e-02 9.893059e-01 1.402331e-01 2.668143e+01 9.981579e-01 3.327278e-02 5.073255e-02 1.993177e+01
4.554337e-02 1.405757e-01 -9.890219e-01 -3.422481e+02 -3.752234e-02 9.895913e-01 1.389288e-01 2.682860e+01 9.982574e-01 3.078313e-02 5.034405e-02 1.998485e+01
4.507609e-02 1.404152e-01 -9.890661e-01 -3.434698e+02 -3.420433e-02 9.897089e-01 1.389476e-01 2.698029e+01 9.983978e-01 2.756713e-02 4.941501e-02 2.003786e+01
4.453048e-02 1.399021e-01 -9.891635e-01 -3.447163e+02 -3.204219e-02 9.898363e-01 1.385548e-01 2.711809e+01 9.984940e-01 2.552505e-02 4.856065e-02 2.009044e+01
4.423161e-02 1.399359e-01 -9.891721e-01 -3.459378e+02 -3.160718e-02 9.898415e-01 1.386173e-01 2.726245e+01 9.985212e-01 2.513368e-02 4.820526e-02 2.014925e+01
4.375609e-02 1.406239e-01 -9.890957e-01 -3.471647e+02 -3.336670e-02 9.896973e-01 1.392333e-01 2.739873e+01 9.984849e-01 2.691055e-02 4.799744e-02 2.020620e+01
4.411252e-02 1.420089e-01 -9.888820e-01 -3.484028e+02 -3.599810e-02 9.894287e-01 1.404816e-01 2.755059e+01 9.983778e-01 2.940088e-02 4.875824e-02 2.023929e+01
4.427078e-02 1.418841e-01 -9.888928e-01 -3.496084e+02 -3.580825e-02 9.894526e-01 1.403613e-01 2.769075e+01 9.983776e-01 2.919662e-02 4.888446e-02 2.028992e+01
4.455136e-02 1.419032e-01 -9.888775e-01 -3.507904e+02 -3.343938e-02 9.895174e-01 1.404885e-01 2.784079e+01 9.984473e-01 2.680849e-02 4.882951e-02 2.032809e+01
4.464289e-02 1.400579e-01 -9.891364e-01 -3.519689e+02 -3.074104e-02 9.898472e-01 1.387711e-01 2.797533e+01 9.985299e-01 2.421194e-02 4.849516e-02 2.037449e+01
4.450468e-02 1.366711e-01 -9.896163e-01 -3.531445e+02 -2.944376e-02 9.903469e-01 1.354478e-01 2.812466e+01 9.985752e-01 2.310996e-02 4.809918e-02 2.043430e+01
4.398566e-02 1.371223e-01 -9.895771e-01 -3.542771e+02 -2.528844e-02 9.903712e-01 1.361083e-01 2.823410e+01 9.987120e-01 1.903805e-02 4.702974e-02 2.047412e+01
4.316366e-02 1.372665e-01 -9.895933e-01 -3.553677e+02 -2.361335e-02 9.903799e-01 1.363456e-01 2.836334e+01 9.987889e-01 1.748244e-02 4.598974e-02 2.051825e+01
4.269893e-02 1.374813e-01 -9.895836e-01 -3.564512e+02 -2.849448e-02 9.902516e-01 1.363447e-01 2.847981e+01 9.986816e-01 2.237590e-02 4.620014e-02 2.054704e+01
4.166633e-02 1.383756e-01 -9.895030e-01 -3.575094e+02 -4.003254e-02 9.897989e-01 1.367313e-01 2.859073e+01 9.983293e-01 3.391523e-02 4.678082e-02 2.059444e+01
4.048814e-02 1.396559e-01 -9.893720e-01 -3.585611e+02 -5.122953e-02 9.891717e-01 1.375312e-01 2.871448e+01 9.978658e-01 4.511668e-02 4.720423e-02 2.064018e+01
3.929283e-02 1.395321e-01 -9.894376e-01 -3.596178e+02 -5.586815e-02 9.889602e-01 1.372461e-01 2.884034e+01 9.976647e-01 4.988526e-02 4.665444e-02 2.069129e+01
3.837815e-02 1.402363e-01 -9.893740e-01 -3.606694e+02 -5.331296e-02 9.889806e-01 1.381125e-01 2.897313e+01 9.978401e-01 4.744596e-02 4.543166e-02 2.073395e+01
3.792552e-02 1.402029e-01 -9.893962e-01 -3.617224e+02 -4.615098e-02 9.892977e-01 1.384199e-01 2.910425e+01 9.982143e-01 4.041196e-02 4.399013e-02 2.076585e+01
3.785846e-02 1.414884e-01 -9.892157e-01 -3.627852e+02 -4.044060e-02 9.893314e-01 1.399572e-01 2.922243e+01 9.984645e-01 3.470591e-02 4.317643e-02 2.078113e+01
3.846495e-02 1.434156e-01 -9.889148e-01 -3.638718e+02 -3.800464e-02 9.891411e-01 1.419702e-01 2.935829e+01 9.985370e-01 3.212248e-02 4.349773e-02 2.079131e+01
3.911326e-02 1.473075e-01 -9.883171e-01 -3.649656e+02 -3.582325e-02 9.886448e-01 1.459386e-01 2.950273e+01 9.985924e-01 2.969659e-02 4.394616e-02 2.080413e+01
4.105501e-02 1.508232e-01 -9.877079e-01 -3.659982e+02 -3.482016e-02 9.881568e-01 1.494444e-01 2.963289e+01 9.985500e-01 2.825670e-02 4.582047e-02 2.082411e+01
4.386676e-02 1.546791e-01 -9.869904e-01 -3.670600e+02 -3.583878e-02 9.875492e-01 1.531738e-01 2.977387e+01 9.983944e-01 2.865329e-02 4.886410e-02 2.083808e+01
4.747027e-02 1.565329e-01 -9.865313e-01 -3.680474e+02 -3.917031e-02 9.871768e-01 1.547505e-01 2.990634e+01 9.981043e-01 3.129669e-02 5.299299e-02 2.087562e+01
5.184512e-02 1.577738e-01 -9.861133e-01 -3.689814e+02 -4.200367e-02 9.869120e-01 1.556932e-01 3.003773e+01 9.977714e-01 3.334845e-02 5.779365e-02 2.090721e+01
5.747065e-02 1.570595e-01 -9.859155e-01 -3.699249e+02 -4.536889e-02 9.869384e-01 1.545778e-01 3.016500e+01 9.973158e-01 3.584620e-02 6.384561e-02 2.097210e+01
6.641320e-02 1.573421e-01 -9.853085e-01 -3.708664e+02 -4.878630e-02 9.868196e-01 1.542950e-01 3.029854e+01 9.965988e-01 3.782233e-02 7.321398e-02 2.103313e+01
7.924847e-02 1.552036e-01 -9.846987e-01 -3.717389e+02 -5.234048e-02 9.870907e-01 1.513683e-01 3.041715e+01 9.954799e-01 3.954389e-02 8.634886e-02 2.111912e+01
9.686163e-02 1.546483e-01 -9.832099e-01 -3.725617e+02 -5.339573e-02 9.872398e-01 1.500218e-01 3.051283e+01 9.938645e-01 3.796786e-02 1.038832e-01 2.120769e+01
1.185891e-01 1.517590e-01 -9.812777e-01 -3.733608e+02 -5.335985e-02 9.877973e-01 1.463187e-01 3.061767e+01 9.915086e-01 3.500903e-02 1.252398e-01 2.132437e+01
1.438828e-01 1.479034e-01 -9.784796e-01 -3.741342e+02 -5.047371e-02 9.885779e-01 1.420078e-01 3.070332e+01 9.883067e-01 2.895501e-02 1.497046e-01 2.147253e+01
1.717287e-01 1.446278e-01 -9.744701e-01 -3.748533e+02 -4.800775e-02 9.892183e-01 1.383564e-01 3.079314e+01 9.839738e-01 2.302236e-02 1.768204e-01 2.162961e+01
2.022499e-01 1.400360e-01 -9.692703e-01 -3.755517e+02 -4.279790e-02 9.900423e-01 1.341068e-01 3.085272e+01 9.783983e-01 1.435965e-02 2.062292e-01 2.180595e+01
2.344369e-01 1.350030e-01 -9.627115e-01 -3.762169e+02 -3.695861e-02 9.908320e-01 1.299463e-01 3.093023e+01 9.714285e-01 5.116261e-03 2.372771e-01 2.202468e+01
2.686771e-01 1.281563e-01 -9.546667e-01 -3.768537e+02 -3.028745e-02 9.917435e-01 1.246095e-01 3.099499e+01 9.627540e-01 -4.565317e-03 2.703403e-01 2.224918e+01
3.049535e-01 1.218725e-01 -9.445372e-01 -3.774488e+02 -2.501102e-02 9.924611e-01 1.199810e-01 3.106216e+01 9.520388e-01 -1.296478e-02 3.057026e-01 2.248022e+01
3.439112e-01 1.164043e-01 -9.317592e-01 -3.780597e+02 -2.210509e-02 9.930151e-01 1.158980e-01 3.111043e+01 9.387420e-01 -1.926199e-02 3.440821e-01 2.274770e+01
3.857814e-01 1.126179e-01 -9.156910e-01 -3.786302e+02 -2.145863e-02 9.933486e-01 1.131282e-01 3.117242e+01 9.223406e-01 -2.399330e-02 3.856320e-01 2.301450e+01
4.296712e-01 1.095673e-01 -8.963134e-01 -3.791539e+02 -2.055451e-02 9.935407e-01 1.115992e-01 3.123519e+01 9.027514e-01 -2.952768e-02 4.291479e-01 2.328897e+01
4.745261e-01 1.049774e-01 -8.739592e-01 -3.797326e+02 -1.901341e-02 9.938538e-01 1.090552e-01 3.132987e+01 8.800360e-01 -3.513261e-02 4.736056e-01 2.367496e+01
5.185526e-01 9.961508e-02 -8.492232e-01 -3.802469e+02 -1.647873e-02 9.941702e-01 1.065553e-01 3.138232e+01 8.548869e-01 -4.126042e-02 5.171711e-01 2.402943e+01
5.612803e-01 8.864409e-02 -8.228649e-01 -3.807443e+02 -1.442627e-02 9.951444e-01 9.736286e-02 3.143872e+01 8.275001e-01 -4.277698e-02 5.598337e-01 2.440664e+01
6.026666e-01 8.660111e-02 -7.932801e-01 -3.812149e+02 -1.666967e-02 9.952432e-01 9.598491e-02 3.148229e+01 7.978190e-01 -4.462317e-02 6.012434e-01 2.477953e+01
6.429855e-01 8.195723e-02 -7.614806e-01 -3.816589e+02 -1.545391e-02 9.954438e-01 9.408931e-02 3.153168e+01 7.657224e-01 -4.873021e-02 6.413225e-01 2.516310e+01
6.799684e-01 7.881645e-02 -7.289931e-01 -3.820863e+02 -1.264278e-02 9.953186e-01 9.581816e-02 3.158982e+01 7.331324e-01 -5.593682e-02 6.777816e-01 2.560703e+01
7.145605e-01 7.055902e-02 -6.960063e-01 -3.824753e+02 -4.925838e-03 9.953834e-01 9.585182e-02 3.163450e+01 6.995563e-01 -6.506351e-02 7.116092e-01 2.606595e+01
7.472640e-01 6.319097e-02 -6.615161e-01 -3.828532e+02 5.629520e-04 9.954080e-01 9.572173e-02 3.169038e+01 6.645271e-01 -7.190180e-02 7.437969e-01 2.657854e+01
7.779970e-01 5.848363e-02 -6.255400e-01 -3.832111e+02 1.923117e-03 9.954316e-01 9.545773e-02 3.173918e+01 6.282650e-01 -7.546881e-02 7.743304e-01 2.708456e+01
8.070074e-01 5.685625e-02 -5.877980e-01 -3.835534e+02 6.782346e-04 9.952646e-01 9.720067e-02 3.178279e+01 5.905410e-01 -7.884032e-02 8.031473e-01 2.758274e+01
8.337348e-01 5.185758e-02 -5.497246e-01 -3.838919e+02 1.888123e-03 9.953065e-01 9.675460e-02 3.185257e+01 5.521619e-01 -8.170563e-02 8.297237e-01 2.815963e+01
8.578063e-01 4.082505e-02 -5.123492e-01 -3.842050e+02 7.912465e-03 9.956734e-01 9.258486e-02 3.189190e+01 5.139122e-01 -8.347382e-02 8.537718e-01 2.874577e+01
8.793251e-01 3.194220e-02 -4.751496e-01 -3.844865e+02 1.085458e-02 9.961444e-01 8.705418e-02 3.193747e+01 4.760983e-01 -8.170647e-02 8.755881e-01 2.932458e+01
8.986312e-01 2.610704e-02 -4.379275e-01 -3.847516e+02 1.121531e-02 9.965344e-01 8.242230e-02 3.198342e+01 4.385616e-01 -7.897874e-02 8.952241e-01 2.993309e+01
9.155385e-01 2.330908e-02 -4.015544e-01 -3.850207e+02 9.587101e-03 9.967713e-01 7.971818e-02 3.202359e+01 4.021160e-01 -7.683481e-02 9.123591e-01 3.057081e+01
9.303922e-01 1.930240e-02 -3.660571e-01 -3.852689e+02 9.660066e-03 9.969747e-01 7.712362e-02 3.206987e+01 3.664384e-01 -7.529134e-02 9.273910e-01 3.124920e+01
9.440091e-01 1.844101e-02 -3.294037e-01 -3.855015e+02 7.923548e-03 9.968814e-01 7.851581e-02 3.211439e+01 3.298244e-01 -7.672969e-02 9.409189e-01 3.193572e+01
9.558822e-01 2.086743e-02 -2.930083e-01 -3.857096e+02 3.490647e-03 9.965963e-01 8.236302e-02 3.216010e+01 2.937297e-01 -7.975213e-02 9.525558e-01 3.263932e+01
9.658938e-01 2.150180e-02 -2.580444e-01 -3.858994e+02 3.734153e-04 9.964297e-01 8.442621e-02 3.220054e+01 2.589384e-01 -8.164311e-02 9.624372e-01 3.338985e+01
9.745887e-01 2.767570e-02 -2.222857e-01 -3.862336e+02 -9.171174e-03 9.964361e-01 8.385130e-02 3.214615e+01 2.238141e-01 -7.968191e-02 9.713692e-01 3.422311e+01
9.810793e-01 2.765386e-02 -1.916213e-01 -3.863766e+02 -1.229585e-02 9.966482e-01 8.087804e-02 3.221224e+01 1.932156e-01 -7.699162e-02 9.781309e-01 3.500287e+01
9.859041e-01 3.128261e-02 -1.643606e-01 -3.865144e+02 -1.843461e-02 9.966945e-01 7.912141e-02 3.227645e+01 1.662924e-01 -7.497621e-02 9.832219e-01 3.579570e+01
9.894024e-01 3.386356e-02 -1.411952e-01 -3.866447e+02 -2.287253e-02 9.966318e-01 7.875175e-02 3.233386e+01 1.433864e-01 -7.468769e-02 9.868445e-01 3.660671e+01
9.918122e-01 3.705385e-02 -1.222112e-01 -3.867243e+02 -2.704514e-02 9.962189e-01 8.256233e-02 3.236107e+01 1.248084e-01 -7.858110e-02 9.890641e-01 3.747574e+01
9.937246e-01 4.160790e-02 -1.038273e-01 -3.868273e+02 -3.281158e-02 9.958375e-01 8.503570e-02 3.242357e+01 1.069333e-01 -8.109533e-02 9.909535e-01 3.834318e+01
9.952748e-01 4.593761e-02 -8.554455e-02 -3.869147e+02 -3.847509e-02 9.954713e-01 8.692884e-02 3.248960e+01 8.915044e-02 -8.322674e-02 9.925349e-01 3.920353e+01
9.965909e-01 4.780467e-02 -6.724050e-02 -3.869793e+02 -4.180654e-02 9.952476e-01 8.794507e-02 3.256054e+01 7.112514e-02 -8.483416e-02 9.938533e-01 4.008240e+01
9.976107e-01 4.808364e-02 -4.960779e-02 -3.870370e+02 -4.350756e-02 9.950337e-01 8.952697e-02 3.262317e+01 5.366620e-02 -8.715474e-02 9.947482e-01 4.097869e+01
9.982759e-01 4.817867e-02 -3.352645e-02 -3.870738e+02 -4.497205e-02 9.948725e-01 9.058870e-02 3.269718e+01 3.771898e-02 -8.892476e-02 9.953239e-01 4.190462e+01
9.987313e-01 4.562571e-02 -2.130704e-02 -3.871018e+02 -4.351045e-02 9.949042e-01 9.095357e-02 3.277699e+01 2.534828e-02 -8.991111e-02 9.956272e-01 4.283936e+01
9.989850e-01 4.322821e-02 -1.266417e-02 -3.871094e+02 -4.190525e-02 9.949932e-01 9.073348e-02 3.285480e+01 1.652301e-02 -9.011069e-02 9.957947e-01 4.380126e+01
9.991037e-01 4.186905e-02 -6.223713e-03 -3.871129e+02 -4.114334e-02 9.951192e-01 8.969448e-02 3.293985e+01 9.948759e-03 -8.935803e-02 9.959499e-01 4.479860e+01
9.991522e-01 4.115894e-02 -8.609001e-04 -3.870822e+02 -4.092059e-02 9.952208e-01 8.866218e-02 3.301419e+01 4.506027e-03 -8.855179e-02 9.960614e-01 4.583614e+01
9.991543e-01 4.093038e-02 3.931784e-03 -3.870455e+02 -4.111771e-02 9.952439e-01 8.831181e-02 3.308721e+01 -2.984479e-04 -8.839879e-02 9.960851e-01 4.687815e+01
9.991974e-01 3.937363e-02 7.361466e-03 -3.869794e+02 -3.987545e-02 9.951782e-01 8.961209e-02 3.314069e+01 -3.797618e-03 -8.983371e-02 9.959495e-01 4.797663e+01
9.993564e-01 3.526934e-02 6.546056e-03 -3.868400e+02 -3.573230e-02 9.948289e-01 9.507161e-02 3.313467e+01 -3.159093e-03 -9.524433e-02 9.954489e-01 4.918777e+01
9.993763e-01 3.422160e-02 8.711352e-03 -3.868035e+02 -3.490689e-02 9.946568e-01 9.715678e-02 3.324326e+01 -5.339944e-03 -9.740027e-02 9.952310e-01 5.027979e+01
9.994276e-01 3.236412e-02 9.846658e-03 -3.867774e+02 -3.318740e-02 9.944374e-01 9.996454e-02 3.333586e+01 -6.556620e-03 -1.002341e-01 9.949423e-01 5.135911e+01
9.994666e-01 3.071589e-02 1.109554e-02 -3.867467e+02 -3.169385e-02 9.942142e-01 1.026334e-01 3.343136e+01 -7.878864e-03 -1.029303e-01 9.946574e-01 5.244558e+01
9.995103e-01 2.918958e-02 1.127264e-02 -3.866478e+02 -3.020150e-02 9.941637e-01 1.035687e-01 3.352461e+01 -8.183723e-03 -1.038584e-01 9.945584e-01 5.361947e+01
9.994834e-01 2.921776e-02 1.339190e-02 -3.866483e+02 -3.044669e-02 9.941868e-01 1.032749e-01 3.361610e+01 -1.029659e-02 -1.036293e-01 9.945627e-01 5.467568e+01
9.995041e-01 2.768445e-02 1.500613e-02 -3.866492e+02 -2.909116e-02 9.942073e-01 1.034679e-01 3.370373e+01 -1.205475e-02 -1.038532e-01 9.945196e-01 5.575698e+01
9.994409e-01 2.735555e-02 1.922579e-02 -3.867825e+02 -2.919672e-02 9.942413e-01 1.031105e-01 3.377264e+01 -1.629443e-02 -1.036142e-01 9.944841e-01 5.686577e+01
9.994059e-01 2.618831e-02 2.240432e-02 -3.867892e+02 -2.835838e-02 9.943010e-01 1.027687e-01 3.385570e+01 -1.958530e-02 -1.033430e-01 9.944529e-01 5.791687e+01
9.992168e-01 2.884355e-02 2.708832e-02 -3.869867e+02 -3.144071e-02 9.943960e-01 1.009358e-01 3.400068e+01 -2.402518e-02 -1.017084e-01 9.945241e-01 5.931612e+01
9.991656e-01 2.723114e-02 3.044077e-02 -3.869810e+02 -3.020753e-02 9.943229e-01 1.020270e-01 3.408427e+01 -2.748964e-02 -1.028614e-01 9.943158e-01 6.037015e+01
9.991106e-01 2.522450e-02 3.378864e-02 -3.870258e+02 -2.862396e-02 9.941412e-01 1.042298e-01 3.413542e+01 -3.096154e-02 -1.051043e-01 9.939791e-01 6.127959e+01
9.990897e-01 2.321440e-02 3.578881e-02 -3.869907e+02 -2.684523e-02 9.941563e-01 1.045594e-01 3.423524e+01 -3.315239e-02 -1.054250e-01 9.938745e-01 6.231193e+01
9.990274e-01 2.331343e-02 3.742517e-02 -3.869539e+02 -2.711391e-02 9.941569e-01 1.044838e-01 3.432545e+01 -3.477062e-02 -1.053969e-01 9.938222e-01 6.337033e+01
9.989752e-01 2.273945e-02 3.913385e-02 -3.869218e+02 -2.666772e-02 9.943260e-01 1.029790e-01 3.441763e+01 -3.657012e-02 -1.039171e-01 9.939134e-01 6.436686e+01
9.989351e-01 2.233213e-02 4.037182e-02 -3.868840e+02 -2.637317e-02 9.943826e-01 1.025072e-01 3.450470e+01 -3.785583e-02 -1.034628e-01 9.939127e-01 6.535353e+01
9.988558e-01 2.254194e-02 4.217750e-02 -3.868516e+02 -2.680997e-02 9.942650e-01 1.035298e-01 3.459426e+01 -3.960184e-02 -1.045421e-01 9.937317e-01 6.634705e+01
9.987917e-01 2.240161e-02 4.374117e-02 -3.868204e+02 -2.688538e-02 9.941331e-01 1.047688e-01 3.469002e+01 -4.113756e-02 -1.058182e-01 9.935342e-01 6.735902e+01
9.987049e-01 2.170008e-02 4.601757e-02 -3.868135e+02 -2.646036e-02 9.940674e-01 1.054978e-01 3.477091e+01 -4.345526e-02 -1.065788e-01 9.933542e-01 6.838091e+01
9.986318e-01 2.097470e-02 4.790183e-02 -3.868015e+02 -2.593537e-02 9.940911e-01 1.054055e-01 3.485437e+01 -4.540794e-02 -1.065036e-01 9.932749e-01 6.939264e+01
9.985349e-01 2.052514e-02 5.006738e-02 -3.867879e+02 -2.574761e-02 9.940325e-01 1.060017e-01 3.494577e+01 -4.759291e-02 -1.071355e-01 9.931047e-01 7.037282e+01
9.984554e-01 1.933152e-02 5.208741e-02 -3.867800e+02 -2.479426e-02 9.940184e-01 1.063612e-01 3.502424e+01 -4.971972e-02 -1.074884e-01 9.929623e-01 7.136786e+01
9.983532e-01 1.931215e-02 5.401720e-02 -3.867578e+02 -2.500029e-02 9.939776e-01 1.066934e-01 3.508835e+01 -5.163141e-02 -1.078681e-01 9.928236e-01 7.234021e+01
9.982461e-01 1.997745e-02 5.572836e-02 -3.867222e+02 -2.580485e-02 9.940428e-01 1.058914e-01 3.515666e+01 -5.328093e-02 -1.071437e-01 9.928149e-01 7.329484e+01
9.981040e-01 2.135465e-02 5.772686e-02 -3.866942e+02 -2.731798e-02 9.941420e-01 1.045723e-01 3.523091e+01 -5.515559e-02 -1.059510e-01 9.928405e-01 7.423191e+01
9.979216e-01 2.210625e-02 6.052931e-02 -3.866703e+02 -2.826984e-02 9.942853e-01 1.029446e-01 3.530625e+01 -5.790768e-02 -1.044418e-01 9.928437e-01 7.516227e+01
9.977289e-01 2.283160e-02 6.337026e-02 -3.866260e+02 -2.928212e-02 9.942703e-01 1.028058e-01 3.538653e+01 -6.065995e-02 -1.044280e-01 9.926808e-01 7.607627e+01
9.975165e-01 2.321463e-02 6.649718e-02 -3.865765e+02 -3.007306e-02 9.941152e-01 1.040699e-01 3.545334e+01 -6.368991e-02 -1.058112e-01 9.923445e-01 7.698442e+01
9.973115e-01 2.221730e-02 6.982906e-02 -3.865193e+02 -2.953033e-02 9.939801e-01 1.055060e-01 3.552075e+01 -6.706464e-02 -1.072845e-01 9.919639e-01 7.789104e+01
9.969957e-01 2.202971e-02 7.425839e-02 -3.864620e+02 -2.981128e-02 9.939863e-01 1.053684e-01 3.560575e+01 -7.149058e-02 -1.072656e-01 9.916568e-01 7.879799e+01
9.965525e-01 2.158755e-02 8.010694e-02 -3.864070e+02 -2.998827e-02 9.939993e-01 1.051953e-01 3.568213e+01 -7.735534e-02 -1.072350e-01 9.912199e-01 7.968263e+01
9.959404e-01 2.183949e-02 8.732565e-02 -3.863331e+02 -3.107475e-02 9.938977e-01 1.058382e-01 3.575362e+01 -8.448131e-02 -1.081221e-01 9.905415e-01 8.055735e+01
9.950526e-01 2.156851e-02 9.697982e-02 -3.862522e+02 -3.193895e-02 9.937794e-01 1.066881e-01 3.582670e+01 -9.407544e-02 -1.092577e-01 9.895517e-01 8.139896e+01
9.937740e-01 2.213017e-02 1.091946e-01 -3.861778e+02 -3.387207e-02 9.936950e-01 1.068784e-01 3.589940e+01 -1.061409e-01 -1.099116e-01 9.882578e-01 8.223754e+01
9.921369e-01 2.101312e-02 1.233808e-01 -3.860987e+02 -3.431382e-02 9.937003e-01 1.066881e-01 3.596362e+01 -1.203617e-01 -1.100829e-01 9.866077e-01 8.306688e+01
9.900676e-01 1.952556e-02 1.392294e-01 -3.859812e+02 -3.454701e-02 9.937333e-01 1.063043e-01 3.602313e+01 -1.362812e-01 -1.100584e-01 9.845377e-01 8.386496e+01
9.872805e-01 1.812603e-02 1.579512e-01 -3.858609e+02 -3.535697e-02 9.936330e-01 1.069737e-01 3.607880e+01 -1.550065e-01 -1.111978e-01 9.816354e-01 8.465646e+01
9.838447e-01 1.437312e-02 1.784462e-01 -3.857193e+02 -3.443809e-02 9.933502e-01 1.098605e-01 3.615060e+01 -1.756806e-01 -1.142310e-01 9.777973e-01 8.542308e+01
9.797507e-01 6.143746e-03 2.001271e-01 -3.855510e+02 -2.973133e-02 9.929121e-01 1.150723e-01 3.621546e+01 -1.980016e-01 -1.186922e-01 9.729890e-01 8.618078e+01
9.748056e-01 -5.226679e-03 2.229948e-01 -3.853602e+02 -2.173111e-02 9.927443e-01 1.182645e-01 3.628136e+01 -2.219949e-01 -1.201308e-01 9.676192e-01 8.691795e+01
9.687459e-01 -1.514855e-02 2.475923e-01 -3.851353e+02 -1.497773e-02 9.927402e-01 1.193421e-01 3.635963e+01 -2.476026e-01 -1.193205e-01 9.614861e-01 8.764989e+01
9.612045e-01 -2.729142e-02 2.744835e-01 -3.849079e+02 -5.837755e-03 9.928578e-01 1.191612e-01 3.643419e+01 -2.757751e-01 -1.161406e-01 9.541800e-01 8.835835e+01
9.523395e-01 -4.164882e-02 3.021835e-01 -3.846516e+02 5.207767e-03 9.927107e-01 1.204092e-01 3.650870e+01 -3.049957e-01 -1.130967e-01 9.456145e-01 8.904398e+01
9.418125e-01 -5.396335e-02 3.317787e-01 -3.843726e+02 1.361472e-02 9.923435e-01 1.227555e-01 3.658458e+01 -3.358628e-01 -1.110956e-01 9.353363e-01 8.972709e+01
9.294701e-01 -6.548410e-02 3.630389e-01 -3.840903e+02 2.061906e-02 9.918021e-01 1.261090e-01 3.665557e+01 -3.683208e-01 -1.097290e-01 9.232006e-01 9.037212e+01
9.155609e-01 -7.515005e-02 3.950958e-01 -3.838111e+02 2.557163e-02 9.912770e-01 1.292905e-01 3.672937e+01 -4.013656e-01 -1.082701e-01 9.094962e-01 9.098207e+01
9.000236e-01 -8.383901e-02 4.277015e-01 -3.834980e+02 3.012955e-02 9.909449e-01 1.308448e-01 3.680043e+01 -4.347985e-01 -1.048770e-01 8.943998e-01 9.157940e+01
8.822397e-01 -8.837743e-02 4.624312e-01 -3.831631e+02 3.077591e-02 9.909482e-01 1.306697e-01 3.687314e+01 -4.697936e-01 -1.010502e-01 8.769737e-01 9.217693e+01
8.619089e-01 -9.196831e-02 4.986530e-01 -3.828234e+02 3.062828e-02 9.910612e-01 1.298447e-01 3.695384e+01 -5.061373e-01 -9.664140e-02 8.570213e-01 9.274707e+01
8.391806e-01 -9.232748e-02 5.359586e-01 -3.824743e+02 2.898758e-02 9.916770e-01 1.254448e-01 3.702322e+01 -5.430798e-01 -8.973471e-02 8.348724e-01 9.329906e+01
8.131621e-01 -9.438843e-02 5.743329e-01 -3.820973e+02 3.074640e-02 9.923513e-01 1.195555e-01 3.708640e+01 -5.812246e-01 -7.955937e-02 8.098446e-01 9.381204e+01
7.824708e-01 -9.940767e-02 6.147012e-01 -3.816814e+02 3.360772e-02 9.924779e-01 1.177204e-01 3.714721e+01 -6.217796e-01 -7.145406e-02 7.799259e-01 9.430645e+01
7.483143e-01 -1.052168e-01 6.549467e-01 -3.812429e+02 3.562196e-02 9.922897e-01 1.187106e-01 3.720120e+01 -6.623872e-01 -6.550236e-02 7.462926e-01 9.476849e+01
7.121201e-01 -1.123194e-01 6.930147e-01 -3.807869e+02 4.024841e-02 9.920273e-01 1.194235e-01 3.727788e+01 -7.009031e-01 -5.715112e-02 7.109632e-01 9.520577e+01
6.740595e-01 -1.145191e-01 7.297460e-01 -3.803103e+02 3.936090e-02 9.920742e-01 1.193290e-01 3.733588e+01 -7.376276e-01 -5.171141e-02 6.732246e-01 9.561963e+01
6.345461e-01 -1.177586e-01 7.638613e-01 -3.798172e+02 4.010555e-02 9.920100e-01 1.196144e-01 3.739614e+01 -7.718437e-01 -4.526580e-02 6.341989e-01 9.600997e+01
5.942573e-01 -1.153383e-01 7.959619e-01 -3.792875e+02 3.784204e-02 9.925775e-01 1.155762e-01 3.745059e+01 -8.033842e-01 -3.856119e-02 5.942111e-01 9.638563e+01
5.521071e-01 -1.159806e-01 8.256672e-01 -3.787373e+02 3.959126e-02 9.928076e-01 1.129847e-01 3.751181e+01 -8.328327e-01 -2.969047e-02 5.527280e-01 9.672260e+01
5.092358e-01 -1.139260e-01 8.530532e-01 -3.782059e+02 3.921122e-02 9.932416e-01 1.092409e-01 3.755794e+01 -8.597333e-01 -2.218010e-02 5.102614e-01 9.702742e+01
4.671199e-01 -1.145063e-01 8.767481e-01 -3.776525e+02 4.256766e-02 9.933415e-01 1.070543e-01 3.762155e+01 -8.831687e-01 -1.268607e-02 4.688839e-01 9.729737e+01
